c random_100_1485
100 1485
1 2
1 3
1 4
1 7
1 10
1 13
1 14
1 20
1 21
1 23
1 24
1 25
1 26
1 29
1 30
1 31
1 40
1 41
1 46
1 49
1 52
1 55
1 64
1 67
1 69
1 70
1 75
1 85
1 92
1 94
1 98
2 4
2 12
2 13
2 15
2 19
2 27
2 30
2 31
2 32
2 36
2 37
2 38
2 41
2 44
2 45
2 46
2 50
2 51
2 52
2 55
2 56
2 59
2 66
2 70
2 72
2 83
2 92
2 94
2 98
2 99
2 100
3 7
3 9
3 10
3 13
3 14
3 17
3 18
3 19
3 23
3 27
3 28
3 37
3 39
3 42
3 52
3 53
3 56
3 62
3 65
3 67
3 75
3 79
3 83
3 85
3 92
3 93
3 96
3 98
4 5
4 10
4 11
4 12
4 20
4 22
4 24
4 27
4 29
4 30
4 32
4 33
4 35
4 36
4 38
4 40
4 42
4 43
4 47
4 50
4 52
4 54
4 58
4 59
4 62
4 64
4 68
4 72
4 73
4 85
4 86
4 91
4 94
4 96
4 97
4 99
5 6
5 7
5 8
5 9
5 12
5 15
5 19
5 20
5 26
5 28
5 30
5 35
5 39
5 42
5 43
5 47
5 50
5 62
5 65
5 66
5 71
5 77
5 79
5 81
5 85
5 88
5 89
5 92
5 93
5 97
5 98
5 99
5 100
6 7
6 8
6 40
6 42
6 43
6 46
6 48
6 53
6 58
6 60
6 67
6 68
6 70
6 73
6 74
6 75
6 77
6 79
6 86
6 87
6 89
6 90
6 91
6 93
6 94
7 11
7 12
7 18
7 20
7 27
7 31
7 43
7 48
7 50
7 51
7 53
7 55
7 58
7 67
7 68
7 89
7 91
7 98
7 99
8 11
8 17
8 22
8 23
8 27
8 28
8 29
8 31
8 32
8 34
8 35
8 36
8 37
8 41
8 42
8 44
8 46
8 48
8 49
8 52
8 58
8 64
8 65
8 70
8 71
8 76
8 77
8 80
8 81
8 87
8 88
8 92
8 98
9 16
9 22
9 23
9 24
9 28
9 34
9 36
9 37
9 39
9 44
9 50
9 53
9 56
9 58
9 59
9 61
9 70
9 71
9 78
9 80
9 85
9 86
9 89
9 93
9 98
9 99
9 100
10 11
10 12
10 17
10 23
10 26
10 28
10 31
10 32
10 33
10 39
10 55
10 59
10 61
10 63
10 69
10 71
10 78
10 79
10 81
10 84
10 88
10 89
10 98
11 28
11 29
11 31
11 33
11 39
11 41
11 42
11 43
11 44
11 49
11 50
11 51
11 54
11 55
11 57
11 62
11 63
11 70
11 71
11 72
11 74
11 78
11 79
11 87
11 88
11 89
11 90
11 91
11 95
11 96
11 100
12 15
12 17
12 18
12 19
12 21
12 23
12 24
12 28
12 30
12 31
12 33
12 34
12 35
12 39
12 41
12 43
12 46
12 49
12 54
12 57
12 63
12 65
12 66
12 68
12 70
12 78
12 80
13 16
13 18
13 20
13 23
13 25
13 27
13 30
13 31
13 32
13 34
13 36
13 37
13 47
13 48
13 52
13 53
13 54
13 56
13 57
13 59
13 60
13 61
13 66
13 69
13 72
13 75
13 77
13 80
13 81
13 89
13 92
13 98
14 15
14 20
14 29
14 35
14 38
14 41
14 42
14 45
14 49
14 51
14 57
14 58
14 59
14 62
14 63
14 64
14 65
14 70
14 71
14 73
14 74
14 81
14 86
14 89
14 90
14 94
14 95
14 97
14 98
14 99
14 100
15 17
15 19
15 20
15 25
15 26
15 30
15 39
15 40
15 55
15 57
15 65
15 67
15 69
15 76
15 79
15 88
15 89
15 90
15 92
15 93
15 94
15 99
16 17
16 18
16 20
16 26
16 27
16 34
16 35
16 39
16 40
16 41
16 43
16 44
16 47
16 48
16 49
16 53
16 54
16 55
16 56
16 60
16 62
16 63
16 69
16 70
16 71
16 76
16 78
16 79
16 84
16 86
16 87
16 89
16 92
16 97
17 20
17 21
17 23
17 27
17 33
17 35
17 41
17 43
17 60
17 65
17 67
17 69
17 70
17 75
17 78
17 79
17 80
17 85
17 88
17 89
17 100
18 23
18 25
18 26
18 27
18 31
18 33
18 34
18 36
18 40
18 41
18 46
18 49
18 51
18 59
18 61
18 62
18 66
18 67
18 72
18 75
18 76
18 78
18 80
18 83
18 84
18 86
18 88
18 92
18 94
18 99
19 28
19 32
19 33
19 34
19 36
19 45
19 47
19 50
19 52
19 55
19 57
19 58
19 59
19 63
19 64
19 65
19 70
19 77
19 78
19 84
19 87
19 91
19 96
19 97
19 98
19 99
19 100
20 23
20 26
20 34
20 40
20 41
20 46
20 48
20 49
20 52
20 53
20 57
20 59
20 61
20 64
20 67
20 78
20 79
20 86
20 88
20 90
20 91
20 94
20 100
21 24
21 31
21 43
21 44
21 46
21 51
21 56
21 68
21 73
21 81
21 82
21 86
21 88
21 94
21 97
22 25
22 26
22 33
22 42
22 43
22 50
22 60
22 61
22 64
22 65
22 66
22 70
22 75
22 86
22 87
22 91
22 92
22 96
22 97
22 100
23 26
23 30
23 31
23 32
23 40
23 41
23 43
23 48
23 52
23 55
23 57
23 58
23 62
23 66
23 74
23 75
23 77
23 97
23 99
23 100
24 25
24 26
24 27
24 28
24 31
24 34
24 37
24 42
24 43
24 45
24 52
24 53
24 56
24 59
24 68
24 70
24 71
24 72
24 73
24 79
24 83
24 90
24 92
24 93
24 97
24 98
24 99
25 26
25 27
25 33
25 38
25 44
25 46
25 51
25 56
25 57
25 58
25 66
25 67
25 78
25 82
25 83
25 85
25 86
25 96
25 98
25 99
26 27
26 28
26 29
26 30
26 34
26 38
26 43
26 49
26 52
26 59
26 61
26 69
26 72
26 77
26 78
26 85
26 86
26 89
26 91
26 93
26 96
26 97
26 99
27 29
27 35
27 44
27 47
27 49
27 54
27 56
27 59
27 60
27 70
27 75
27 76
27 79
27 89
27 90
27 93
27 95
27 99
28 36
28 39
28 42
28 47
28 50
28 51
28 58
28 64
28 66
28 71
28 75
28 78
28 80
28 88
28 92
28 95
28 96
29 37
29 43
29 54
29 57
29 60
29 62
29 63
29 67
29 69
29 74
29 75
29 81
29 82
29 83
29 97
29 100
30 40
30 49
30 51
30 52
30 53
30 54
30 55
30 62
30 64
30 66
30 68
30 69
30 70
30 71
30 76
30 77
30 78
30 79
30 80
30 83
30 88
30 89
30 92
30 97
31 34
31 39
31 40
31 45
31 51
31 55
31 59
31 69
31 71
31 72
31 75
31 77
31 78
31 80
31 82
31 84
31 85
31 88
31 89
31 91
32 34
32 35
32 38
32 39
32 44
32 45
32 46
32 47
32 50
32 51
32 53
32 56
32 59
32 62
32 69
32 79
32 80
32 81
32 84
32 86
32 88
32 89
32 91
32 99
32 100
33 38
33 39
33 41
33 43
33 49
33 50
33 55
33 57
33 61
33 65
33 66
33 70
33 84
33 94
33 97
33 99
33 100
34 37
34 39
34 50
34 57
34 59
34 73
34 76
34 77
34 78
34 79
34 81
34 84
34 89
34 96
34 97
34 98
35 38
35 40
35 47
35 56
35 57
35 64
35 67
35 69
35 71
35 72
35 74
35 83
35 90
35 92
35 97
35 98
35 99
36 40
36 41
36 42
36 48
36 51
36 52
36 55
36 57
36 70
36 81
36 86
36 87
36 99
37 39
37 42
37 50
37 54
37 56
37 58
37 60
37 61
37 64
37 65
37 68
37 69
37 70
37 71
37 77
37 79
37 81
37 82
37 83
37 84
37 86
37 91
37 93
37 94
37 95
37 96
37 97
37 98
37 99
38 43
38 45
38 46
38 47
38 48
38 50
38 51
38 52
38 54
38 55
38 58
38 62
38 63
38 65
38 67
38 72
38 76
38 77
38 82
38 85
38 88
38 92
38 94
38 97
39 43
39 46
39 52
39 60
39 62
39 63
39 66
39 68
39 69
39 70
39 72
39 75
39 76
39 82
39 88
39 89
39 93
39 95
39 97
39 99
39 100
40 42
40 45
40 48
40 51
40 52
40 54
40 61
40 66
40 67
40 68
40 72
40 73
40 75
40 81
40 84
40 85
40 87
40 90
40 91
40 92
40 94
40 98
40 100
41 42
41 43
41 45
41 48
41 49
41 50
41 52
41 55
41 58
41 63
41 68
41 74
41 80
41 83
41 87
41 94
41 99
42 50
42 55
42 60
42 66
42 76
42 81
42 83
42 84
42 88
42 89
42 92
42 93
42 97
42 98
42 100
43 48
43 56
43 58
43 60
43 62
43 63
43 67
43 73
43 74
43 75
43 78
43 79
43 82
43 87
43 89
43 90
44 47
44 51
44 57
44 58
44 62
44 63
44 64
44 65
44 67
44 69
44 70
44 71
44 74
44 76
44 78
44 79
44 83
44 88
44 89
44 93
44 95
44 98
45 46
45 47
45 48
45 49
45 58
45 59
45 60
45 65
45 74
45 77
45 83
45 88
45 92
45 94
46 47
46 48
46 49
46 52
46 57
46 58
46 60
46 71
46 72
46 73
46 76
46 86
46 87
46 96
46 97
46 98
46 100
47 49
47 55
47 58
47 77
47 90
47 96
48 49
48 51
48 52
48 55
48 56
48 63
48 65
48 67
48 68
48 74
48 76
48 81
48 85
48 87
48 89
48 95
48 97
49 50
49 53
49 64
49 65
49 67
49 69
49 70
49 71
49 72
49 75
49 78
49 80
49 84
49 89
49 90
49 93
50 51
50 54
50 55
50 59
50 61
50 63
50 64
50 65
50 69
50 70
50 72
50 73
50 79
50 81
50 83
50 84
50 85
50 89
50 92
50 94
50 97
50 98
51 54
51 58
51 59
51 62
51 63
51 66
51 78
51 82
51 83
51 84
51 99
51 100
52 55
52 56
52 57
52 59
52 61
52 64
52 68
52 69
52 70
52 71
52 79
52 85
52 91
52 97
52 98
53 55
53 59
53 61
53 62
53 63
53 68
53 69
53 73
53 78
53 79
53 83
53 89
53 93
53 95
53 97
53 99
54 60
54 61
54 64
54 69
54 75
54 79
54 87
54 97
54 99
55 56
55 58
55 63
55 71
55 74
55 75
55 77
55 79
55 82
55 84
55 94
55 97
55 99
56 59
56 65
56 67
56 73
56 79
56 80
56 82
56 90
56 91
56 93
56 95
56 100
57 69
57 70
57 79
57 84
57 88
57 89
57 90
57 91
57 93
57 95
57 98
57 100
58 61
58 63
58 66
58 70
58 73
58 74
58 83
58 84
58 85
58 95
59 62
59 63
59 67
59 68
59 74
59 78
59 79
59 80
59 82
59 83
59 86
59 88
59 90
59 94
59 96
59 98
59 99
60 64
60 65
60 66
60 76
60 78
60 79
60 88
60 91
60 95
61 64
61 70
61 77
61 83
61 85
61 89
61 93
61 96
61 98
62 64
62 69
62 75
62 77
62 81
62 82
62 84
62 87
62 90
62 91
62 96
63 66
63 67
63 68
63 69
63 70
63 71
63 76
63 77
63 79
63 87
63 95
63 98
63 99
63 100
64 66
64 67
64 82
64 92
64 95
64 98
64 99
65 70
65 75
65 77
65 80
65 82
65 84
65 86
65 87
65 92
65 93
65 94
65 95
66 69
66 73
66 75
66 79
66 89
66 95
66 96
67 68
67 70
67 71
67 79
67 80
67 83
67 87
67 89
67 95
67 97
67 99
68 70
68 78
68 83
68 89
68 91
68 92
68 93
69 70
69 73
69 76
69 79
69 82
69 85
69 86
69 87
69 88
69 94
69 100
70 73
70 78
70 79
70 80
70 84
70 97
70 100
71 76
71 81
71 83
71 90
71 92
71 94
71 95
71 97
71 99
72 78
72 79
72 83
72 86
72 88
73 82
73 85
73 88
73 89
73 90
73 92
73 94
73 96
73 98
73 100
74 80
74 83
74 84
74 86
74 89
74 91
74 93
74 95
74 100
75 78
75 81
75 82
75 85
75 87
75 88
75 89
75 92
75 96
75 97
75 98
75 99
75 100
76 77
76 81
76 82
76 83
76 87
76 88
76 90
76 92
76 96
76 97
76 98
77 78
77 81
77 82
77 84
77 88
77 89
77 97
77 99
77 100
78 91
78 97
78 100
79 82
79 85
79 90
79 91
79 92
79 93
79 97
79 98
80 83
80 86
80 87
80 88
80 100
81 82
81 86
81 87
81 89
81 92
82 86
82 89
82 92
82 98
82 100
83 85
84 86
84 89
84 94
85 86
85 87
85 88
85 89
85 90
85 97
86 87
86 91
86 95
87 90
87 95
87 96
87 97
88 92
88 96
88 97
88 100
89 90
89 91
89 97
90 91
90 92
90 96
90 97
91 93
91 95
91 99
91 100
92 96
92 97
92 99
92 100
93 96
94 95
94 97
95 97
99 100
