c random_100_495
100 495
1 14
1 17
1 36
1 40
1 42
1 50
1 55
1 72
1 74
1 79
1 81
1 84
2 7
2 8
2 18
2 21
2 24
2 25
2 27
2 41
2 43
2 64
2 92
2 93
2 96
3 13
3 21
3 24
3 38
3 43
3 83
3 84
3 86
3 87
4 10
4 13
4 21
4 28
4 29
4 34
4 39
4 43
4 67
4 79
4 80
4 81
4 82
4 89
5 14
5 15
5 16
5 21
5 27
5 32
5 35
5 38
5 46
5 68
5 80
5 87
6 8
6 9
6 18
6 22
6 26
6 37
6 38
6 39
6 54
6 62
6 63
6 65
6 69
6 82
6 97
7 28
7 32
7 34
7 49
7 51
7 53
7 54
7 83
8 19
8 33
8 41
8 50
8 52
8 64
8 83
8 84
8 91
8 97
9 15
9 22
9 54
9 72
9 75
9 76
9 83
9 92
9 98
10 23
10 32
10 42
10 48
10 53
10 57
10 59
11 13
11 14
11 31
11 36
11 45
11 52
11 61
11 66
11 71
11 81
11 88
11 94
12 29
12 30
12 35
12 38
12 57
12 76
12 81
12 84
12 100
13 27
13 32
13 33
13 34
13 58
13 63
13 67
13 81
13 94
14 35
14 41
14 77
14 78
14 84
14 85
14 99
15 17
15 24
15 28
15 36
15 43
15 49
15 58
15 68
15 78
15 93
16 20
16 27
16 28
16 32
16 38
16 39
16 51
16 64
16 65
16 66
16 75
16 78
16 79
16 82
16 86
16 88
16 100
17 18
17 28
17 33
17 36
17 41
17 44
17 72
17 91
18 28
18 38
18 45
18 46
18 48
18 53
18 72
18 93
19 20
19 31
19 52
19 55
19 62
19 71
19 93
20 24
20 31
20 34
20 35
20 38
20 50
20 68
20 70
20 74
20 81
21 43
21 49
21 52
21 58
21 78
21 83
21 89
22 29
22 38
22 39
22 49
22 61
22 65
22 77
22 94
23 26
23 62
23 65
23 71
24 63
24 64
24 83
24 85
24 93
25 32
25 35
25 53
25 60
25 74
25 91
25 99
26 27
26 37
26 41
26 43
26 48
26 58
26 60
26 67
26 98
27 47
27 88
27 90
27 93
27 95
27 98
27 100
28 61
28 67
28 68
28 90
29 42
29 48
29 59
29 86
29 95
30 44
30 54
30 58
30 70
30 75
30 94
30 96
30 97
30 99
31 39
31 49
31 57
31 66
31 71
31 75
31 83
31 86
31 98
32 34
32 35
32 50
32 63
32 66
32 74
32 75
32 90
33 37
33 79
34 58
34 64
34 68
34 75
34 96
35 37
35 62
35 69
35 71
35 72
35 97
36 45
36 75
36 90
37 48
37 52
37 62
37 71
37 74
37 79
37 89
37 92
37 100
38 43
38 47
38 52
38 64
38 66
38 71
38 79
38 83
38 89
38 90
39 57
39 65
39 99
40 43
40 52
40 56
40 71
40 86
40 89
40 91
41 70
41 72
41 79
41 84
42 46
42 47
42 53
42 69
42 72
42 83
42 89
42 99
43 46
43 51
43 52
43 79
43 80
43 94
44 61
45 54
45 55
45 63
45 80
45 88
45 96
46 59
46 60
46 62
46 63
46 78
47 50
47 57
47 61
47 62
47 69
47 75
47 83
47 94
48 56
48 68
48 69
49 61
49 69
49 74
49 84
49 86
49 88
49 96
49 97
50 63
50 73
50 79
50 97
51 53
51 65
51 75
51 83
51 84
51 88
51 90
52 61
52 91
53 59
53 61
53 96
53 99
54 57
54 65
54 81
54 85
54 88
55 64
55 71
55 95
56 65
56 90
57 67
57 68
57 73
57 82
57 85
57 100
58 63
58 68
58 70
58 74
58 81
58 91
58 92
58 94
59 84
59 85
59 99
60 68
60 69
60 88
61 70
61 72
62 72
62 78
62 86
62 92
62 100
63 68
63 76
63 77
63 80
63 84
64 65
64 96
65 67
65 74
65 76
65 93
65 98
66 96
67 71
67 75
67 90
68 75
68 76
68 80
68 93
68 94
68 95
68 97
69 83
69 99
70 78
71 73
71 87
71 94
71 96
72 84
72 91
73 97
74 99
75 81
75 87
75 89
75 91
76 83
76 95
76 97
78 83
79 89
80 96
81 83
81 90
81 97
81 100
82 100
85 86
85 88
87 88
87 89
87 96
89 91
89 96
91 93
92 96
93 94
