c random_100_495
100 495
1 12
1 46
1 49
1 51
1 55
1 60
1 67
1 72
1 74
1 79
1 86
1 91
1 92
2 10
2 31
2 49
2 68
2 70
2 79
2 85
2 92
2 94
3 6
3 8
3 23
3 43
3 51
3 52
3 62
3 69
3 85
3 93
4 5
4 12
4 15
4 41
4 51
4 57
4 58
4 59
4 62
4 63
4 69
4 78
4 98
5 28
5 35
5 45
5 53
5 63
5 64
5 72
5 78
5 83
6 11
6 24
6 46
6 50
6 60
6 64
6 66
6 67
6 73
6 92
6 97
6 98
7 13
7 16
7 31
7 38
7 44
7 45
7 58
7 69
7 73
7 77
7 79
7 82
7 83
8 34
8 35
8 36
8 43
8 44
8 49
8 54
8 79
8 100
9 11
9 27
9 35
9 79
9 89
10 17
10 18
10 20
10 23
10 31
10 34
10 59
10 77
10 82
10 85
10 97
11 23
11 25
11 30
11 33
11 66
11 71
11 77
11 99
12 16
12 19
12 25
12 46
12 88
12 97
13 20
13 29
13 41
13 56
13 59
13 74
13 95
13 97
14 18
14 33
14 39
14 40
14 43
14 44
14 67
14 75
14 92
14 100
15 20
15 22
15 35
15 50
15 59
15 73
15 80
15 81
15 86
15 88
15 97
16 17
16 32
16 42
16 47
16 56
16 77
16 87
16 92
17 42
17 62
17 67
17 75
17 79
17 84
17 85
17 91
17 96
17 99
18 23
18 29
18 46
18 52
18 57
18 69
18 83
19 21
19 32
19 33
19 37
19 38
19 50
19 63
19 64
20 24
20 44
20 47
20 51
20 53
20 63
20 93
21 24
21 28
21 31
21 46
21 63
21 77
22 23
22 28
22 29
22 52
22 64
22 77
22 84
22 85
22 95
23 32
23 33
23 43
23 55
23 57
23 63
23 92
23 97
23 99
24 30
24 53
24 57
24 67
24 68
24 77
24 89
24 94
25 38
25 40
25 42
25 43
25 44
25 51
25 55
25 56
25 76
25 80
25 94
26 47
26 50
26 56
26 62
26 95
27 65
27 68
27 71
27 74
27 76
27 77
27 99
28 60
28 95
28 96
29 86
29 90
29 95
29 96
30 37
30 57
30 64
30 67
30 68
30 81
30 85
30 90
30 93
31 46
31 49
31 50
31 52
31 75
31 84
31 85
31 93
31 94
32 43
32 48
32 52
32 53
32 60
32 67
32 69
32 75
32 91
32 97
33 44
33 62
33 68
33 85
33 87
33 88
33 92
34 37
34 39
34 62
34 71
34 82
34 84
35 37
35 40
35 49
35 50
35 52
35 60
35 64
35 72
35 74
35 76
35 80
35 81
35 89
35 100
36 50
36 55
36 57
36 62
36 71
36 72
36 82
37 43
37 47
37 48
37 54
37 91
38 57
38 66
38 73
38 74
38 85
38 93
39 41
39 77
39 81
39 88
39 99
40 54
40 55
40 66
40 93
40 97
41 47
41 56
41 70
41 81
41 83
42 51
42 60
42 61
42 68
42 72
42 76
42 77
42 79
43 61
43 69
43 74
43 89
43 96
43 98
44 50
44 76
44 82
44 85
44 97
45 56
45 74
45 91
45 96
46 55
46 65
46 77
46 80
46 81
46 88
47 49
47 62
47 68
47 90
47 99
48 49
48 53
48 58
48 61
48 78
48 88
48 95
48 100
49 81
49 98
49 100
50 87
51 66
51 70
51 86
51 89
52 54
52 89
52 97
53 54
53 76
53 79
53 92
54 84
54 98
54 100
55 60
55 69
55 72
55 85
55 88
55 90
55 91
56 74
56 75
56 79
56 80
56 91
56 94
57 80
57 87
57 88
57 90
58 64
58 67
58 86
58 98
58 99
59 63
59 78
59 86
59 90
59 96
60 62
60 68
60 82
60 93
60 97
61 84
61 95
62 100
63 66
63 69
63 73
63 80
64 66
64 77
65 86
66 80
66 82
66 85
66 95
67 84
68 69
68 82
69 71
69 78
69 95
70 71
70 77
71 77
71 82
71 85
71 91
72 75
72 79
72 97
72 98
73 82
73 94
74 82
74 86
74 87
74 88
75 88
75 90
76 88
77 79
77 80
77 89
77 91
77 98
77 100
79 96
80 91
80 97
80 98
81 84
81 89
81 90
81 98
82 86
82 99
84 85
84 92
85 93
85 100
86 91
86 96
88 92
88 97
90 96
91 94
93 99
