c random_100_2475
100 2475
1 3
1 4
1 5
1 6
1 7
1 8
1 9
1 10
1 16
1 18
1 21
1 23
1 25
1 26
1 27
1 28
1 29
1 30
1 31
1 35
1 37
1 38
1 39
1 41
1 42
1 43
1 46
1 47
1 48
1 49
1 50
1 51
1 53
1 54
1 55
1 59
1 60
1 61
1 65
1 68
1 69
1 70
1 74
1 77
1 78
1 80
1 81
1 82
1 83
1 84
1 85
1 94
1 96
1 97
1 98
1 100
2 4
2 5
2 6
2 7
2 10
2 12
2 13
2 15
2 16
2 17
2 18
2 23
2 24
2 26
2 27
2 28
2 32
2 33
2 35
2 36
2 37
2 40
2 43
2 44
2 45
2 48
2 50
2 53
2 55
2 56
2 60
2 62
2 66
2 67
2 69
2 71
2 76
2 77
2 81
2 84
2 85
2 86
2 87
2 89
2 93
2 94
2 96
2 98
2 100
3 4
3 5
3 7
3 10
3 11
3 14
3 17
3 18
3 20
3 21
3 23
3 24
3 25
3 26
3 27
3 28
3 32
3 33
3 34
3 35
3 36
3 37
3 40
3 41
3 44
3 45
3 47
3 48
3 51
3 53
3 54
3 57
3 59
3 60
3 62
3 64
3 67
3 69
3 70
3 74
3 75
3 77
3 79
3 80
3 81
3 84
3 85
3 89
3 90
3 92
3 93
3 94
3 96
3 98
3 99
4 6
4 8
4 12
4 13
4 15
4 16
4 18
4 19
4 22
4 23
4 25
4 26
4 29
4 31
4 43
4 44
4 45
4 46
4 47
4 49
4 50
4 54
4 55
4 57
4 58
4 60
4 61
4 62
4 63
4 64
4 66
4 68
4 69
4 74
4 76
4 77
4 78
4 80
4 84
4 89
4 90
4 93
4 95
4 97
5 6
5 9
5 11
5 12
5 14
5 16
5 17
5 19
5 20
5 24
5 25
5 27
5 28
5 30
5 31
5 32
5 36
5 38
5 39
5 41
5 43
5 44
5 45
5 46
5 48
5 51
5 54
5 55
5 57
5 61
5 62
5 63
5 64
5 67
5 68
5 69
5 71
5 72
5 74
5 75
5 76
5 78
5 80
5 83
5 84
5 87
5 88
5 89
5 96
5 97
6 12
6 17
6 18
6 21
6 26
6 27
6 30
6 31
6 32
6 34
6 36
6 37
6 38
6 41
6 42
6 44
6 45
6 49
6 50
6 52
6 53
6 54
6 55
6 56
6 57
6 59
6 60
6 62
6 64
6 66
6 68
6 69
6 70
6 71
6 72
6 75
6 78
6 79
6 80
6 81
6 83
6 84
6 88
6 90
6 92
6 93
6 94
6 96
6 98
6 100
7 8
7 9
7 11
7 12
7 17
7 18
7 19
7 20
7 23
7 24
7 25
7 29
7 31
7 39
7 40
7 41
7 46
7 51
7 53
7 57
7 59
7 63
7 64
7 65
7 66
7 71
7 72
7 77
7 80
7 81
7 82
7 84
7 85
7 86
7 88
7 89
7 93
7 95
7 97
7 98
8 10
8 12
8 13
8 14
8 15
8 16
8 17
8 23
8 25
8 28
8 29
8 31
8 32
8 33
8 36
8 38
8 39
8 42
8 43
8 45
8 46
8 48
8 51
8 54
8 57
8 59
8 63
8 64
8 65
8 66
8 68
8 70
8 72
8 75
8 77
8 79
8 81
8 83
8 84
8 88
8 89
8 94
8 97
8 99
8 100
9 10
9 12
9 13
9 15
9 18
9 20
9 21
9 27
9 28
9 29
9 30
9 31
9 32
9 35
9 37
9 40
9 41
9 42
9 43
9 44
9 48
9 50
9 55
9 58
9 59
9 64
9 65
9 67
9 68
9 69
9 71
9 73
9 76
9 78
9 81
9 83
9 86
9 89
9 90
9 91
9 93
9 94
9 95
9 96
9 99
9 100
10 13
10 14
10 17
10 20
10 21
10 25
10 26
10 27
10 28
10 29
10 31
10 32
10 33
10 34
10 35
10 38
10 39
10 43
10 44
10 47
10 48
10 50
10 51
10 58
10 60
10 63
10 64
10 66
10 70
10 73
10 75
10 77
10 78
10 79
10 85
10 86
10 87
10 89
10 91
10 94
10 95
10 97
10 98
10 99
11 12
11 14
11 17
11 18
11 23
11 24
11 26
11 27
11 28
11 34
11 35
11 39
11 42
11 46
11 51
11 53
11 54
11 59
11 60
11 61
11 62
11 65
11 66
11 67
11 68
11 70
11 71
11 72
11 74
11 75
11 76
11 77
11 79
11 80
11 82
11 84
11 86
11 88
11 90
11 94
11 96
11 97
12 15
12 18
12 19
12 20
12 21
12 27
12 28
12 29
12 31
12 33
12 34
12 35
12 38
12 40
12 43
12 44
12 45
12 46
12 47
12 48
12 49
12 50
12 52
12 53
12 56
12 57
12 58
12 61
12 67
12 71
12 72
12 75
12 77
12 78
12 79
12 80
12 81
12 84
12 85
12 86
12 87
12 89
12 93
12 95
13 14
13 17
13 18
13 19
13 20
13 22
13 23
13 24
13 25
13 26
13 29
13 31
13 33
13 34
13 36
13 39
13 40
13 41
13 42
13 44
13 48
13 49
13 50
13 51
13 52
13 55
13 58
13 63
13 64
13 67
13 68
13 69
13 72
13 73
13 74
13 75
13 76
13 79
13 81
13 83
13 87
13 88
13 91
13 92
13 93
13 98
13 99
14 15
14 16
14 18
14 21
14 23
14 24
14 25
14 26
14 27
14 28
14 33
14 34
14 35
14 36
14 37
14 39
14 41
14 42
14 46
14 52
14 54
14 55
14 56
14 58
14 59
14 60
14 61
14 64
14 65
14 67
14 69
14 70
14 73
14 75
14 76
14 77
14 80
14 81
14 82
14 83
14 85
14 87
14 88
14 90
14 94
14 97
14 98
14 99
15 16
15 19
15 20
15 22
15 24
15 25
15 26
15 28
15 29
15 30
15 31
15 32
15 33
15 36
15 40
15 43
15 44
15 45
15 46
15 47
15 49
15 50
15 52
15 53
15 56
15 57
15 59
15 60
15 61
15 66
15 68
15 70
15 71
15 72
15 74
15 77
15 78
15 80
15 81
15 83
15 84
15 85
15 86
15 87
15 88
15 89
15 90
15 93
15 94
15 96
15 97
15 98
15 99
15 100
16 19
16 20
16 22
16 23
16 27
16 29
16 30
16 32
16 33
16 35
16 37
16 39
16 40
16 44
16 46
16 47
16 49
16 51
16 52
16 54
16 56
16 58
16 59
16 60
16 72
16 73
16 74
16 79
16 81
16 83
16 89
16 90
16 91
16 92
16 93
16 94
16 95
16 96
16 99
17 21
17 26
17 27
17 30
17 31
17 32
17 33
17 34
17 37
17 38
17 39
17 40
17 41
17 44
17 47
17 48
17 52
17 55
17 56
17 61
17 63
17 65
17 66
17 71
17 74
17 75
17 76
17 78
17 81
17 83
17 84
17 85
17 88
17 93
17 94
17 95
17 96
17 98
17 99
18 19
18 20
18 24
18 25
18 26
18 27
18 29
18 30
18 33
18 34
18 39
18 40
18 41
18 42
18 43
18 44
18 45
18 48
18 59
18 60
18 62
18 67
18 69
18 70
18 71
18 72
18 73
18 75
18 76
18 77
18 78
18 84
18 85
18 86
18 89
18 93
18 94
18 95
18 96
18 97
18 98
18 99
19 24
19 29
19 30
19 31
19 33
19 35
19 37
19 38
19 40
19 42
19 45
19 49
19 52
19 53
19 54
19 56
19 58
19 60
19 62
19 65
19 66
19 67
19 68
19 72
19 75
19 78
19 79
19 81
19 83
19 85
19 87
19 88
19 90
19 96
19 97
19 98
19 99
20 21
20 22
20 23
20 26
20 27
20 31
20 36
20 37
20 39
20 40
20 42
20 43
20 44
20 48
20 50
20 51
20 54
20 55
20 56
20 62
20 63
20 67
20 68
20 69
20 70
20 74
20 75
20 77
20 80
20 81
20 82
20 84
20 85
20 86
20 87
20 90
20 93
20 95
20 96
20 97
20 100
21 22
21 25
21 26
21 29
21 33
21 37
21 40
21 44
21 49
21 50
21 53
21 56
21 57
21 59
21 60
21 61
21 63
21 64
21 67
21 68
21 69
21 75
21 76
21 77
21 79
21 80
21 83
21 85
21 86
21 89
21 90
21 91
21 92
21 93
21 95
21 97
21 100
22 23
22 24
22 25
22 26
22 29
22 35
22 36
22 37
22 38
22 40
22 41
22 43
22 45
22 49
22 50
22 51
22 52
22 55
22 57
22 59
22 60
22 61
22 62
22 64
22 67
22 69
22 74
22 76
22 77
22 79
22 80
22 82
22 83
22 86
22 87
22 91
22 92
22 95
22 99
22 100
23 24
23 25
23 26
23 28
23 31
23 32
23 33
23 35
23 38
23 40
23 48
23 54
23 56
23 58
23 59
23 63
23 68
23 70
23 71
23 72
23 74
23 75
23 76
23 77
23 78
23 80
23 81
23 82
23 84
23 87
23 88
23 89
23 91
23 93
23 94
23 95
23 97
23 98
23 100
24 25
24 27
24 29
24 31
24 32
24 33
24 36
24 37
24 40
24 44
24 45
24 46
24 48
24 49
24 50
24 51
24 56
24 59
24 61
24 62
24 64
24 68
24 69
24 71
24 75
24 76
24 77
24 78
24 80
24 81
24 85
24 87
24 88
24 90
24 91
24 93
24 94
24 98
24 99
24 100
25 27
25 31
25 32
25 33
25 34
25 35
25 37
25 38
25 39
25 40
25 41
25 44
25 46
25 47
25 48
25 53
25 54
25 57
25 58
25 65
25 67
25 68
25 72
25 74
25 75
25 78
25 81
25 82
25 83
25 84
25 85
25 86
25 87
25 89
25 92
25 93
25 95
25 96
26 27
26 29
26 31
26 33
26 37
26 42
26 43
26 45
26 50
26 54
26 56
26 57
26 58
26 59
26 60
26 61
26 63
26 64
26 67
26 72
26 77
26 80
26 84
26 86
26 87
26 90
26 91
26 92
26 93
26 94
26 97
26 100
27 29
27 32
27 33
27 34
27 35
27 36
27 38
27 41
27 43
27 44
27 48
27 50
27 51
27 52
27 53
27 54
27 55
27 56
27 57
27 60
27 61
27 63
27 64
27 66
27 68
27 72
27 73
27 77
27 79
27 84
27 85
27 86
27 87
27 95
27 96
27 97
27 100
28 31
28 33
28 34
28 35
28 36
28 39
28 40
28 41
28 42
28 44
28 45
28 46
28 47
28 51
28 52
28 54
28 57
28 59
28 62
28 63
28 64
28 68
28 69
28 70
28 71
28 74
28 77
28 79
28 81
28 82
28 83
28 84
28 87
28 88
28 93
28 94
28 95
28 97
29 32
29 35
29 36
29 37
29 39
29 42
29 43
29 44
29 46
29 47
29 48
29 51
29 53
29 55
29 56
29 57
29 58
29 59
29 60
29 61
29 62
29 65
29 66
29 70
29 72
29 74
29 77
29 78
29 79
29 81
29 83
29 85
29 86
29 87
29 89
29 92
29 93
29 97
30 31
30 35
30 36
30 37
30 42
30 44
30 48
30 49
30 50
30 54
30 56
30 60
30 62
30 63
30 64
30 65
30 67
30 68
30 69
30 71
30 73
30 74
30 77
30 78
30 81
30 82
30 83
30 84
30 87
30 90
30 91
30 92
30 95
30 98
30 99
31 33
31 34
31 35
31 36
31 38
31 41
31 42
31 44
31 45
31 46
31 47
31 49
31 50
31 51
31 53
31 59
31 61
31 65
31 66
31 67
31 71
31 74
31 77
31 80
31 82
31 86
31 88
31 89
31 95
31 96
31 97
32 35
32 38
32 40
32 41
32 49
32 50
32 51
32 52
32 53
32 54
32 55
32 58
32 62
32 64
32 65
32 66
32 68
32 69
32 74
32 75
32 78
32 79
32 80
32 81
32 82
32 83
32 87
32 89
32 92
32 93
32 95
32 98
33 35
33 37
33 45
33 46
33 47
33 48
33 53
33 56
33 57
33 59
33 60
33 61
33 62
33 64
33 65
33 67
33 71
33 72
33 74
33 77
33 78
33 85
33 86
33 97
33 99
33 100
34 37
34 39
34 43
34 45
34 46
34 50
34 51
34 54
34 56
34 59
34 60
34 68
34 71
34 74
34 75
34 78
34 81
34 82
34 83
34 84
34 85
34 87
34 88
34 89
34 90
34 91
34 92
34 93
34 97
34 98
34 99
34 100
35 36
35 42
35 43
35 47
35 48
35 50
35 54
35 60
35 62
35 65
35 73
35 77
35 78
35 79
35 80
35 81
35 82
35 84
35 86
35 90
35 95
35 96
35 97
35 98
36 37
36 38
36 39
36 40
36 44
36 46
36 47
36 51
36 54
36 55
36 57
36 58
36 59
36 60
36 62
36 63
36 64
36 65
36 69
36 70
36 71
36 72
36 75
36 76
36 79
36 80
36 82
36 84
36 85
36 86
36 90
36 92
36 93
36 94
36 98
36 99
37 38
37 39
37 40
37 47
37 49
37 51
37 53
37 54
37 55
37 57
37 59
37 63
37 64
37 65
37 70
37 71
37 79
37 82
37 84
37 87
37 88
37 89
37 90
37 91
37 92
37 93
37 97
37 99
38 45
38 46
38 49
38 50
38 51
38 52
38 54
38 55
38 56
38 57
38 58
38 59
38 62
38 63
38 64
38 65
38 67
38 69
38 73
38 75
38 76
38 78
38 79
38 80
38 84
38 85
38 86
38 88
38 93
38 94
38 96
38 98
38 99
39 40
39 42
39 44
39 46
39 47
39 48
39 49
39 51
39 52
39 54
39 55
39 57
39 59
39 62
39 65
39 67
39 68
39 69
39 70
39 73
39 75
39 76
39 77
39 79
39 81
39 85
39 87
39 88
39 90
39 93
39 96
39 97
39 99
39 100
40 41
40 42
40 44
40 45
40 46
40 49
40 51
40 52
40 53
40 55
40 56
40 57
40 58
40 59
40 60
40 61
40 62
40 63
40 64
40 66
40 70
40 74
40 78
40 79
40 80
40 82
40 83
40 86
40 87
40 91
40 92
40 93
40 98
40 99
40 100
41 42
41 44
41 45
41 47
41 51
41 52
41 60
41 62
41 65
41 66
41 69
41 70
41 71
41 72
41 74
41 75
41 76
41 77
41 78
41 79
41 82
41 83
41 85
41 88
41 91
41 93
41 95
41 98
41 100
42 44
42 45
42 46
42 49
42 50
42 51
42 53
42 54
42 56
42 57
42 59
42 60
42 61
42 63
42 65
42 68
42 69
42 73
42 76
42 80
42 81
42 85
42 89
42 92
42 93
42 95
42 96
42 98
42 100
43 46
43 50
43 51
43 52
43 55
43 57
43 58
43 59
43 60
43 62
43 66
43 68
43 70
43 71
43 73
43 74
43 76
43 81
43 83
43 85
43 86
43 87
43 89
43 91
43 98
43 99
43 100
44 45
44 47
44 50
44 51
44 54
44 58
44 66
44 67
44 68
44 76
44 81
44 84
44 85
44 87
44 88
44 90
44 91
44 93
44 95
44 96
45 46
45 48
45 51
45 52
45 53
45 54
45 58
45 59
45 60
45 66
45 67
45 70
45 72
45 73
45 77
45 78
45 84
45 85
45 86
45 87
45 90
45 92
45 96
45 97
45 100
46 48
46 50
46 52
46 53
46 55
46 56
46 59
46 60
46 64
46 65
46 66
46 68
46 70
46 71
46 74
46 78
46 79
46 81
46 82
46 84
46 88
46 89
46 92
46 96
46 97
46 99
46 100
47 51
47 54
47 56
47 58
47 59
47 61
47 63
47 64
47 65
47 71
47 72
47 76
47 82
47 84
47 86
47 90
47 91
47 94
47 96
47 98
48 49
48 51
48 54
48 55
48 56
48 59
48 63
48 64
48 66
48 70
48 72
48 73
48 74
48 75
48 77
48 79
48 80
48 84
48 93
48 96
48 98
48 99
49 51
49 52
49 58
49 63
49 64
49 65
49 68
49 69
49 70
49 72
49 74
49 75
49 76
49 77
49 82
49 83
49 84
49 85
49 86
49 87
49 88
49 89
49 91
49 93
49 97
49 100
50 51
50 53
50 54
50 58
50 59
50 60
50 62
50 64
50 65
50 66
50 68
50 70
50 71
50 72
50 73
50 78
50 79
50 80
50 81
50 87
50 91
50 92
50 94
50 95
50 96
50 97
50 100
51 52
51 55
51 57
51 58
51 60
51 62
51 64
51 65
51 66
51 70
51 72
51 75
51 76
51 79
51 82
51 83
51 84
51 85
51 87
51 88
51 90
51 95
51 96
51 97
52 56
52 57
52 62
52 63
52 64
52 66
52 69
52 70
52 71
52 72
52 77
52 78
52 80
52 82
52 83
52 86
52 88
52 89
52 90
52 91
52 92
52 94
53 54
53 56
53 59
53 60
53 64
53 68
53 70
53 71
53 73
53 74
53 75
53 77
53 80
53 81
53 82
53 87
53 96
53 97
53 100
54 56
54 61
54 64
54 65
54 66
54 69
54 70
54 72
54 74
54 75
54 76
54 77
54 82
54 87
54 88
54 91
54 95
54 96
54 97
55 56
55 57
55 58
55 59
55 60
55 61
55 65
55 66
55 67
55 68
55 72
55 73
55 74
55 76
55 77
55 78
55 81
55 82
55 83
55 88
55 89
55 90
55 93
55 94
55 96
55 97
55 98
55 99
56 57
56 59
56 60
56 63
56 64
56 65
56 66
56 68
56 73
56 74
56 80
56 82
56 83
56 84
56 86
56 89
56 92
56 93
56 94
56 95
56 98
56 100
57 60
57 61
57 64
57 67
57 70
57 71
57 73
57 74
57 75
57 77
57 78
57 79
57 81
57 87
57 88
57 90
57 91
57 92
57 93
57 96
57 98
57 100
58 59
58 60
58 61
58 63
58 64
58 65
58 66
58 67
58 68
58 69
58 70
58 72
58 74
58 77
58 82
58 83
58 84
58 85
58 86
58 88
58 89
58 92
58 94
58 97
58 98
58 99
58 100
59 68
59 70
59 71
59 73
59 74
59 76
59 78
59 80
59 81
59 82
59 86
59 87
59 88
59 91
59 93
59 94
59 97
59 98
59 99
60 62
60 63
60 64
60 69
60 71
60 72
60 77
60 78
60 80
60 81
60 83
60 85
60 86
60 87
60 89
60 91
60 92
60 95
60 96
60 99
61 63
61 64
61 65
61 67
61 68
61 70
61 71
61 74
61 75
61 76
61 79
61 81
61 84
61 87
61 88
61 91
61 93
61 97
61 100
62 63
62 65
62 67
62 68
62 73
62 74
62 76
62 77
62 80
62 82
62 84
62 90
62 91
62 93
62 98
63 64
63 65
63 66
63 71
63 73
63 74
63 75
63 78
63 79
63 83
63 85
63 87
63 88
63 89
63 91
63 93
63 94
63 96
63 99
63 100
64 67
64 68
64 69
64 70
64 72
64 73
64 74
64 76
64 79
64 81
64 82
64 83
64 84
64 85
64 86
64 88
64 89
64 90
64 92
64 94
64 96
64 97
64 99
65 67
65 68
65 70
65 71
65 72
65 73
65 74
65 76
65 77
65 79
65 81
65 83
65 86
65 88
65 89
65 90
65 91
65 92
65 94
65 96
65 97
65 100
66 69
66 72
66 75
66 80
66 82
66 84
66 86
66 87
66 92
66 93
66 94
66 95
66 96
66 97
66 99
66 100
67 71
67 72
67 73
67 74
67 75
67 76
67 77
67 78
67 79
67 85
67 86
67 89
67 90
67 91
67 93
67 94
67 95
67 96
68 69
68 71
68 73
68 76
68 77
68 83
68 86
68 89
68 91
68 92
68 97
68 98
68 99
68 100
69 70
69 71
69 72
69 73
69 74
69 76
69 80
69 81
69 82
69 83
69 84
69 89
69 90
69 92
69 94
69 98
69 99
70 71
70 72
70 73
70 74
70 75
70 77
70 80
70 81
70 82
70 84
70 85
70 86
70 87
70 92
70 95
70 96
70 97
70 99
71 73
71 74
71 75
71 76
71 79
71 80
71 82
71 84
71 88
71 93
71 94
71 96
71 98
71 99
71 100
72 78
72 80
72 82
72 85
72 86
72 90
72 91
72 92
72 95
72 96
72 97
72 98
73 80
73 81
73 82
73 83
73 85
73 88
73 90
73 91
73 93
73 94
73 97
74 75
74 76
74 82
74 83
74 84
74 85
74 88
74 91
74 93
74 94
74 95
74 96
74 97
74 98
74 99
75 78
75 81
75 82
75 83
75 84
75 85
75 86
75 87
75 89
75 90
75 91
75 92
75 97
75 98
75 99
75 100
76 79
76 80
76 82
76 84
76 85
76 90
76 91
76 92
76 95
76 97
76 98
76 100
77 78
77 80
77 82
77 88
77 90
77 92
77 99
77 100
78 80
78 82
78 83
78 84
78 89
78 91
78 93
78 94
78 95
78 96
78 97
78 98
78 99
78 100
79 82
79 83
79 84
79 90
79 91
79 94
79 96
80 83
80 84
80 85
80 86
80 87
80 88
80 90
80 91
80 93
80 94
80 98
80 100
81 85
81 86
81 87
81 91
81 93
81 94
81 95
81 97
81 98
81 99
81 100
82 86
82 89
82 92
82 93
82 95
82 97
82 99
83 84
83 88
83 89
83 90
83 95
83 96
83 97
83 98
83 100
84 85
84 88
84 90
84 91
84 92
84 93
84 94
84 96
84 98
84 99
85 86
85 88
85 89
85 90
85 97
85 99
85 100
86 87
86 89
86 90
86 94
86 97
86 100
87 90
87 92
87 93
87 96
87 98
88 90
88 91
88 92
88 97
88 100
89 90
89 91
89 93
89 96
89 98
89 99
89 100
90 91
90 92
90 94
90 95
90 97
91 93
91 94
91 95
91 96
91 97
91 98
92 93
92 95
92 96
92 97
92 98
93 95
93 99
93 100
94 95
94 97
94 98
94 99
94 100
95 97
95 98
95 100
96 97
96 98
96 100
97 99
98 99
99 100
