c random_100_2475
100 2475
1 3
1 5
1 6
1 7
1 9
1 10
1 11
1 13
1 14
1 15
1 20
1 21
1 22
1 25
1 29
1 38
1 41
1 43
1 45
1 46
1 48
1 49
1 52
1 55
1 57
1 58
1 59
1 60
1 62
1 63
1 64
1 65
1 68
1 69
1 72
1 74
1 77
1 79
1 81
1 84
1 85
1 86
1 89
1 90
1 92
1 93
1 95
1 96
1 97
1 98
2 4
2 5
2 6
2 11
2 14
2 15
2 18
2 20
2 22
2 25
2 27
2 28
2 33
2 34
2 37
2 38
2 40
2 41
2 42
2 43
2 45
2 46
2 48
2 49
2 51
2 52
2 53
2 55
2 57
2 58
2 59
2 61
2 66
2 68
2 70
2 71
2 73
2 74
2 75
2 77
2 78
2 79
2 83
2 86
2 90
2 94
2 98
2 100
3 5
3 6
3 7
3 12
3 13
3 14
3 15
3 17
3 19
3 22
3 24
3 25
3 27
3 28
3 29
3 30
3 31
3 32
3 33
3 34
3 35
3 36
3 42
3 43
3 44
3 45
3 49
3 50
3 53
3 54
3 55
3 57
3 58
3 59
3 60
3 62
3 65
3 66
3 68
3 69
3 70
3 73
3 76
3 77
3 82
3 86
3 87
3 88
3 89
3 90
3 94
3 95
3 96
3 97
3 99
3 100
4 5
4 6
4 7
4 8
4 10
4 13
4 14
4 15
4 20
4 21
4 23
4 24
4 25
4 27
4 29
4 30
4 31
4 32
4 33
4 34
4 35
4 36
4 38
4 40
4 43
4 44
4 46
4 48
4 50
4 51
4 53
4 56
4 57
4 58
4 61
4 62
4 63
4 64
4 66
4 68
4 69
4 71
4 72
4 75
4 76
4 77
4 78
4 82
4 83
4 87
4 89
4 91
4 93
4 98
5 7
5 10
5 13
5 14
5 15
5 17
5 19
5 20
5 22
5 25
5 28
5 29
5 30
5 33
5 34
5 35
5 36
5 39
5 43
5 45
5 47
5 48
5 51
5 52
5 55
5 59
5 60
5 61
5 64
5 65
5 66
5 69
5 71
5 72
5 74
5 75
5 85
5 86
5 87
5 89
5 90
5 91
5 93
5 94
5 95
5 99
5 100
6 7
6 8
6 9
6 10
6 11
6 14
6 16
6 18
6 19
6 20
6 22
6 23
6 26
6 27
6 29
6 32
6 33
6 34
6 36
6 40
6 43
6 47
6 50
6 55
6 57
6 61
6 62
6 63
6 64
6 65
6 66
6 67
6 68
6 70
6 73
6 80
6 82
6 86
6 88
6 90
6 91
6 92
6 94
6 96
6 98
6 99
6 100
7 10
7 14
7 16
7 17
7 18
7 22
7 24
7 28
7 30
7 31
7 33
7 34
7 36
7 37
7 39
7 40
7 41
7 45
7 46
7 47
7 52
7 57
7 58
7 60
7 61
7 63
7 64
7 68
7 71
7 73
7 75
7 77
7 78
7 80
7 81
7 82
7 85
7 87
7 90
7 92
7 93
7 95
7 96
7 99
7 100
8 10
8 13
8 14
8 16
8 17
8 18
8 19
8 20
8 21
8 22
8 23
8 24
8 25
8 27
8 33
8 36
8 37
8 38
8 39
8 40
8 41
8 42
8 44
8 45
8 46
8 53
8 55
8 56
8 58
8 60
8 62
8 64
8 66
8 67
8 70
8 71
8 75
8 76
8 78
8 86
8 87
8 88
8 89
8 90
8 91
8 94
8 100
9 10
9 14
9 16
9 22
9 24
9 25
9 29
9 31
9 33
9 34
9 35
9 37
9 38
9 41
9 43
9 44
9 45
9 46
9 47
9 51
9 52
9 56
9 57
9 60
9 62
9 63
9 65
9 66
9 69
9 72
9 73
9 74
9 79
9 80
9 81
9 89
9 91
9 93
9 98
9 99
9 100
10 11
10 13
10 14
10 16
10 18
10 26
10 27
10 31
10 32
10 36
10 37
10 38
10 39
10 40
10 41
10 45
10 48
10 50
10 53
10 57
10 59
10 62
10 64
10 65
10 66
10 67
10 71
10 73
10 77
10 78
10 79
10 81
10 83
10 84
10 88
10 89
10 90
10 93
10 94
10 95
10 97
10 98
11 14
11 15
11 16
11 19
11 21
11 22
11 23
11 24
11 28
11 30
11 34
11 35
11 39
11 40
11 41
11 48
11 49
11 51
11 53
11 62
11 65
11 69
11 70
11 71
11 72
11 74
11 76
11 77
11 78
11 82
11 86
11 87
11 89
11 90
11 91
11 93
11 94
11 96
11 97
11 100
12 13
12 15
12 16
12 17
12 18
12 21
12 22
12 23
12 24
12 26
12 27
12 29
12 30
12 31
12 32
12 33
12 37
12 38
12 39
12 41
12 42
12 44
12 47
12 54
12 55
12 56
12 57
12 58
12 59
12 63
12 64
12 67
12 68
12 72
12 75
12 77
12 79
12 80
12 85
12 86
12 87
12 92
12 95
12 97
12 99
12 100
13 14
13 15
13 17
13 18
13 21
13 23
13 24
13 26
13 27
13 30
13 31
13 35
13 37
13 40
13 41
13 42
13 43
13 45
13 46
13 51
13 53
13 57
13 59
13 67
13 69
13 71
13 72
13 75
13 77
13 78
13 79
13 80
13 82
13 83
13 84
13 85
13 86
13 88
13 90
13 91
13 93
14 15
14 17
14 18
14 19
14 22
14 25
14 26
14 28
14 30
14 32
14 33
14 34
14 35
14 37
14 38
14 40
14 41
14 42
14 43
14 44
14 48
14 50
14 53
14 54
14 56
14 57
14 59
14 61
14 62
14 66
14 68
14 69
14 70
14 75
14 77
14 78
14 79
14 80
14 82
14 85
14 86
14 88
14 91
14 92
14 96
14 100
15 16
15 19
15 23
15 26
15 27
15 28
15 29
15 31
15 33
15 34
15 35
15 39
15 40
15 43
15 46
15 47
15 49
15 51
15 53
15 56
15 58
15 59
15 61
15 66
15 67
15 68
15 70
15 75
15 76
15 78
15 79
15 80
15 82
15 86
15 88
15 89
15 91
15 92
15 94
15 96
15 100
16 17
16 18
16 19
16 20
16 21
16 23
16 26
16 28
16 30
16 32
16 35
16 36
16 37
16 38
16 39
16 40
16 41
16 45
16 46
16 48
16 50
16 51
16 53
16 54
16 58
16 60
16 61
16 62
16 65
16 66
16 67
16 68
16 69
16 71
16 73
16 80
16 84
16 85
16 87
16 88
16 90
16 91
16 99
17 19
17 20
17 21
17 22
17 24
17 25
17 29
17 31
17 33
17 34
17 35
17 36
17 37
17 39
17 41
17 43
17 45
17 46
17 47
17 48
17 56
17 57
17 58
17 59
17 61
17 63
17 65
17 67
17 68
17 69
17 70
17 74
17 75
17 76
17 79
17 80
17 82
17 83
17 88
17 89
17 92
17 93
17 94
17 97
17 98
18 21
18 25
18 29
18 31
18 33
18 34
18 36
18 38
18 40
18 42
18 46
18 47
18 49
18 51
18 53
18 54
18 55
18 56
18 58
18 61
18 63
18 64
18 65
18 66
18 67
18 68
18 71
18 72
18 75
18 80
18 81
18 86
18 88
18 89
18 92
18 93
18 94
18 95
18 96
18 98
18 99
19 21
19 23
19 24
19 28
19 29
19 30
19 44
19 45
19 48
19 49
19 50
19 51
19 52
19 54
19 56
19 57
19 58
19 59
19 60
19 61
19 63
19 66
19 69
19 70
19 72
19 75
19 77
19 79
19 80
19 82
19 83
19 84
19 86
19 88
19 90
19 91
19 92
19 94
19 96
19 98
20 21
20 23
20 24
20 25
20 26
20 27
20 28
20 30
20 32
20 33
20 34
20 35
20 36
20 40
20 41
20 43
20 44
20 48
20 50
20 51
20 52
20 53
20 54
20 56
20 57
20 58
20 59
20 61
20 66
20 67
20 69
20 70
20 71
20 73
20 74
20 75
20 76
20 81
20 84
20 86
20 90
20 91
20 94
20 97
20 98
20 99
21 24
21 26
21 28
21 29
21 30
21 31
21 35
21 36
21 38
21 40
21 42
21 43
21 45
21 46
21 48
21 51
21 52
21 53
21 57
21 60
21 62
21 63
21 65
21 67
21 69
21 73
21 74
21 75
21 78
21 79
21 80
21 84
21 85
21 87
21 90
21 92
21 94
21 95
21 96
21 98
22 24
22 25
22 26
22 27
22 28
22 29
22 31
22 33
22 34
22 36
22 37
22 38
22 39
22 40
22 43
22 47
22 48
22 50
22 51
22 54
22 58
22 61
22 64
22 66
22 67
22 70
22 73
22 75
22 77
22 81
22 87
22 88
22 94
22 99
23 24
23 26
23 31
23 33
23 37
23 38
23 39
23 43
23 44
23 45
23 49
23 50
23 51
23 52
23 53
23 54
23 55
23 56
23 57
23 59
23 60
23 61
23 64
23 66
23 70
23 72
23 73
23 76
23 77
23 78
23 79
23 83
23 84
23 85
23 90
23 93
23 95
23 98
23 100
24 25
24 26
24 27
24 30
24 32
24 33
24 34
24 38
24 39
24 41
24 46
24 48
24 50
24 54
24 55
24 59
24 60
24 63
24 68
24 72
24 75
24 76
24 79
24 82
24 84
24 85
24 87
24 88
24 89
24 90
24 93
24 95
24 98
25 27
25 29
25 31
25 33
25 34
25 35
25 38
25 39
25 41
25 42
25 45
25 48
25 49
25 54
25 58
25 59
25 61
25 62
25 65
25 66
25 69
25 70
25 72
25 74
25 75
25 78
25 80
25 84
25 85
25 87
25 88
25 94
25 96
25 98
26 31
26 32
26 33
26 35
26 36
26 37
26 38
26 39
26 41
26 42
26 45
26 46
26 49
26 50
26 52
26 55
26 57
26 59
26 60
26 61
26 63
26 64
26 66
26 71
26 72
26 73
26 74
26 77
26 80
26 81
26 84
26 85
26 86
26 87
26 90
26 92
26 94
26 97
26 99
26 100
27 29
27 30
27 32
27 33
27 35
27 38
27 39
27 40
27 41
27 43
27 46
27 47
27 54
27 55
27 57
27 59
27 60
27 63
27 65
27 66
27 67
27 74
27 75
27 76
27 77
27 79
27 81
27 82
27 84
27 85
27 87
27 90
27 91
27 92
27 96
27 97
27 98
27 99
27 100
28 29
28 30
28 31
28 32
28 33
28 34
28 36
28 40
28 41
28 43
28 47
28 50
28 51
28 53
28 55
28 57
28 60
28 61
28 62
28 66
28 68
28 69
28 72
28 73
28 74
28 77
28 78
28 80
28 81
28 82
28 85
28 86
28 90
28 92
28 93
28 94
28 97
28 98
29 30
29 34
29 35
29 36
29 39
29 40
29 41
29 42
29 45
29 48
29 51
29 52
29 54
29 55
29 56
29 57
29 58
29 61
29 62
29 63
29 64
29 66
29 67
29 68
29 70
29 72
29 75
29 76
29 78
29 81
29 82
29 83
29 88
29 93
29 94
29 95
29 96
29 98
29 99
30 34
30 35
30 37
30 38
30 40
30 43
30 44
30 47
30 49
30 50
30 52
30 54
30 55
30 56
30 59
30 62
30 65
30 66
30 67
30 68
30 69
30 70
30 71
30 72
30 75
30 78
30 80
30 81
30 83
30 85
30 86
30 87
30 88
30 89
30 93
30 94
30 96
30 97
30 98
30 100
31 32
31 33
31 38
31 39
31 40
31 41
31 42
31 45
31 46
31 47
31 48
31 49
31 50
31 52
31 54
31 56
31 61
31 62
31 64
31 65
31 68
31 69
31 72
31 74
31 81
31 84
31 87
31 89
31 90
31 91
31 92
31 94
31 100
32 36
32 38
32 40
32 42
32 44
32 46
32 48
32 49
32 50
32 51
32 53
32 54
32 56
32 58
32 59
32 60
32 61
32 65
32 67
32 68
32 70
32 72
32 73
32 75
32 81
32 82
32 83
32 86
32 87
32 90
32 91
32 96
32 97
32 98
32 100
33 35
33 36
33 37
33 46
33 55
33 56
33 57
33 58
33 59
33 62
33 64
33 75
33 77
33 79
33 82
33 85
33 87
33 88
33 89
33 90
33 91
33 95
33 100
34 38
34 40
34 42
34 43
34 46
34 48
34 50
34 51
34 54
34 55
34 56
34 58
34 59
34 61
34 65
34 66
34 67
34 70
34 72
34 73
34 74
34 75
34 76
34 77
34 78
34 79
34 82
34 85
34 88
34 89
34 95
34 97
34 98
34 100
35 41
35 42
35 43
35 44
35 45
35 46
35 48
35 49
35 51
35 53
35 56
35 58
35 59
35 60
35 62
35 63
35 65
35 66
35 67
35 68
35 71
35 75
35 77
35 79
35 86
35 87
35 89
35 92
35 94
35 97
35 100
36 38
36 39
36 41
36 42
36 43
36 45
36 47
36 48
36 50
36 51
36 52
36 55
36 56
36 59
36 63
36 64
36 65
36 66
36 67
36 68
36 69
36 70
36 77
36 78
36 82
36 83
36 85
36 87
36 88
36 89
36 90
36 92
36 93
36 96
36 98
36 99
37 41
37 43
37 44
37 45
37 46
37 50
37 51
37 52
37 53
37 54
37 55
37 58
37 61
37 63
37 64
37 68
37 69
37 70
37 71
37 73
37 74
37 75
37 77
37 79
37 81
37 82
37 83
37 84
37 88
37 89
37 91
37 94
37 95
37 98
38 40
38 46
38 49
38 50
38 51
38 52
38 54
38 56
38 59
38 61
38 62
38 65
38 66
38 67
38 68
38 69
38 70
38 71
38 72
38 74
38 76
38 77
38 78
38 79
38 80
38 81
38 82
38 83
38 85
38 88
38 93
39 40
39 41
39 42
39 44
39 45
39 48
39 49
39 50
39 52
39 54
39 56
39 58
39 59
39 60
39 62
39 64
39 65
39 67
39 70
39 74
39 77
39 78
39 80
39 82
39 85
39 88
39 89
39 90
39 91
39 94
39 95
39 96
39 97
39 99
39 100
40 41
40 43
40 47
40 48
40 50
40 51
40 52
40 53
40 57
40 58
40 59
40 60
40 61
40 67
40 72
40 74
40 76
40 78
40 79
40 80
40 83
40 84
40 87
40 88
40 94
40 95
40 96
40 97
40 100
41 43
41 45
41 47
41 49
41 50
41 51
41 52
41 53
41 54
41 57
41 58
41 60
41 61
41 62
41 64
41 65
41 66
41 70
41 81
41 82
41 83
41 85
41 86
41 89
41 93
41 95
41 99
42 43
42 45
42 46
42 48
42 49
42 50
42 51
42 52
42 54
42 56
42 57
42 58
42 59
42 60
42 61
42 63
42 65
42 75
42 76
42 77
42 82
42 84
42 86
42 87
42 88
42 89
42 92
42 96
42 97
42 100
43 44
43 46
43 47
43 48
43 51
43 52
43 53
43 56
43 62
43 63
43 64
43 65
43 66
43 68
43 69
43 71
43 73
43 74
43 76
43 78
43 79
43 80
43 81
43 82
43 83
43 85
43 86
43 90
43 95
43 97
44 45
44 47
44 48
44 49
44 50
44 51
44 54
44 57
44 58
44 60
44 61
44 67
44 69
44 70
44 72
44 73
44 74
44 76
44 80
44 83
44 84
44 85
44 87
44 90
44 91
44 93
44 95
44 97
44 98
44 99
45 46
45 48
45 49
45 50
45 57
45 58
45 61
45 62
45 68
45 69
45 70
45 71
45 72
45 73
45 75
45 76
45 77
45 78
45 80
45 81
45 83
45 85
45 86
45 88
45 89
45 90
45 91
45 92
45 97
45 99
46 48
46 49
46 53
46 57
46 58
46 59
46 60
46 64
46 65
46 66
46 67
46 68
46 69
46 70
46 72
46 74
46 75
46 76
46 77
46 78
46 79
46 80
46 81
46 82
46 84
46 88
46 89
46 90
46 91
46 93
46 95
46 97
47 48
47 49
47 51
47 52
47 57
47 60
47 63
47 65
47 66
47 67
47 69
47 70
47 73
47 75
47 77
47 78
47 81
47 82
47 83
47 89
47 91
47 94
47 95
47 96
47 99
48 52
48 53
48 54
48 56
48 58
48 61
48 62
48 64
48 65
48 66
48 67
48 68
48 69
48 70
48 73
48 75
48 76
48 77
48 79
48 80
48 82
48 83
48 85
48 87
48 89
48 90
48 92
48 93
48 98
48 99
49 50
49 53
49 54
49 56
49 58
49 59
49 63
49 64
49 65
49 66
49 67
49 68
49 70
49 71
49 72
49 73
49 75
49 76
49 79
49 82
49 84
49 85
49 87
49 88
49 89
49 91
49 94
49 96
49 98
49 100
50 54
50 55
50 58
50 59
50 61
50 65
50 66
50 69
50 71
50 72
50 75
50 77
50 80
50 81
50 83
50 86
50 90
50 95
50 97
50 98
50 99
51 54
51 55
51 56
51 57
51 58
51 60
51 62
51 65
51 66
51 67
51 68
51 69
51 71
51 72
51 75
51 76
51 78
51 81
51 86
51 87
51 88
51 89
51 91
51 93
51 94
51 97
51 98
51 100
52 53
52 57
52 61
52 62
52 65
52 66
52 68
52 71
52 72
52 74
52 78
52 80
52 81
52 83
52 85
52 87
52 91
52 92
52 94
52 96
52 97
52 99
53 55
53 58
53 60
53 62
53 64
53 65
53 68
53 71
53 72
53 73
53 74
53 75
53 78
53 79
53 82
53 83
53 84
53 85
53 88
53 89
53 90
53 92
53 93
53 94
53 96
53 97
53 98
54 55
54 56
54 60
54 67
54 68
54 70
54 71
54 73
54 75
54 77
54 81
54 82
54 83
54 86
54 88
54 92
54 93
54 98
55 57
55 59
55 61
55 62
55 63
55 64
55 74
55 75
55 77
55 79
55 80
55 82
55 83
55 84
55 88
55 89
55 90
55 92
55 93
55 94
55 95
55 98
55 99
56 57
56 59
56 61
56 63
56 64
56 65
56 68
56 70
56 71
56 72
56 73
56 74
56 77
56 78
56 80
56 82
56 83
56 88
56 89
56 90
56 92
56 94
56 95
56 97
56 99
56 100
57 63
57 66
57 68
57 69
57 70
57 72
57 74
57 77
57 79
57 81
57 85
57 88
57 90
57 93
57 94
57 95
57 97
57 100
58 59
58 61
58 62
58 65
58 66
58 72
58 75
58 76
58 80
58 82
58 88
58 89
58 90
58 91
58 93
58 94
58 96
58 100
59 60
59 65
59 66
59 67
59 68
59 69
59 70
59 71
59 73
59 75
59 78
59 81
59 84
59 85
59 86
59 87
59 89
59 94
59 95
59 96
59 97
59 98
59 100
60 62
60 63
60 68
60 73
60 74
60 75
60 77
60 78
60 81
60 84
60 85
60 86
60 91
60 93
60 94
60 96
60 97
60 98
60 100
61 62
61 63
61 64
61 65
61 66
61 67
61 70
61 71
61 76
61 77
61 78
61 79
61 80
61 81
61 83
61 84
61 85
61 86
61 91
61 92
61 97
62 68
62 69
62 76
62 78
62 79
62 80
62 89
62 91
62 92
62 93
62 94
62 95
62 100
63 64
63 65
63 69
63 70
63 74
63 76
63 78
63 79
63 80
63 81
63 83
63 84
63 87
63 89
63 91
63 95
63 96
63 99
63 100
64 65
64 67
64 68
64 70
64 74
64 77
64 78
64 79
64 81
64 82
64 83
64 85
64 87
64 88
64 89
64 90
64 91
64 92
64 94
64 95
64 96
65 68
65 70
65 71
65 73
65 75
65 76
65 80
65 81
65 83
65 85
65 87
65 91
65 92
65 94
65 95
65 98
65 100
66 67
66 68
66 69
66 71
66 72
66 76
66 78
66 79
66 81
66 82
66 84
66 86
66 89
66 90
66 91
66 92
66 93
66 94
66 95
66 97
66 99
67 69
67 70
67 74
67 76
67 78
67 79
67 81
67 83
67 86
67 89
67 90
67 92
67 93
67 96
67 97
67 99
68 69
68 72
68 75
68 78
68 84
68 86
68 89
68 91
68 92
68 94
68 95
68 96
68 97
68 98
69 70
69 71
69 73
69 74
69 77
69 78
69 83
69 84
69 86
69 88
69 90
69 92
69 93
69 95
69 96
70 71
70 72
70 74
70 75
70 79
70 80
70 86
70 95
71 72
71 81
71 83
71 84
71 87
71 88
71 89
71 92
71 94
71 95
71 98
72 73
72 77
72 78
72 82
72 83
72 84
72 85
72 87
72 90
72 91
72 94
72 96
72 97
72 99
73 74
73 75
73 78
73 79
73 82
73 83
73 85
73 86
73 89
73 93
73 95
73 97
73 98
73 100
74 75
74 76
74 78
74 79
74 81
74 82
74 86
74 89
74 93
74 94
74 96
75 76
75 80
75 83
75 85
75 87
75 91
75 94
75 97
75 98
76 77
76 79
76 86
76 88
76 89
76 90
76 92
76 98
76 99
76 100
77 80
77 83
77 87
77 88
77 89
77 90
77 91
77 93
77 94
77 95
77 99
77 100
78 80
78 81
78 83
78 84
78 85
78 86
78 93
78 94
78 97
78 100
79 81
79 82
79 83
79 84
79 86
79 87
79 89
79 92
79 93
79 99
80 81
80 83
80 85
80 86
80 90
80 91
80 93
80 95
80 96
80 98
81 82
81 86
81 87
81 90
81 92
81 97
81 98
81 99
81 100
82 84
82 85
82 90
82 92
82 94
82 95
82 97
82 100
83 87
83 88
83 90
83 93
83 98
84 87
84 89
84 91
84 95
84 96
84 99
85 86
85 90
85 93
85 95
85 100
86 87
86 89
86 91
86 92
86 94
86 95
86 99
86 100
87 89
87 90
87 91
87 92
87 94
87 95
87 99
88 89
88 91
88 92
88 94
88 97
88 99
89 90
89 93
89 94
89 96
89 100
90 91
90 92
90 93
90 94
90 96
90 97
90 100
91 92
91 94
91 95
91 99
92 93
92 94
92 95
92 99
92 100
93 94
93 97
93 98
93 99
93 100
94 96
94 97
94 99
94 100
95 96
95 97
95 100
96 98
97 100
