c random_100_495
100 495
1 2
1 6
1 8
1 32
1 34
1 41
1 65
1 71
1 76
1 98
2 3
2 14
2 23
2 24
2 32
2 33
2 40
2 46
2 65
2 76
2 84
2 88
2 98
3 26
3 31
3 35
3 40
3 50
3 60
3 61
3 67
3 74
3 98
3 99
4 17
4 18
4 22
4 31
4 41
4 45
4 54
4 62
4 63
4 64
4 69
4 78
4 93
4 97
5 17
5 21
5 32
5 35
5 39
5 62
5 67
5 80
5 87
5 89
5 90
6 30
6 32
6 38
6 50
6 52
6 69
6 78
6 96
7 14
7 20
7 22
7 37
7 68
7 75
7 79
7 85
7 90
7 92
7 95
7 100
8 10
8 14
8 23
8 48
8 67
8 69
8 77
8 93
9 37
9 43
9 62
9 86
9 88
10 19
10 24
10 26
10 39
10 43
10 47
10 55
10 74
10 91
11 14
11 40
11 61
11 66
11 69
11 93
11 98
12 13
12 68
13 19
13 20
13 21
13 25
13 26
13 57
13 63
13 66
13 79
13 87
13 90
13 94
14 22
14 31
14 72
14 98
14 99
15 21
15 31
15 33
15 34
15 39
15 43
15 53
15 60
15 66
15 81
15 84
15 86
15 93
16 17
16 23
16 25
16 29
16 30
16 39
16 45
16 56
16 71
16 91
16 95
17 34
17 35
17 42
17 50
17 52
17 54
17 58
17 62
17 70
17 73
17 82
17 96
18 21
18 23
18 28
18 38
18 43
18 54
18 58
18 74
18 78
18 83
18 85
18 98
19 36
19 43
19 44
19 49
19 80
19 96
20 21
20 50
20 55
20 58
20 69
20 70
20 71
20 76
20 82
20 85
20 88
20 89
21 27
21 35
21 36
21 44
21 46
21 50
21 64
21 74
22 26
22 37
22 39
22 40
22 54
22 55
22 56
22 58
22 65
22 73
22 87
22 88
23 43
23 62
23 69
23 70
23 75
23 92
24 33
24 35
24 47
24 60
24 67
24 76
24 77
24 90
24 96
25 30
25 50
25 51
25 61
25 65
25 70
25 83
26 57
26 75
26 83
26 84
26 85
27 47
27 62
27 66
27 80
27 84
27 91
28 47
28 55
28 67
28 68
28 75
28 82
28 89
28 93
28 100
29 38
29 46
29 68
29 86
30 37
30 40
30 42
30 47
30 56
30 58
30 59
30 87
30 89
31 59
31 61
31 70
31 71
31 83
31 87
32 47
32 76
32 80
32 90
32 98
32 99
33 34
33 56
33 63
33 72
33 81
33 86
33 89
33 93
34 64
34 73
34 84
34 96
35 52
35 69
35 72
35 77
35 82
35 98
36 100
37 54
38 44
38 72
38 79
38 80
38 87
38 91
39 51
39 59
39 65
39 69
39 75
39 78
39 80
40 44
40 51
40 75
40 77
40 80
40 82
40 91
40 92
41 48
41 53
41 66
41 67
41 85
41 93
42 50
42 52
42 70
42 84
42 97
43 52
43 54
43 58
43 62
43 69
43 81
43 83
43 86
43 93
43 100
44 54
44 65
44 69
44 80
44 86
44 92
44 99
45 49
45 62
45 76
45 88
45 97
46 52
46 68
46 80
47 62
48 50
48 53
48 55
48 70
48 75
48 80
48 88
48 94
48 95
48 98
49 66
49 77
49 83
49 88
49 100
50 57
50 74
50 79
50 87
50 92
51 53
51 69
51 71
51 74
51 78
51 89
51 98
52 68
52 75
52 80
53 55
53 59
53 60
53 66
53 72
53 83
53 88
54 57
54 61
54 64
54 74
54 80
54 86
54 96
54 98
55 59
55 87
55 92
56 66
56 71
56 86
57 59
57 85
57 89
58 83
58 85
58 97
59 87
59 98
59 99
60 62
60 75
60 79
61 70
61 82
61 95
61 97
61 99
62 70
62 72
62 76
62 82
63 65
63 75
63 85
63 87
64 75
65 79
65 93
66 67
66 74
66 78
66 90
66 91
66 100
67 73
67 97
68 76
68 89
69 76
69 82
69 89
69 93
70 82
71 78
71 80
71 95
71 98
73 76
73 89
73 92
74 81
75 83
75 90
75 95
75 96
75 97
76 83
77 80
77 89
77 96
78 85
78 88
78 97
78 98
79 93
79 97
80 84
80 92
82 90
82 91
82 93
83 84
83 85
85 88
85 91
85 94
85 95
85 97
86 89
87 97
87 99
90 94
91 92
92 95
94 96
95 98
