c random_100_1485
100 1485
1 5
1 8
1 14
1 15
1 18
1 21
1 22
1 25
1 30
1 36
1 37
1 42
1 43
1 44
1 46
1 48
1 49
1 51
1 52
1 56
1 62
1 63
1 67
1 84
1 85
1 91
1 92
1 94
1 97
1 100
2 7
2 8
2 12
2 13
2 14
2 15
2 16
2 21
2 22
2 23
2 25
2 26
2 29
2 30
2 33
2 34
2 37
2 39
2 46
2 49
2 51
2 52
2 53
2 54
2 55
2 57
2 62
2 64
2 68
2 71
2 77
2 78
2 81
2 86
2 87
2 99
3 4
3 9
3 13
3 17
3 29
3 31
3 32
3 41
3 42
3 45
3 46
3 50
3 56
3 58
3 60
3 64
3 66
3 67
3 74
3 75
3 78
3 79
3 83
3 86
3 87
3 90
3 93
3 99
3 100
4 6
4 8
4 9
4 10
4 12
4 16
4 19
4 22
4 25
4 26
4 30
4 33
4 35
4 37
4 39
4 42
4 45
4 49
4 50
4 55
4 66
4 72
4 73
4 74
4 76
4 77
4 81
4 82
4 86
4 88
4 89
4 92
4 93
4 96
5 10
5 11
5 12
5 14
5 19
5 20
5 26
5 32
5 33
5 35
5 36
5 37
5 39
5 40
5 47
5 48
5 50
5 52
5 60
5 63
5 65
5 69
5 73
5 74
5 75
5 76
5 77
5 78
5 80
5 90
5 96
5 97
5 100
6 8
6 25
6 28
6 31
6 35
6 41
6 44
6 46
6 49
6 54
6 57
6 58
6 64
6 75
6 77
6 80
6 82
6 94
6 96
6 97
6 98
7 15
7 17
7 18
7 19
7 21
7 23
7 28
7 32
7 35
7 36
7 40
7 41
7 42
7 44
7 48
7 49
7 52
7 54
7 57
7 58
7 60
7 62
7 63
7 64
7 65
7 68
7 76
7 86
7 87
7 90
7 94
7 97
7 99
8 16
8 18
8 20
8 21
8 35
8 43
8 46
8 48
8 53
8 54
8 57
8 61
8 65
8 66
8 80
8 87
8 88
9 11
9 14
9 17
9 20
9 23
9 30
9 31
9 34
9 40
9 41
9 43
9 46
9 56
9 57
9 58
9 66
9 69
9 72
9 78
9 85
9 86
9 90
9 96
9 99
9 100
10 15
10 17
10 23
10 26
10 28
10 30
10 31
10 38
10 42
10 45
10 46
10 56
10 57
10 61
10 68
10 69
10 73
10 74
10 78
10 84
10 87
10 90
10 91
10 93
10 94
10 100
11 12
11 14
11 16
11 19
11 21
11 22
11 23
11 24
11 32
11 36
11 42
11 44
11 48
11 51
11 52
11 53
11 56
11 60
11 65
11 66
11 73
11 75
11 76
11 81
11 82
11 85
11 88
11 93
11 95
12 13
12 18
12 26
12 32
12 40
12 47
12 54
12 57
12 71
12 75
12 78
12 84
12 87
12 89
12 95
12 96
12 98
12 99
13 18
13 19
13 23
13 24
13 25
13 31
13 38
13 41
13 44
13 52
13 54
13 55
13 56
13 58
13 60
13 63
13 67
13 68
13 69
13 73
13 77
13 79
13 80
13 81
13 83
13 91
13 93
13 99
14 16
14 21
14 23
14 24
14 30
14 34
14 37
14 40
14 41
14 44
14 46
14 50
14 51
14 53
14 54
14 58
14 60
14 62
14 66
14 69
14 71
14 72
14 78
14 87
14 92
14 98
14 99
15 16
15 23
15 24
15 27
15 29
15 32
15 35
15 38
15 40
15 43
15 45
15 46
15 47
15 51
15 53
15 55
15 64
15 65
15 66
15 78
15 82
15 86
15 92
15 96
15 97
15 98
16 19
16 20
16 30
16 32
16 40
16 41
16 43
16 51
16 53
16 60
16 63
16 64
16 65
16 69
16 74
16 76
16 78
16 79
16 81
16 85
16 86
16 88
16 93
16 95
16 99
17 20
17 22
17 24
17 25
17 26
17 29
17 30
17 37
17 38
17 43
17 47
17 54
17 65
17 66
17 72
17 75
17 79
17 83
17 85
17 95
17 98
17 100
18 21
18 23
18 26
18 30
18 34
18 36
18 41
18 44
18 45
18 46
18 50
18 52
18 59
18 64
18 70
18 72
18 78
18 79
18 86
18 88
18 90
18 93
18 94
18 97
18 98
18 100
19 30
19 42
19 45
19 46
19 50
19 51
19 57
19 64
19 66
19 70
19 74
19 76
19 80
19 84
19 87
19 89
19 90
19 91
19 93
19 95
19 97
19 99
20 22
20 27
20 34
20 38
20 41
20 43
20 47
20 53
20 61
20 67
20 71
20 75
20 76
20 78
20 80
20 89
20 91
20 92
20 95
20 97
20 98
20 99
21 24
21 30
21 36
21 40
21 43
21 48
21 49
21 58
21 59
21 68
21 69
21 72
21 73
21 75
21 76
21 83
21 95
21 97
21 99
22 24
22 29
22 32
22 33
22 42
22 51
22 56
22 57
22 58
22 59
22 64
22 70
22 75
22 77
22 79
22 81
22 84
22 85
22 90
22 94
22 97
22 98
23 24
23 25
23 26
23 31
23 32
23 36
23 42
23 43
23 47
23 49
23 51
23 52
23 55
23 62
23 65
23 67
23 74
23 76
23 78
23 85
23 86
23 88
23 90
23 91
23 92
23 99
23 100
24 25
24 28
24 35
24 36
24 38
24 39
24 42
24 44
24 48
24 54
24 56
24 58
24 65
24 66
24 70
24 71
24 74
24 75
24 78
24 80
24 81
24 82
24 85
24 88
24 100
25 29
25 32
25 34
25 35
25 37
25 38
25 41
25 44
25 45
25 51
25 55
25 57
25 60
25 75
25 76
25 77
25 80
25 86
25 87
25 88
25 90
25 93
25 94
25 97
26 28
26 29
26 30
26 38
26 41
26 43
26 45
26 47
26 51
26 56
26 62
26 69
26 71
26 72
26 76
26 77
26 78
26 80
26 83
26 89
26 92
26 94
26 97
26 99
27 36
27 43
27 47
27 50
27 53
27 54
27 57
27 58
27 64
27 66
27 67
27 72
27 75
27 76
27 77
27 78
27 80
27 87
27 94
27 97
28 31
28 40
28 50
28 51
28 56
28 58
28 60
28 63
28 69
28 76
28 83
28 84
28 85
28 92
28 93
29 32
29 36
29 38
29 39
29 40
29 47
29 56
29 57
29 59
29 62
29 79
29 83
29 84
29 85
29 86
29 93
29 95
30 31
30 35
30 39
30 45
30 47
30 49
30 52
30 54
30 55
30 67
30 70
30 71
30 74
30 81
30 82
30 83
30 84
30 85
30 87
30 89
30 92
30 94
31 32
31 35
31 36
31 51
31 57
31 61
31 66
31 68
31 74
31 75
31 77
31 78
31 81
31 83
31 87
31 88
31 92
31 95
31 98
31 99
32 33
32 37
32 42
32 45
32 49
32 50
32 51
32 52
32 53
32 57
32 58
32 60
32 66
32 67
32 69
32 71
32 74
32 80
32 82
32 83
32 84
32 87
32 91
32 94
32 95
32 97
32 100
33 34
33 36
33 39
33 42
33 46
33 47
33 49
33 53
33 57
33 61
33 62
33 65
33 68
33 71
33 78
33 81
33 84
33 87
33 95
33 100
34 40
34 46
34 48
34 50
34 51
34 53
34 62
34 66
34 67
34 69
34 73
34 75
34 76
34 78
34 80
34 84
34 88
34 94
34 97
35 42
35 44
35 47
35 52
35 55
35 63
35 70
35 71
35 73
35 74
35 82
35 85
35 86
35 88
35 89
35 90
35 96
35 97
35 99
36 38
36 40
36 41
36 42
36 46
36 47
36 48
36 52
36 55
36 62
36 67
36 69
36 80
36 87
36 92
36 95
36 99
37 40
37 42
37 47
37 48
37 50
37 55
37 59
37 62
37 66
37 67
37 68
37 69
37 72
37 74
37 80
37 81
37 89
37 90
37 92
37 95
37 96
37 100
38 39
38 43
38 48
38 54
38 57
38 59
38 60
38 61
38 64
38 67
38 69
38 71
38 73
38 75
38 77
38 79
38 84
38 94
39 40
39 46
39 47
39 48
39 56
39 57
39 61
39 64
39 65
39 66
39 68
39 71
39 72
39 76
39 81
39 84
39 85
39 88
39 91
39 100
40 42
40 43
40 44
40 45
40 46
40 49
40 54
40 58
40 64
40 68
40 70
40 74
40 75
40 78
40 81
40 84
40 85
40 86
40 88
40 93
40 95
40 96
40 98
40 99
41 42
41 45
41 48
41 52
41 53
41 55
41 61
41 64
41 65
41 68
41 80
41 83
41 89
41 96
41 98
42 49
42 50
42 51
42 59
42 60
42 61
42 62
42 63
42 67
42 72
42 76
42 77
42 78
42 81
42 84
43 55
43 56
43 60
43 65
43 66
43 69
43 76
43 80
43 82
43 84
43 87
43 89
43 91
43 92
43 94
43 96
43 100
44 51
44 54
44 55
44 56
44 61
44 64
44 68
44 71
44 72
44 73
44 77
44 80
44 82
44 84
44 87
44 89
44 96
44 98
44 99
45 46
45 49
45 52
45 53
45 63
45 66
45 67
45 68
45 70
45 71
45 74
45 75
45 76
45 93
45 96
45 97
46 51
46 52
46 53
46 58
46 59
46 63
46 66
46 70
46 75
46 79
46 87
46 88
46 90
46 92
46 94
46 95
46 97
46 99
46 100
47 48
47 49
47 55
47 58
47 61
47 64
47 66
47 67
47 68
47 84
47 85
47 87
47 89
47 92
48 50
48 51
48 52
48 53
48 55
48 56
48 59
48 66
48 73
48 77
48 84
48 86
48 89
48 91
48 92
48 94
48 97
49 51
49 55
49 56
49 57
49 64
49 68
49 75
49 77
49 78
49 82
49 83
49 85
49 88
49 91
49 92
49 99
50 51
50 53
50 57
50 62
50 64
50 65
50 68
50 71
50 73
50 74
50 75
50 83
50 84
50 86
50 87
50 88
50 89
50 94
50 97
50 99
50 100
51 56
51 59
51 62
51 67
51 69
51 71
51 73
51 77
51 78
51 83
51 84
51 85
51 92
51 100
52 53
52 55
52 58
52 66
52 72
52 75
52 76
52 78
52 79
52 83
52 89
52 95
52 98
52 99
52 100
53 56
53 65
53 73
53 75
53 76
53 83
53 84
53 86
53 87
53 93
53 97
53 99
54 58
54 60
54 64
54 66
54 71
54 74
54 76
54 77
54 78
54 85
54 88
55 56
55 57
55 58
55 59
55 61
55 73
55 74
55 75
55 78
55 82
55 85
55 92
55 94
55 95
55 96
55 97
55 98
55 100
56 59
56 65
56 66
56 69
56 72
56 80
56 81
56 82
56 84
56 94
56 95
56 98
57 60
57 62
57 63
57 64
57 65
57 69
57 78
57 82
57 90
57 92
57 100
58 60
58 69
58 72
58 73
58 75
58 78
58 85
58 89
58 91
58 93
58 98
59 70
59 74
59 81
59 82
59 84
59 85
59 88
59 90
59 92
59 96
59 98
59 99
60 68
60 71
60 75
60 82
60 88
60 91
60 92
60 95
60 100
61 68
61 73
61 78
61 80
61 85
61 88
61 89
61 90
61 92
61 100
62 65
62 71
62 72
62 77
62 81
62 83
62 85
63 66
63 67
63 70
63 72
63 74
63 76
63 77
63 82
63 84
63 90
63 91
63 92
63 93
63 97
63 98
64 65
64 66
64 69
64 78
64 82
64 86
64 87
64 88
64 91
64 92
64 98
64 100
65 69
65 74
65 76
65 86
65 89
65 95
65 96
65 97
65 100
66 67
66 73
66 74
66 76
66 78
66 79
66 82
66 85
66 87
66 88
66 96
66 98
66 100
67 71
67 74
67 75
67 83
67 85
67 88
67 90
67 93
67 95
67 96
68 69
68 76
68 77
68 84
68 85
68 86
68 92
68 94
68 95
68 96
68 99
69 73
69 75
69 80
69 82
69 89
69 90
69 91
69 93
69 97
69 100
70 71
70 76
70 78
70 81
70 83
70 85
70 88
70 90
70 92
70 94
70 95
70 96
70 99
70 100
71 73
71 74
71 80
71 81
71 82
71 84
71 85
71 86
71 94
71 95
72 73
72 78
72 80
72 81
72 91
72 95
73 75
73 79
73 89
73 90
73 92
73 93
74 76
74 80
74 81
74 87
74 91
74 92
74 94
74 95
74 99
75 81
75 82
75 86
75 88
75 91
75 92
75 94
75 99
76 80
76 81
76 85
76 88
76 89
76 90
76 94
76 95
76 98
77 78
77 80
77 81
77 83
77 84
77 85
77 92
77 94
77 96
77 98
78 86
78 87
78 88
78 89
78 90
78 91
78 94
78 96
78 97
78 99
78 100
79 80
79 81
79 94
79 96
79 97
79 98
79 99
80 82
80 83
80 85
80 87
80 92
80 93
81 87
81 88
81 89
81 91
81 92
81 100
82 84
82 85
82 92
82 98
83 84
83 86
83 89
83 92
83 93
83 95
83 97
83 98
84 92
84 93
84 97
84 100
85 87
85 89
85 90
85 94
86 88
86 94
86 96
86 97
86 98
87 99
88 89
88 91
88 92
88 96
88 99
89 94
89 96
90 97
91 94
91 97
91 99
92 96
93 97
93 99
94 95
95 99
