c random_100_1485
100 1485
1 2
1 3
1 4
1 5
1 7
1 8
1 11
1 13
1 16
1 19
1 22
1 26
1 29
1 30
1 32
1 50
1 58
1 67
1 70
1 73
1 82
1 92
1 93
1 100
2 11
2 13
2 15
2 20
2 26
2 30
2 35
2 37
2 45
2 50
2 58
2 59
2 61
2 65
2 68
2 71
2 77
2 78
2 80
2 81
2 87
2 88
2 90
2 94
2 96
2 98
2 99
3 4
3 5
3 9
3 10
3 11
3 16
3 19
3 28
3 34
3 35
3 39
3 42
3 43
3 46
3 47
3 48
3 50
3 53
3 59
3 63
3 65
3 67
3 73
3 75
3 76
3 79
3 81
3 82
3 84
3 85
3 88
3 92
3 93
3 95
3 97
4 8
4 10
4 11
4 12
4 14
4 21
4 25
4 28
4 29
4 32
4 34
4 36
4 37
4 38
4 42
4 48
4 49
4 51
4 52
4 53
4 57
4 58
4 64
4 66
4 67
4 69
4 70
4 71
4 72
4 74
4 80
4 81
4 84
4 86
4 87
4 88
4 89
4 90
4 94
5 12
5 14
5 19
5 22
5 33
5 34
5 35
5 51
5 54
5 55
5 56
5 58
5 59
5 70
5 72
5 74
5 78
5 80
5 86
5 88
5 89
5 97
6 11
6 13
6 14
6 19
6 29
6 30
6 31
6 35
6 37
6 43
6 47
6 49
6 52
6 54
6 55
6 58
6 61
6 63
6 65
6 67
6 71
6 72
6 74
6 76
6 78
6 79
6 85
6 86
6 90
6 91
6 92
6 94
7 8
7 11
7 14
7 17
7 18
7 19
7 21
7 22
7 27
7 29
7 35
7 38
7 39
7 54
7 55
7 56
7 59
7 60
7 61
7 65
7 66
7 73
7 85
7 90
7 92
7 100
8 9
8 17
8 18
8 20
8 21
8 22
8 24
8 25
8 26
8 27
8 39
8 40
8 48
8 52
8 57
8 58
8 63
8 65
8 70
8 75
8 76
8 77
8 79
8 81
8 83
8 84
8 86
8 90
8 97
8 98
9 10
9 13
9 14
9 16
9 24
9 25
9 26
9 28
9 31
9 33
9 39
9 42
9 45
9 48
9 53
9 54
9 58
9 60
9 63
9 65
9 74
9 75
9 88
9 91
9 93
9 97
10 14
10 17
10 21
10 24
10 32
10 34
10 36
10 37
10 44
10 46
10 49
10 50
10 51
10 52
10 53
10 56
10 57
10 59
10 65
10 68
10 69
10 70
10 73
10 75
10 77
10 83
10 84
10 85
10 91
10 93
10 96
10 97
11 12
11 13
11 18
11 20
11 22
11 23
11 24
11 26
11 27
11 30
11 32
11 34
11 41
11 42
11 52
11 54
11 57
11 58
11 61
11 66
11 73
11 74
11 76
11 80
11 82
11 87
11 89
11 95
11 96
11 97
11 100
12 21
12 27
12 35
12 38
12 41
12 42
12 45
12 49
12 53
12 57
12 59
12 67
12 72
12 74
12 77
12 91
12 95
12 97
12 98
13 16
13 17
13 21
13 24
13 25
13 26
13 40
13 41
13 43
13 47
13 50
13 52
13 55
13 56
13 59
13 68
13 72
13 76
13 79
13 80
13 81
13 85
13 87
13 89
13 97
13 98
13 100
14 15
14 16
14 17
14 22
14 28
14 30
14 31
14 32
14 39
14 40
14 44
14 46
14 47
14 49
14 51
14 54
14 56
14 57
14 58
14 62
14 66
14 67
14 68
14 74
14 77
14 79
14 82
14 83
14 84
14 88
14 91
14 93
14 95
14 96
15 16
15 18
15 21
15 25
15 27
15 32
15 35
15 36
15 41
15 42
15 43
15 45
15 46
15 47
15 49
15 50
15 55
15 56
15 62
15 63
15 67
15 71
15 73
15 79
15 93
15 96
16 20
16 21
16 23
16 25
16 27
16 29
16 39
16 44
16 45
16 46
16 49
16 53
16 58
16 61
16 64
16 65
16 70
16 76
16 80
16 87
16 88
16 89
16 94
16 97
16 100
17 27
17 28
17 35
17 36
17 38
17 41
17 44
17 46
17 52
17 60
17 62
17 63
17 64
17 68
17 69
17 72
17 74
17 90
17 91
18 19
18 24
18 26
18 28
18 29
18 39
18 40
18 45
18 49
18 50
18 51
18 52
18 54
18 61
18 63
18 72
18 73
18 77
18 78
18 80
18 82
18 83
18 84
18 86
18 87
18 96
18 99
19 21
19 22
19 24
19 29
19 30
19 32
19 33
19 35
19 36
19 38
19 39
19 40
19 47
19 49
19 51
19 55
19 56
19 61
19 64
19 66
19 67
19 68
19 69
19 71
19 73
19 75
19 76
19 78
19 82
19 83
19 84
19 88
19 96
19 97
19 98
19 100
20 22
20 23
20 27
20 28
20 30
20 40
20 42
20 47
20 48
20 56
20 63
20 70
20 72
20 73
20 74
20 75
20 77
20 81
20 83
20 85
20 87
20 94
20 95
20 97
21 26
21 28
21 34
21 35
21 43
21 44
21 46
21 49
21 50
21 54
21 55
21 56
21 60
21 61
21 63
21 64
21 69
21 74
21 75
21 76
21 79
21 81
21 85
21 90
21 95
22 26
22 30
22 32
22 36
22 37
22 39
22 43
22 44
22 45
22 54
22 58
22 59
22 61
22 62
22 64
22 68
22 73
22 82
22 84
22 87
22 98
22 99
23 28
23 30
23 35
23 37
23 38
23 39
23 46
23 50
23 54
23 55
23 57
23 58
23 60
23 69
23 70
23 71
23 72
23 77
23 80
23 83
23 98
24 26
24 27
24 37
24 41
24 42
24 43
24 51
24 53
24 55
24 58
24 60
24 61
24 64
24 66
24 69
24 72
24 75
24 81
24 82
24 88
24 89
24 91
24 95
24 97
24 100
25 26
25 27
25 39
25 47
25 52
25 54
25 56
25 65
25 67
25 68
25 69
25 70
25 73
25 75
25 77
25 80
25 84
25 86
25 88
25 89
25 96
25 97
26 27
26 29
26 32
26 33
26 35
26 41
26 42
26 54
26 56
26 58
26 63
26 64
26 66
26 67
26 68
26 75
26 78
26 79
26 80
26 84
26 89
26 91
26 94
26 97
26 98
26 99
27 28
27 31
27 38
27 42
27 49
27 51
27 55
27 57
27 58
27 63
27 64
27 67
27 69
27 71
27 73
27 78
27 85
27 87
27 88
27 91
27 94
27 96
28 29
28 42
28 43
28 48
28 50
28 51
28 54
28 60
28 64
28 66
28 67
28 71
28 77
28 79
28 81
28 100
29 35
29 39
29 43
29 45
29 49
29 53
29 57
29 58
29 63
29 64
29 66
29 67
29 68
29 71
29 74
29 75
29 79
29 83
29 85
29 91
29 94
29 99
30 33
30 34
30 36
30 37
30 40
30 49
30 52
30 53
30 58
30 64
30 65
30 66
30 67
30 71
30 74
30 83
30 85
30 87
30 97
30 98
30 100
31 43
31 49
31 51
31 53
31 56
31 58
31 61
31 62
31 64
31 65
31 72
31 73
31 78
31 83
31 90
31 99
32 35
32 45
32 47
32 49
32 51
32 55
32 62
32 63
32 66
32 69
32 71
32 72
32 73
32 77
32 78
32 79
32 87
32 88
32 92
32 99
33 35
33 41
33 44
33 48
33 49
33 51
33 53
33 74
33 75
33 79
33 85
33 89
33 92
33 95
34 37
34 38
34 40
34 48
34 49
34 56
34 58
34 60
34 66
34 67
34 70
34 71
34 72
34 79
34 81
34 82
34 83
34 90
34 97
34 100
35 38
35 48
35 51
35 53
35 56
35 59
35 61
35 66
35 67
35 70
35 72
35 80
35 83
35 84
35 85
35 88
35 92
35 95
35 100
36 39
36 43
36 48
36 51
36 52
36 54
36 58
36 59
36 71
36 73
36 74
36 75
36 77
36 78
36 79
36 86
36 88
36 92
36 95
36 98
36 100
37 41
37 43
37 47
37 49
37 53
37 56
37 58
37 63
37 65
37 73
37 75
37 77
37 78
37 80
37 84
37 85
37 89
37 97
38 39
38 43
38 44
38 48
38 50
38 57
38 59
38 60
38 63
38 64
38 69
38 71
38 85
38 86
38 87
38 88
38 89
38 91
38 97
38 98
39 40
39 44
39 52
39 54
39 56
39 60
39 61
39 69
39 70
39 81
39 85
39 86
39 89
39 93
39 100
40 41
40 44
40 53
40 54
40 55
40 58
40 59
40 62
40 71
40 77
40 90
40 93
40 97
40 98
41 53
41 54
41 55
41 56
41 59
41 60
41 66
41 68
41 72
41 77
41 81
41 82
41 86
41 95
41 96
42 52
42 55
42 58
42 66
42 67
42 71
42 73
42 77
42 79
42 84
42 87
42 88
42 89
42 91
42 93
42 98
42 99
43 46
43 47
43 48
43 51
43 53
43 54
43 55
43 61
43 62
43 64
43 65
43 66
43 67
43 68
43 70
43 75
43 82
43 85
43 87
43 88
43 95
43 98
43 99
44 45
44 47
44 56
44 60
44 62
44 64
44 65
44 67
44 83
44 85
44 86
44 87
44 88
44 93
44 95
45 47
45 49
45 55
45 58
45 61
45 68
45 69
45 75
45 77
45 81
45 85
45 88
45 91
45 93
45 97
45 98
45 100
46 47
46 48
46 52
46 54
46 56
46 59
46 63
46 71
46 72
46 77
46 80
46 81
46 84
46 93
46 95
47 48
47 50
47 52
47 54
47 55
47 56
47 57
47 62
47 64
47 67
47 68
47 70
47 74
47 87
47 95
47 99
48 55
48 60
48 62
48 64
48 65
48 70
48 75
48 79
48 81
48 83
48 85
48 86
48 88
48 90
48 94
48 95
49 53
49 56
49 58
49 59
49 60
49 64
49 66
49 73
49 76
49 77
49 80
49 82
49 85
49 89
49 92
49 94
49 98
50 56
50 61
50 63
50 68
50 72
50 73
50 83
50 87
50 88
50 92
50 95
51 52
51 60
51 66
51 73
51 74
51 80
51 84
51 92
51 97
51 98
52 53
52 56
52 59
52 60
52 63
52 64
52 67
52 79
52 83
52 85
52 89
52 99
53 56
53 60
53 63
53 67
53 71
53 77
53 78
53 80
53 83
53 84
53 85
53 86
53 89
53 90
53 93
53 95
54 62
54 64
54 65
54 69
54 73
54 76
54 77
54 81
54 84
54 96
54 97
55 56
55 57
55 60
55 64
55 65
55 67
55 68
55 74
55 75
55 76
55 77
55 83
55 86
55 91
55 92
55 99
56 60
56 61
56 63
56 65
56 66
56 68
56 70
56 71
56 72
56 76
56 77
56 78
56 87
56 88
56 99
56 100
57 58
57 61
57 68
57 71
57 72
57 82
57 89
57 91
57 92
57 93
57 97
57 98
58 59
58 66
58 70
58 71
58 73
58 77
58 80
58 87
58 91
58 99
58 100
59 65
59 66
59 71
59 73
59 76
59 80
59 84
59 85
59 92
59 93
59 95
59 98
60 61
60 66
60 78
60 81
60 85
60 94
61 63
61 64
61 66
61 67
61 70
61 81
61 83
61 86
61 90
61 92
61 95
61 96
61 100
62 63
62 65
62 68
62 69
62 71
62 72
62 73
62 77
62 82
62 84
62 90
62 92
62 94
63 64
63 68
63 69
63 74
63 75
63 80
63 82
63 83
63 84
63 88
63 91
63 93
63 96
64 66
64 71
64 73
64 74
64 78
64 80
64 82
64 86
64 93
64 96
64 97
64 98
64 100
65 68
65 70
65 74
65 75
65 78
65 84
65 85
65 88
65 89
65 97
66 68
66 69
66 73
66 74
66 80
66 89
66 98
66 100
67 68
67 70
67 71
67 73
67 75
67 80
67 81
67 83
67 86
67 90
67 92
67 97
67 99
68 70
68 72
68 79
68 83
68 85
68 89
68 94
68 95
68 99
69 74
69 78
69 79
69 86
69 87
69 89
69 90
69 91
69 92
69 93
69 94
69 98
70 75
70 77
70 82
70 84
70 86
70 87
70 88
70 89
70 90
70 91
70 94
70 98
71 73
71 74
71 75
71 76
71 77
71 80
71 82
71 87
71 90
71 92
71 93
71 99
72 76
72 77
72 82
72 84
72 94
72 97
72 99
73 74
73 75
73 78
73 81
73 86
73 87
73 92
73 93
73 96
74 75
74 78
74 80
74 81
74 84
74 86
74 93
74 96
75 78
75 86
75 88
75 90
75 91
75 99
76 78
76 79
76 81
76 83
76 93
76 97
76 99
77 80
77 94
77 95
77 96
77 97
77 99
78 79
78 80
78 82
78 84
78 86
78 87
78 90
78 98
79 80
79 85
79 92
79 95
79 96
80 83
80 88
81 86
81 88
81 89
81 91
81 93
81 98
82 85
82 92
82 94
82 96
82 98
83 91
83 92
83 95
83 98
84 86
84 91
84 93
84 94
84 100
85 88
85 92
85 98
85 99
85 100
86 87
86 91
86 96
86 98
86 99
87 98
87 99
88 91
88 93
88 96
88 97
89 94
89 95
90 91
90 92
90 93
90 94
90 100
91 94
91 100
92 93
93 95
93 96
93 99
93 100
94 96
95 98
95 99
96 97
96 99
