c random_120_3570
120 3570
1 3
1 5
1 7
1 10
1 11
1 12
1 13
1 16
1 17
1 23
1 25
1 26
1 29
1 30
1 32
1 33
1 37
1 38
1 42
1 45
1 49
1 50
1 52
1 53
1 54
1 55
1 59
1 60
1 61
1 65
1 66
1 68
1 77
1 79
1 81
1 82
1 84
1 87
1 91
1 92
1 93
1 95
1 97
1 99
1 101
1 102
1 103
1 104
1 105
1 106
1 108
1 111
1 113
1 117
2 5
2 9
2 11
2 13
2 14
2 16
2 17
2 19
2 22
2 23
2 29
2 32
2 34
2 36
2 37
2 39
2 42
2 44
2 45
2 50
2 51
2 54
2 55
2 56
2 58
2 61
2 62
2 63
2 64
2 65
2 69
2 72
2 75
2 79
2 80
2 82
2 83
2 84
2 85
2 86
2 88
2 90
2 91
2 92
2 93
2 94
2 96
2 97
2 98
2 99
2 100
2 103
2 104
2 105
2 109
2 112
2 113
2 116
2 119
3 10
3 11
3 12
3 13
3 15
3 16
3 18
3 19
3 21
3 30
3 32
3 34
3 36
3 41
3 43
3 46
3 48
3 50
3 51
3 52
3 54
3 55
3 59
3 60
3 62
3 65
3 67
3 70
3 73
3 77
3 81
3 85
3 86
3 87
3 89
3 90
3 91
3 92
3 93
3 94
3 95
3 98
3 100
3 101
3 106
3 109
3 111
3 112
3 113
3 114
3 117
4 7
4 8
4 12
4 15
4 19
4 21
4 22
4 23
4 25
4 29
4 30
4 32
4 33
4 35
4 36
4 39
4 41
4 45
4 46
4 48
4 49
4 52
4 54
4 57
4 60
4 62
4 63
4 66
4 69
4 70
4 72
4 75
4 76
4 77
4 79
4 82
4 83
4 90
4 91
4 92
4 94
4 95
4 96
4 97
4 98
4 99
4 103
4 107
4 111
4 114
4 115
5 8
5 9
5 11
5 13
5 19
5 20
5 22
5 26
5 27
5 30
5 31
5 32
5 33
5 35
5 37
5 38
5 40
5 43
5 45
5 47
5 49
5 50
5 51
5 52
5 53
5 60
5 62
5 63
5 64
5 65
5 69
5 71
5 78
5 79
5 80
5 81
5 84
5 88
5 89
5 94
5 95
5 97
5 99
5 100
5 101
5 102
5 103
5 104
5 105
5 108
5 109
5 110
5 112
5 113
5 115
5 118
5 119
5 120
6 7
6 9
6 12
6 14
6 15
6 19
6 21
6 24
6 25
6 27
6 28
6 29
6 36
6 39
6 40
6 42
6 46
6 48
6 51
6 52
6 53
6 56
6 57
6 58
6 64
6 65
6 71
6 72
6 73
6 74
6 75
6 77
6 79
6 80
6 84
6 85
6 86
6 87
6 90
6 92
6 93
6 94
6 95
6 101
6 105
6 106
6 108
6 112
6 115
6 116
6 117
6 118
6 120
7 8
7 9
7 10
7 11
7 15
7 16
7 17
7 18
7 19
7 21
7 23
7 27
7 28
7 29
7 31
7 32
7 33
7 34
7 35
7 36
7 37
7 39
7 42
7 44
7 45
7 47
7 48
7 49
7 50
7 51
7 52
7 57
7 62
7 63
7 65
7 68
7 71
7 72
7 74
7 76
7 78
7 79
7 80
7 82
7 86
7 89
7 90
7 93
7 97
7 100
7 104
7 105
7 106
7 107
7 108
7 109
7 110
7 111
7 113
7 114
7 115
7 117
7 118
8 10
8 11
8 13
8 14
8 17
8 18
8 19
8 21
8 22
8 24
8 25
8 28
8 29
8 30
8 31
8 32
8 33
8 35
8 38
8 42
8 45
8 46
8 47
8 49
8 50
8 55
8 59
8 61
8 62
8 65
8 66
8 69
8 71
8 74
8 76
8 77
8 78
8 80
8 81
8 82
8 84
8 89
8 92
8 93
8 94
8 97
8 98
8 99
8 100
8 101
8 102
8 104
8 106
8 107
8 110
8 112
8 113
8 118
9 14
9 16
9 17
9 20
9 25
9 29
9 31
9 32
9 33
9 35
9 36
9 37
9 39
9 43
9 44
9 45
9 46
9 47
9 49
9 51
9 52
9 53
9 57
9 59
9 60
9 62
9 63
9 65
9 69
9 72
9 74
9 76
9 78
9 79
9 80
9 81
9 84
9 86
9 88
9 89
9 92
9 93
9 94
9 96
9 97
9 98
9 99
9 100
9 102
9 103
9 105
9 106
9 107
9 110
9 111
9 112
9 114
9 119
10 13
10 15
10 16
10 18
10 19
10 20
10 22
10 24
10 25
10 27
10 32
10 34
10 36
10 37
10 38
10 39
10 41
10 42
10 49
10 50
10 52
10 53
10 55
10 57
10 58
10 60
10 64
10 65
10 67
10 68
10 70
10 72
10 74
10 75
10 77
10 79
10 80
10 81
10 82
10 85
10 87
10 88
10 90
10 94
10 96
10 98
10 100
10 101
10 103
10 106
10 108
10 109
10 110
10 111
10 113
10 114
10 115
10 117
10 119
10 120
11 13
11 14
11 15
11 20
11 22
11 24
11 26
11 29
11 32
11 34
11 37
11 38
11 39
11 41
11 42
11 44
11 46
11 48
11 49
11 57
11 58
11 59
11 60
11 61
11 62
11 63
11 65
11 66
11 67
11 72
11 75
11 76
11 78
11 80
11 81
11 84
11 88
11 89
11 91
11 92
11 94
11 95
11 96
11 104
11 107
11 110
11 111
11 115
11 116
11 117
11 120
12 18
12 20
12 21
12 22
12 24
12 28
12 31
12 34
12 35
12 37
12 38
12 41
12 43
12 44
12 46
12 47
12 48
12 49
12 50
12 53
12 58
12 62
12 65
12 67
12 72
12 73
12 75
12 78
12 79
12 80
12 81
12 82
12 85
12 87
12 89
12 93
12 94
12 96
12 99
12 100
12 101
12 103
12 105
12 106
12 107
12 108
12 114
12 118
12 120
13 14
13 18
13 21
13 22
13 23
13 25
13 27
13 28
13 31
13 32
13 37
13 38
13 39
13 42
13 48
13 49
13 50
13 54
13 55
13 56
13 57
13 58
13 59
13 60
13 61
13 66
13 69
13 70
13 71
13 75
13 78
13 81
13 82
13 85
13 88
13 90
13 92
13 93
13 94
13 95
13 98
13 103
13 104
13 106
13 107
13 109
13 110
13 112
13 113
13 114
13 116
13 117
13 118
14 15
14 18
14 21
14 23
14 25
14 27
14 30
14 31
14 32
14 33
14 34
14 35
14 37
14 39
14 41
14 42
14 43
14 44
14 46
14 47
14 48
14 51
14 53
14 54
14 56
14 57
14 58
14 60
14 63
14 67
14 72
14 73
14 75
14 80
14 81
14 82
14 84
14 86
14 88
14 93
14 94
14 96
14 97
14 98
14 99
14 100
14 101
14 105
14 107
14 110
14 111
14 112
14 114
14 116
14 117
15 16
15 18
15 20
15 22
15 23
15 27
15 28
15 29
15 30
15 31
15 34
15 36
15 37
15 38
15 40
15 41
15 42
15 47
15 48
15 52
15 53
15 56
15 58
15 59
15 61
15 67
15 69
15 70
15 71
15 72
15 73
15 77
15 78
15 80
15 84
15 85
15 87
15 90
15 92
15 94
15 95
15 97
15 98
15 99
15 100
15 102
15 104
15 106
15 107
15 109
15 111
15 113
15 116
15 117
15 119
15 120
16 17
16 18
16 19
16 20
16 22
16 24
16 28
16 31
16 33
16 39
16 40
16 41
16 42
16 44
16 46
16 47
16 48
16 49
16 50
16 51
16 52
16 54
16 55
16 56
16 57
16 58
16 60
16 67
16 70
16 71
16 72
16 73
16 74
16 75
16 76
16 78
16 79
16 80
16 81
16 83
16 86
16 87
16 89
16 90
16 91
16 92
16 94
16 99
16 101
16 105
16 108
16 109
16 114
16 117
16 119
17 19
17 20
17 29
17 31
17 32
17 33
17 34
17 35
17 36
17 37
17 38
17 39
17 40
17 43
17 47
17 48
17 50
17 52
17 54
17 55
17 56
17 59
17 60
17 62
17 63
17 64
17 65
17 66
17 67
17 68
17 69
17 70
17 71
17 74
17 76
17 78
17 83
17 84
17 86
17 88
17 89
17 92
17 93
17 97
17 99
17 101
17 102
17 108
17 109
17 110
17 112
17 113
17 114
17 115
18 20
18 21
18 22
18 24
18 25
18 31
18 38
18 39
18 41
18 43
18 44
18 47
18 48
18 52
18 54
18 55
18 57
18 58
18 59
18 60
18 62
18 63
18 65
18 66
18 67
18 68
18 70
18 74
18 76
18 77
18 79
18 80
18 81
18 84
18 88
18 90
18 92
18 93
18 94
18 98
18 99
18 100
18 104
18 106
18 110
18 111
18 113
18 115
18 116
18 117
18 118
18 119
19 21
19 26
19 27
19 28
19 29
19 30
19 32
19 33
19 36
19 39
19 42
19 43
19 45
19 51
19 53
19 55
19 58
19 60
19 62
19 63
19 64
19 66
19 69
19 73
19 79
19 81
19 82
19 84
19 85
19 86
19 88
19 89
19 90
19 91
19 95
19 97
19 98
19 99
19 100
19 101
19 103
19 104
19 110
19 111
19 113
19 114
19 115
19 118
20 21
20 22
20 24
20 27
20 28
20 35
20 39
20 40
20 42
20 43
20 45
20 46
20 49
20 50
20 52
20 54
20 55
20 56
20 58
20 59
20 62
20 66
20 69
20 71
20 72
20 76
20 82
20 83
20 84
20 86
20 88
20 91
20 92
20 93
20 96
20 97
20 98
20 101
20 102
20 103
20 104
20 109
20 110
20 111
20 113
20 116
20 119
20 120
21 23
21 24
21 26
21 31
21 33
21 35
21 37
21 39
21 40
21 41
21 42
21 46
21 48
21 50
21 51
21 52
21 53
21 54
21 55
21 56
21 57
21 58
21 59
21 61
21 63
21 64
21 65
21 66
21 70
21 71
21 73
21 74
21 75
21 76
21 80
21 82
21 87
21 88
21 90
21 91
21 92
21 95
21 97
21 98
21 100
21 101
21 103
21 104
21 105
21 109
21 110
21 112
21 113
21 115
21 116
21 117
21 118
21 119
22 23
22 24
22 27
22 29
22 32
22 36
22 39
22 40
22 41
22 44
22 45
22 49
22 50
22 51
22 53
22 54
22 55
22 60
22 62
22 66
22 67
22 69
22 70
22 71
22 73
22 74
22 75
22 77
22 78
22 80
22 81
22 83
22 84
22 87
22 89
22 90
22 91
22 92
22 95
22 96
22 97
22 99
22 102
22 103
22 105
22 108
22 109
22 111
22 113
22 116
22 118
22 120
23 24
23 25
23 28
23 32
23 35
23 36
23 38
23 42
23 43
23 45
23 47
23 49
23 50
23 52
23 53
23 55
23 60
23 65
23 66
23 67
23 68
23 73
23 79
23 81
23 82
23 85
23 86
23 89
23 97
23 98
23 100
23 102
23 105
23 106
23 107
23 109
23 113
23 115
23 117
23 118
24 26
24 29
24 30
24 33
24 35
24 36
24 38
24 40
24 41
24 42
24 44
24 46
24 48
24 49
24 50
24 51
24 52
24 57
24 58
24 62
24 66
24 68
24 69
24 70
24 72
24 75
24 81
24 82
24 83
24 84
24 90
24 92
24 94
24 96
24 97
24 98
24 99
24 101
24 102
24 103
24 104
24 105
24 106
24 112
24 113
24 116
24 117
24 118
24 119
25 26
25 27
25 29
25 30
25 31
25 33
25 37
25 38
25 42
25 43
25 44
25 48
25 54
25 55
25 56
25 58
25 61
25 62
25 64
25 66
25 67
25 69
25 71
25 72
25 75
25 78
25 79
25 80
25 83
25 85
25 87
25 92
25 94
25 95
25 98
25 99
25 102
25 103
25 106
25 111
25 112
25 113
25 115
26 30
26 32
26 33
26 34
26 36
26 37
26 42
26 43
26 44
26 45
26 47
26 53
26 54
26 57
26 60
26 61
26 62
26 64
26 66
26 68
26 69
26 71
26 72
26 74
26 75
26 78
26 79
26 80
26 81
26 82
26 88
26 89
26 91
26 92
26 94
26 101
26 103
26 105
26 106
26 107
26 110
26 111
26 112
26 113
26 114
26 115
26 116
26 118
27 29
27 33
27 34
27 35
27 37
27 38
27 42
27 44
27 45
27 47
27 48
27 51
27 53
27 58
27 60
27 61
27 70
27 73
27 74
27 75
27 76
27 78
27 79
27 82
27 83
27 84
27 85
27 86
27 88
27 93
27 94
27 95
27 97
27 98
27 99
27 101
27 102
27 104
27 105
27 106
27 111
27 112
27 114
27 115
27 118
27 119
28 29
28 33
28 34
28 36
28 37
28 38
28 39
28 40
28 41
28 44
28 46
28 50
28 53
28 56
28 57
28 59
28 60
28 61
28 64
28 68
28 71
28 73
28 74
28 75
28 80
28 84
28 86
28 88
28 90
28 91
28 92
28 94
28 98
28 99
28 100
28 101
28 102
28 103
28 108
28 109
28 110
28 111
28 113
28 115
28 118
29 31
29 33
29 34
29 35
29 38
29 39
29 41
29 42
29 43
29 45
29 46
29 49
29 53
29 54
29 55
29 57
29 59
29 61
29 62
29 67
29 70
29 74
29 75
29 76
29 80
29 81
29 84
29 86
29 91
29 95
29 96
29 97
29 99
29 101
29 102
29 103
29 104
29 105
29 109
29 111
29 112
29 113
29 114
29 119
30 31
30 32
30 34
30 36
30 37
30 38
30 39
30 40
30 43
30 45
30 48
30 49
30 52
30 54
30 57
30 59
30 61
30 63
30 64
30 67
30 68
30 69
30 72
30 73
30 78
30 79
30 80
30 86
30 88
30 89
30 92
30 96
30 97
30 98
30 100
30 101
30 102
30 104
30 105
30 106
30 107
30 108
30 109
30 111
30 116
30 117
30 119
30 120
31 32
31 34
31 35
31 36
31 39
31 40
31 46
31 48
31 51
31 54
31 57
31 58
31 59
31 60
31 62
31 65
31 66
31 69
31 70
31 72
31 73
31 74
31 75
31 77
31 80
31 81
31 83
31 85
31 86
31 87
31 88
31 89
31 93
31 94
31 97
31 99
31 101
31 102
31 103
31 105
31 106
31 108
31 109
31 111
31 115
31 119
31 120
32 34
32 37
32 39
32 42
32 43
32 44
32 46
32 47
32 50
32 52
32 55
32 59
32 60
32 62
32 64
32 65
32 67
32 68
32 69
32 70
32 71
32 73
32 74
32 75
32 76
32 79
32 82
32 84
32 90
32 91
32 93
32 95
32 99
32 100
32 102
32 103
32 110
32 111
32 114
32 115
32 116
32 118
33 34
33 35
33 36
33 39
33 40
33 41
33 42
33 43
33 48
33 49
33 50
33 51
33 52
33 53
33 54
33 60
33 66
33 67
33 69
33 71
33 72
33 74
33 75
33 76
33 77
33 78
33 81
33 82
33 84
33 86
33 88
33 91
33 93
33 94
33 95
33 100
33 101
33 102
33 104
33 105
33 106
33 107
33 108
33 109
33 110
33 112
33 113
33 116
33 118
33 120
34 36
34 39
34 41
34 43
34 44
34 45
34 50
34 51
34 54
34 55
34 56
34 57
34 60
34 61
34 62
34 63
34 66
34 68
34 69
34 74
34 76
34 77
34 78
34 80
34 82
34 83
34 86
34 87
34 88
34 89
34 90
34 94
34 96
34 98
34 99
34 100
34 101
34 104
34 105
34 106
34 107
34 110
34 112
34 113
34 115
34 118
34 120
35 37
35 39
35 41
35 42
35 43
35 44
35 45
35 46
35 48
35 49
35 50
35 51
35 60
35 61
35 64
35 69
35 70
35 71
35 75
35 76
35 77
35 79
35 80
35 90
35 91
35 92
35 93
35 97
35 98
35 99
35 101
35 102
35 103
35 106
35 108
35 109
35 114
35 116
35 117
35 118
35 119
35 120
36 39
36 40
36 41
36 42
36 43
36 45
36 46
36 47
36 48
36 50
36 52
36 55
36 56
36 58
36 62
36 63
36 64
36 66
36 67
36 71
36 72
36 74
36 75
36 81
36 84
36 85
36 86
36 87
36 88
36 89
36 91
36 92
36 93
36 94
36 95
36 97
36 100
36 102
36 103
36 104
36 109
36 110
36 112
36 113
36 114
36 116
36 120
37 38
37 39
37 40
37 41
37 43
37 44
37 46
37 47
37 49
37 50
37 51
37 52
37 55
37 58
37 59
37 64
37 65
37 68
37 70
37 71
37 73
37 75
37 76
37 79
37 80
37 82
37 83
37 84
37 85
37 93
37 94
37 95
37 98
37 100
37 101
37 106
37 108
37 109
37 110
37 111
37 112
37 113
37 118
38 40
38 41
38 44
38 45
38 47
38 48
38 51
38 52
38 54
38 56
38 57
38 58
38 60
38 61
38 62
38 63
38 67
38 68
38 69
38 70
38 72
38 74
38 75
38 76
38 79
38 80
38 81
38 83
38 85
38 87
38 88
38 89
38 91
38 93
38 95
38 96
38 97
38 99
38 101
38 102
38 103
38 104
38 105
38 114
38 116
38 117
39 40
39 42
39 46
39 47
39 48
39 51
39 52
39 54
39 55
39 57
39 59
39 60
39 63
39 64
39 65
39 66
39 68
39 69
39 70
39 71
39 73
39 76
39 82
39 88
39 89
39 91
39 92
39 94
39 95
39 96
39 99
39 105
39 107
39 110
39 111
39 112
39 113
39 115
39 118
39 120
40 42
40 45
40 46
40 47
40 49
40 50
40 51
40 53
40 54
40 57
40 58
40 59
40 62
40 63
40 64
40 67
40 69
40 71
40 72
40 75
40 76
40 77
40 82
40 83
40 88
40 92
40 96
40 98
40 99
40 100
40 101
40 102
40 105
40 109
40 111
40 112
40 118
41 43
41 44
41 46
41 47
41 48
41 49
41 50
41 54
41 56
41 58
41 59
41 61
41 62
41 63
41 64
41 67
41 69
41 74
41 75
41 79
41 81
41 85
41 87
41 91
41 92
41 93
41 96
41 98
41 102
41 103
41 105
41 106
41 107
41 109
41 110
41 114
41 115
41 119
42 43
42 44
42 47
42 51
42 55
42 56
42 58
42 60
42 61
42 63
42 64
42 66
42 67
42 69
42 75
42 78
42 79
42 81
42 82
42 85
42 86
42 87
42 90
42 91
42 94
42 95
42 101
42 102
42 105
42 108
42 109
42 111
42 112
42 113
42 114
42 115
42 116
42 117
42 120
43 45
43 46
43 47
43 48
43 50
43 51
43 54
43 55
43 56
43 59
43 60
43 64
43 66
43 67
43 70
43 71
43 72
43 73
43 75
43 77
43 79
43 80
43 81
43 82
43 84
43 88
43 91
43 92
43 98
43 101
43 104
43 106
43 109
43 112
43 114
43 115
43 117
43 119
44 49
44 52
44 55
44 56
44 59
44 63
44 64
44 65
44 66
44 67
44 68
44 69
44 70
44 71
44 73
44 75
44 76
44 77
44 79
44 80
44 83
44 87
44 88
44 89
44 94
44 96
44 98
44 99
44 103
44 104
44 105
44 107
44 109
44 110
44 111
44 112
44 115
44 116
44 117
44 119
45 49
45 50
45 52
45 53
45 56
45 57
45 62
45 63
45 64
45 67
45 68
45 70
45 72
45 73
45 74
45 75
45 78
45 79
45 80
45 81
45 84
45 88
45 91
45 92
45 93
45 94
45 96
45 99
45 100
45 101
45 102
45 103
45 107
45 109
45 110
45 111
45 112
45 113
45 115
45 116
45 117
46 48
46 49
46 51
46 54
46 55
46 56
46 58
46 59
46 61
46 62
46 63
46 65
46 68
46 69
46 70
46 72
46 73
46 76
46 80
46 82
46 83
46 84
46 86
46 87
46 88
46 89
46 91
46 93
46 94
46 95
46 100
46 101
46 103
46 104
46 107
46 108
46 109
46 112
46 113
46 114
46 115
46 118
46 119
46 120
47 56
47 58
47 59
47 62
47 63
47 64
47 67
47 68
47 71
47 72
47 80
47 81
47 82
47 83
47 85
47 86
47 87
47 93
47 94
47 95
47 97
47 103
47 105
47 107
47 108
47 111
47 112
47 113
47 115
47 119
48 49
48 50
48 51
48 53
48 54
48 56
48 57
48 58
48 62
48 63
48 65
48 66
48 69
48 73
48 75
48 76
48 77
48 83
48 85
48 92
48 93
48 94
48 95
48 97
48 98
48 99
48 100
48 101
48 102
48 103
48 104
48 107
48 110
48 113
48 114
48 118
48 119
49 53
49 54
49 58
49 59
49 63
49 64
49 66
49 69
49 70
49 71
49 75
49 76
49 78
49 79
49 80
49 83
49 84
49 85
49 88
49 90
49 91
49 93
49 97
49 100
49 106
49 112
49 113
49 114
49 119
50 51
50 54
50 58
50 59
50 61
50 62
50 63
50 68
50 70
50 71
50 75
50 79
50 81
50 83
50 84
50 85
50 86
50 90
50 93
50 98
50 99
50 100
50 105
50 106
50 108
50 112
50 113
50 114
50 117
50 119
51 57
51 59
51 62
51 63
51 64
51 68
51 69
51 71
51 76
51 77
51 80
51 84
51 86
51 89
51 91
51 92
51 94
51 95
51 96
51 97
51 99
51 108
51 109
51 111
51 115
51 116
51 117
51 119
51 120
52 53
52 55
52 56
52 58
52 59
52 60
52 61
52 63
52 65
52 67
52 70
52 71
52 72
52 77
52 82
52 83
52 88
52 90
52 91
52 92
52 95
52 104
52 106
52 107
52 108
52 109
52 110
52 112
52 113
52 115
52 116
52 118
52 119
53 56
53 57
53 58
53 64
53 66
53 67
53 69
53 70
53 71
53 72
53 73
53 81
53 85
53 86
53 88
53 93
53 95
53 96
53 98
53 101
53 103
53 105
53 107
53 108
53 112
53 113
53 114
53 116
53 117
53 118
53 120
54 55
54 56
54 57
54 58
54 59
54 61
54 63
54 64
54 65
54 69
54 70
54 72
54 76
54 77
54 79
54 80
54 81
54 82
54 83
54 86
54 87
54 88
54 91
54 92
54 94
54 95
54 96
54 97
54 98
54 101
54 102
54 103
54 104
54 105
54 107
54 109
54 110
54 112
54 114
54 115
54 117
54 119
55 57
55 58
55 61
55 63
55 67
55 69
55 70
55 71
55 74
55 75
55 77
55 81
55 83
55 86
55 89
55 93
55 94
55 96
55 98
55 99
55 101
55 104
55 107
55 109
55 110
55 112
55 113
55 114
55 115
56 57
56 58
56 60
56 63
56 64
56 67
56 68
56 69
56 70
56 72
56 75
56 76
56 78
56 81
56 84
56 85
56 86
56 87
56 90
56 91
56 93
56 95
56 97
56 98
56 100
56 101
56 104
56 111
56 112
56 115
56 117
56 119
57 59
57 65
57 66
57 67
57 69
57 70
57 73
57 74
57 76
57 77
57 78
57 79
57 81
57 82
57 84
57 85
57 86
57 88
57 89
57 90
57 91
57 95
57 96
57 97
57 100
57 101
57 102
57 103
57 108
57 110
57 112
57 114
57 115
58 59
58 60
58 65
58 68
58 69
58 72
58 73
58 74
58 76
58 80
58 84
58 87
58 88
58 90
58 94
58 96
58 97
58 98
58 99
58 100
58 101
58 102
58 104
58 106
58 108
58 109
58 111
58 112
58 117
58 118
58 120
59 60
59 61
59 63
59 67
59 69
59 71
59 73
59 75
59 78
59 80
59 81
59 83
59 85
59 87
59 88
59 89
59 90
59 93
59 96
59 97
59 98
59 102
59 103
59 107
59 116
60 63
60 64
60 66
60 67
60 72
60 77
60 79
60 83
60 84
60 85
60 86
60 88
60 89
60 91
60 92
60 94
60 97
60 101
60 102
60 103
60 105
60 108
60 109
60 111
60 115
60 118
60 119
60 120
61 63
61 64
61 66
61 67
61 68
61 69
61 70
61 71
61 72
61 73
61 74
61 75
61 76
61 77
61 79
61 82
61 84
61 86
61 92
61 93
61 94
61 98
61 99
61 100
61 103
61 104
61 107
61 108
61 110
61 114
61 116
61 118
61 119
62 67
62 68
62 69
62 70
62 75
62 78
62 79
62 81
62 82
62 84
62 86
62 87
62 89
62 95
62 97
62 98
62 103
62 105
62 106
62 107
62 109
62 113
62 115
62 117
62 120
63 67
63 68
63 71
63 72
63 74
63 78
63 80
63 82
63 88
63 90
63 97
63 98
63 99
63 102
63 106
63 108
63 111
63 112
63 113
63 114
63 115
63 116
63 117
63 118
64 65
64 66
64 70
64 73
64 76
64 77
64 78
64 79
64 83
64 87
64 89
64 91
64 94
64 96
64 97
64 98
64 100
64 102
64 103
64 105
64 107
64 110
64 112
64 115
64 117
64 118
64 119
64 120
65 69
65 71
65 72
65 73
65 74
65 76
65 78
65 79
65 81
65 85
65 86
65 88
65 89
65 90
65 91
65 92
65 94
65 95
65 97
65 99
65 102
65 103
65 104
65 105
65 107
65 113
65 114
65 119
65 120
66 69
66 71
66 74
66 75
66 80
66 81
66 82
66 83
66 86
66 87
66 88
66 90
66 91
66 92
66 93
66 94
66 95
66 97
66 99
66 100
66 102
66 103
66 104
66 105
66 108
66 110
66 111
66 112
66 114
66 115
66 117
66 118
66 120
67 68
67 69
67 74
67 76
67 77
67 78
67 79
67 80
67 83
67 84
67 85
67 89
67 92
67 95
67 98
67 99
67 100
67 101
67 102
67 104
67 105
67 107
67 108
67 111
67 114
67 119
67 120
68 71
68 72
68 73
68 74
68 75
68 78
68 79
68 80
68 81
68 82
68 83
68 86
68 91
68 92
68 93
68 94
68 95
68 97
68 98
68 99
68 101
68 102
68 104
68 106
68 110
68 111
68 113
68 114
68 116
68 117
69 70
69 72
69 74
69 78
69 81
69 82
69 83
69 84
69 86
69 87
69 88
69 91
69 92
69 97
69 98
69 99
69 100
69 104
69 106
69 108
69 110
69 111
69 112
69 113
69 115
69 117
69 118
70 72
70 75
70 76
70 78
70 80
70 83
70 84
70 86
70 87
70 91
70 93
70 95
70 96
70 97
70 98
70 100
70 104
70 105
70 111
70 112
70 114
70 117
70 118
70 119
70 120
71 73
71 77
71 78
71 79
71 81
71 82
71 85
71 86
71 87
71 88
71 90
71 93
71 94
71 96
71 97
71 100
71 101
71 104
71 105
71 106
71 107
71 109
71 111
71 114
71 116
71 119
72 73
72 75
72 77
72 81
72 83
72 84
72 85
72 87
72 89
72 92
72 93
72 94
72 95
72 96
72 97
72 98
72 99
72 104
72 105
72 106
72 107
72 108
72 109
72 110
72 112
72 113
72 116
72 117
72 118
72 120
73 74
73 75
73 79
73 80
73 83
73 87
73 88
73 89
73 91
73 95
73 99
73 101
73 103
73 105
73 106
73 107
73 108
73 109
73 110
73 111
73 112
73 114
73 115
73 116
73 118
73 120
74 77
74 78
74 81
74 82
74 83
74 84
74 86
74 87
74 89
74 96
74 97
74 98
74 99
74 101
74 102
74 103
74 105
74 107
74 111
74 112
74 113
74 114
74 115
74 116
74 120
75 76
75 77
75 79
75 80
75 86
75 92
75 95
75 96
75 98
75 100
75 101
75 103
75 105
75 111
75 112
75 115
75 116
75 117
75 120
76 77
76 79
76 80
76 83
76 84
76 85
76 87
76 89
76 90
76 91
76 92
76 94
76 95
76 97
76 98
76 99
76 100
76 102
76 104
76 105
76 106
76 107
76 111
76 114
76 118
76 119
77 82
77 84
77 85
77 86
77 88
77 90
77 92
77 93
77 102
77 108
77 117
77 119
78 79
78 80
78 82
78 83
78 84
78 86
78 87
78 90
78 96
78 98
78 99
78 101
78 102
78 104
78 105
78 106
78 107
78 110
78 111
78 113
78 114
78 116
78 117
78 118
79 84
79 85
79 87
79 88
79 93
79 94
79 95
79 97
79 98
79 99
79 101
79 102
79 106
79 107
79 109
79 110
79 112
79 115
79 116
79 117
80 81
80 82
80 83
80 84
80 85
80 94
80 95
80 96
80 97
80 99
80 101
80 106
80 108
80 112
80 113
80 118
80 119
80 120
81 82
81 84
81 85
81 86
81 88
81 90
81 92
81 94
81 95
81 96
81 99
81 102
81 104
81 105
81 107
81 108
81 109
81 110
81 111
81 112
81 113
81 116
81 119
81 120
82 83
82 84
82 85
82 86
82 87
82 88
82 89
82 92
82 95
82 96
82 98
82 99
82 101
82 102
82 103
82 104
82 105
82 107
82 110
82 117
82 118
82 119
82 120
83 84
83 85
83 89
83 90
83 91
83 92
83 99
83 102
83 103
83 105
83 106
83 110
83 111
83 113
83 114
83 115
83 116
83 117
83 118
83 119
84 85
84 86
84 89
84 91
84 92
84 94
84 99
84 100
84 104
84 105
84 108
84 109
84 114
84 117
84 119
84 120
85 86
85 87
85 91
85 92
85 94
85 95
85 97
85 99
85 101
85 102
85 103
85 106
85 107
85 110
85 114
85 115
85 117
86 87
86 88
86 89
86 91
86 93
86 104
86 110
86 112
86 115
86 116
86 117
86 120
87 88
87 89
87 90
87 94
87 97
87 99
87 101
87 102
87 103
87 105
87 106
87 108
87 110
87 111
87 112
87 117
87 118
87 120
88 89
88 92
88 94
88 96
88 99
88 100
88 101
88 102
88 105
88 106
88 107
88 109
88 114
88 118
88 119
88 120
89 90
89 91
89 92
89 95
89 97
89 99
89 100
89 101
89 103
89 104
89 106
89 107
89 110
89 111
89 113
89 114
89 117
89 119
90 91
90 93
90 94
90 95
90 102
90 103
90 104
90 108
90 110
90 111
90 117
90 119
90 120
91 93
91 94
91 96
91 99
91 100
91 102
91 106
91 110
91 114
91 115
91 118
91 119
91 120
92 93
92 94
92 96
92 97
92 98
92 99
92 102
92 104
92 105
92 106
92 109
92 110
92 114
92 115
92 117
92 119
92 120
93 94
93 95
93 97
93 98
93 100
93 102
93 103
93 106
93 107
93 109
93 119
93 120
94 95
94 96
94 97
94 101
94 104
94 106
94 108
94 114
94 119
94 120
95 96
95 98
95 99
95 100
95 106
95 107
95 111
95 112
95 113
95 114
95 115
95 118
96 97
96 101
96 102
96 105
96 107
96 108
96 109
96 110
96 113
96 115
96 117
96 119
96 120
97 98
97 99
97 100
97 101
97 102
97 105
97 108
97 109
97 110
97 111
97 119
97 120
98 100
98 102
98 104
98 107
98 111
98 116
98 117
98 118
98 119
99 100
99 101
99 105
99 106
99 107
99 108
99 109
99 112
99 114
99 117
99 120
100 101
100 103
100 105
100 106
100 107
100 108
100 111
100 114
100 118
100 119
101 102
101 103
101 104
101 106
101 107
101 108
101 109
101 110
101 112
101 114
101 115
101 116
101 118
102 103
102 104
102 106
102 110
102 111
102 112
102 114
102 115
102 119
102 120
103 106
103 107
103 108
103 109
103 110
103 111
103 116
104 107
104 108
104 112
104 114
104 115
104 119
105 106
105 111
105 115
105 116
105 117
105 118
106 110
106 113
106 116
106 117
106 119
106 120
107 108
107 110
107 115
107 116
107 117
107 119
108 111
108 112
108 113
108 114
108 120
109 111
109 113
109 114
109 115
109 116
109 117
110 114
110 119
111 112
111 113
111 114
111 115
111 120
112 113
112 117
112 119
113 114
113 115
113 120
114 115
114 116
114 119
115 116
116 117
116 118
116 119
116 120
117 120
118 119
