c random_120_3570
120 3570
1 2
1 3
1 6
1 8
1 11
1 12
1 13
1 14
1 15
1 18
1 20
1 22
1 23
1 24
1 25
1 27
1 30
1 31
1 32
1 33
1 34
1 36
1 39
1 40
1 42
1 43
1 45
1 46
1 47
1 48
1 52
1 54
1 56
1 57
1 58
1 59
1 60
1 61
1 65
1 68
1 69
1 71
1 74
1 75
1 77
1 79
1 83
1 85
1 87
1 93
1 94
1 95
1 98
1 101
1 104
1 105
1 109
1 111
1 112
1 115
1 118
1 119
1 120
2 3
2 5
2 7
2 8
2 9
2 10
2 11
2 13
2 14
2 17
2 19
2 21
2 22
2 32
2 33
2 34
2 39
2 43
2 45
2 49
2 51
2 52
2 54
2 56
2 58
2 60
2 61
2 62
2 63
2 64
2 65
2 68
2 69
2 70
2 71
2 72
2 74
2 76
2 79
2 82
2 83
2 85
2 86
2 87
2 88
2 89
2 91
2 92
2 94
2 96
2 97
2 99
2 102
2 103
2 108
2 115
2 117
3 7
3 8
3 13
3 14
3 15
3 19
3 20
3 21
3 22
3 23
3 25
3 28
3 29
3 30
3 33
3 35
3 40
3 41
3 42
3 44
3 46
3 47
3 50
3 53
3 54
3 55
3 57
3 58
3 60
3 62
3 64
3 65
3 66
3 67
3 71
3 75
3 76
3 77
3 78
3 79
3 83
3 85
3 86
3 87
3 88
3 89
3 91
3 92
3 93
3 95
3 98
3 99
3 101
3 102
3 104
3 106
3 107
3 108
3 109
3 110
3 112
3 113
3 116
3 117
3 119
3 120
4 8
4 10
4 12
4 13
4 21
4 22
4 23
4 25
4 28
4 31
4 32
4 34
4 35
4 41
4 45
4 46
4 48
4 49
4 50
4 51
4 52
4 53
4 54
4 56
4 57
4 60
4 63
4 64
4 68
4 72
4 74
4 75
4 78
4 82
4 87
4 89
4 91
4 92
4 94
4 96
4 97
4 100
4 102
4 103
4 105
4 107
4 108
4 109
4 116
4 117
4 118
4 120
5 6
5 8
5 9
5 12
5 14
5 16
5 18
5 19
5 20
5 22
5 26
5 27
5 28
5 29
5 32
5 33
5 34
5 38
5 39
5 40
5 41
5 42
5 43
5 44
5 47
5 48
5 50
5 51
5 52
5 54
5 57
5 61
5 62
5 63
5 66
5 71
5 73
5 74
5 75
5 77
5 78
5 87
5 89
5 90
5 93
5 95
5 97
5 105
5 106
5 107
5 109
5 110
5 111
5 113
5 114
5 116
5 117
5 119
5 120
6 8
6 11
6 12
6 13
6 14
6 17
6 18
6 20
6 25
6 26
6 27
6 31
6 33
6 34
6 38
6 40
6 42
6 46
6 47
6 49
6 50
6 52
6 53
6 54
6 57
6 58
6 59
6 61
6 65
6 68
6 70
6 71
6 72
6 73
6 74
6 75
6 76
6 77
6 79
6 80
6 81
6 82
6 85
6 87
6 88
6 91
6 93
6 97
6 98
6 99
6 104
6 105
6 107
6 108
6 109
6 113
6 118
6 119
6 120
7 8
7 9
7 12
7 15
7 19
7 20
7 23
7 26
7 28
7 29
7 31
7 32
7 33
7 37
7 40
7 43
7 45
7 46
7 47
7 50
7 52
7 54
7 58
7 60
7 63
7 67
7 68
7 70
7 72
7 74
7 75
7 82
7 83
7 84
7 85
7 87
7 88
7 91
7 93
7 95
7 96
7 97
7 98
7 99
7 100
7 104
7 106
7 109
7 110
7 113
7 114
7 115
7 118
7 120
8 10
8 14
8 17
8 19
8 20
8 21
8 22
8 28
8 29
8 34
8 35
8 36
8 37
8 40
8 41
8 42
8 43
8 49
8 50
8 52
8 53
8 54
8 56
8 57
8 60
8 61
8 62
8 63
8 64
8 65
8 66
8 67
8 73
8 74
8 76
8 77
8 80
8 81
8 82
8 83
8 84
8 85
8 87
8 89
8 90
8 91
8 92
8 93
8 97
8 99
8 100
8 101
8 102
8 103
8 104
8 107
8 108
8 114
8 115
8 116
8 117
8 118
8 120
9 13
9 14
9 15
9 16
9 19
9 21
9 22
9 23
9 26
9 27
9 29
9 30
9 31
9 32
9 33
9 35
9 36
9 37
9 38
9 40
9 42
9 43
9 46
9 48
9 49
9 50
9 51
9 53
9 55
9 56
9 60
9 61
9 63
9 64
9 65
9 66
9 68
9 70
9 71
9 73
9 74
9 77
9 82
9 83
9 87
9 88
9 93
9 95
9 96
9 97
9 98
9 101
9 102
9 104
9 107
9 109
9 111
9 117
9 118
9 119
10 11
10 12
10 15
10 20
10 21
10 22
10 24
10 25
10 26
10 27
10 28
10 29
10 30
10 31
10 33
10 39
10 40
10 42
10 45
10 46
10 47
10 50
10 51
10 52
10 53
10 54
10 55
10 60
10 62
10 63
10 64
10 67
10 68
10 70
10 72
10 73
10 75
10 77
10 81
10 84
10 85
10 86
10 88
10 89
10 91
10 94
10 95
10 98
10 100
10 102
10 104
10 105
10 107
10 108
10 110
10 111
10 112
10 114
10 115
10 118
10 119
10 120
11 12
11 14
11 16
11 18
11 19
11 20
11 21
11 24
11 29
11 32
11 34
11 35
11 37
11 38
11 40
11 41
11 44
11 46
11 47
11 49
11 52
11 53
11 54
11 55
11 56
11 57
11 58
11 59
11 63
11 65
11 66
11 69
11 70
11 72
11 73
11 74
11 77
11 79
11 80
11 82
11 83
11 85
11 86
11 88
11 90
11 91
11 92
11 93
11 97
11 98
11 100
11 101
11 109
11 111
11 117
11 118
11 119
12 13
12 15
12 16
12 18
12 19
12 20
12 23
12 24
12 25
12 27
12 28
12 32
12 34
12 35
12 36
12 38
12 39
12 42
12 46
12 50
12 54
12 55
12 56
12 57
12 59
12 62
12 63
12 65
12 67
12 70
12 72
12 76
12 79
12 80
12 85
12 86
12 88
12 89
12 91
12 92
12 94
12 95
12 96
12 97
12 99
12 101
12 102
12 103
12 104
12 105
12 106
12 108
12 111
12 112
12 113
12 114
12 116
12 119
12 120
13 16
13 19
13 20
13 21
13 22
13 23
13 24
13 25
13 26
13 27
13 29
13 31
13 33
13 34
13 36
13 37
13 39
13 42
13 43
13 48
13 49
13 51
13 54
13 55
13 56
13 58
13 60
13 61
13 64
13 65
13 68
13 71
13 76
13 78
13 79
13 80
13 82
13 85
13 86
13 87
13 89
13 90
13 91
13 93
13 97
13 101
13 102
13 104
13 107
13 111
13 112
13 113
13 117
13 118
14 15
14 17
14 19
14 20
14 25
14 26
14 28
14 29
14 33
14 35
14 39
14 42
14 43
14 44
14 45
14 46
14 47
14 49
14 53
14 54
14 59
14 61
14 63
14 69
14 70
14 74
14 75
14 76
14 78
14 83
14 86
14 87
14 88
14 90
14 91
14 92
14 93
14 95
14 98
14 100
14 101
14 103
14 104
14 112
14 116
14 118
14 119
14 120
15 16
15 17
15 19
15 20
15 21
15 23
15 25
15 26
15 27
15 28
15 29
15 30
15 34
15 35
15 36
15 38
15 39
15 46
15 47
15 49
15 50
15 53
15 55
15 56
15 57
15 60
15 61
15 62
15 63
15 66
15 67
15 68
15 73
15 74
15 75
15 78
15 79
15 85
15 86
15 87
15 88
15 89
15 90
15 91
15 94
15 95
15 97
15 98
15 100
15 101
15 102
15 104
15 106
15 107
15 111
15 118
15 119
16 18
16 19
16 20
16 21
16 23
16 25
16 29
16 32
16 33
16 36
16 37
16 38
16 40
16 42
16 46
16 48
16 51
16 58
16 65
16 66
16 68
16 70
16 72
16 79
16 81
16 86
16 91
16 93
16 95
16 96
16 98
16 102
16 103
16 104
16 105
16 108
16 111
16 113
16 118
16 119
16 120
17 21
17 22
17 23
17 25
17 26
17 27
17 28
17 29
17 30
17 31
17 33
17 34
17 35
17 36
17 37
17 38
17 40
17 42
17 43
17 44
17 46
17 47
17 51
17 52
17 53
17 55
17 58
17 59
17 61
17 62
17 64
17 69
17 70
17 73
17 74
17 76
17 79
17 81
17 84
17 85
17 88
17 90
17 91
17 92
17 94
17 101
17 104
17 105
17 106
17 112
17 113
17 116
17 119
17 120
18 19
18 20
18 21
18 22
18 23
18 24
18 25
18 31
18 32
18 33
18 36
18 39
18 40
18 41
18 42
18 43
18 49
18 51
18 52
18 53
18 54
18 55
18 60
18 62
18 64
18 65
18 66
18 68
18 70
18 71
18 73
18 76
18 77
18 78
18 80
18 82
18 83
18 84
18 85
18 88
18 89
18 90
18 91
18 92
18 93
18 94
18 95
18 97
18 98
18 101
18 102
18 104
18 105
18 107
18 108
18 109
18 110
18 113
18 116
18 117
18 120
19 20
19 24
19 25
19 26
19 28
19 29
19 30
19 33
19 34
19 39
19 40
19 41
19 43
19 44
19 48
19 49
19 50
19 53
19 54
19 55
19 57
19 58
19 60
19 63
19 67
19 69
19 72
19 73
19 74
19 76
19 77
19 78
19 80
19 81
19 84
19 86
19 87
19 93
19 94
19 95
19 96
19 98
19 100
19 101
19 107
19 108
19 109
19 110
19 111
19 113
19 114
19 116
19 118
19 119
20 21
20 22
20 27
20 28
20 29
20 32
20 39
20 41
20 43
20 44
20 47
20 52
20 53
20 54
20 55
20 59
20 60
20 62
20 63
20 64
20 68
20 69
20 70
20 72
20 74
20 75
20 76
20 78
20 80
20 84
20 88
20 89
20 91
20 92
20 93
20 95
20 96
20 98
20 100
20 101
20 103
20 104
20 105
20 107
20 109
20 110
20 113
20 114
20 115
20 117
20 118
20 120
21 23
21 24
21 27
21 29
21 30
21 31
21 32
21 33
21 34
21 35
21 40
21 41
21 42
21 43
21 44
21 46
21 47
21 48
21 51
21 52
21 53
21 57
21 58
21 61
21 64
21 65
21 68
21 70
21 71
21 73
21 74
21 80
21 82
21 86
21 87
21 95
21 96
21 97
21 99
21 105
21 106
21 107
21 108
21 110
21 112
21 116
21 118
22 24
22 26
22 29
22 30
22 34
22 36
22 37
22 40
22 41
22 43
22 44
22 46
22 47
22 48
22 49
22 50
22 51
22 52
22 53
22 55
22 56
22 59
22 66
22 70
22 71
22 73
22 74
22 78
22 84
22 91
22 92
22 93
22 94
22 96
22 97
22 98
22 104
22 105
22 106
22 107
22 109
22 111
22 112
22 113
22 115
22 117
22 119
23 24
23 29
23 30
23 31
23 32
23 38
23 43
23 45
23 46
23 47
23 49
23 51
23 53
23 56
23 58
23 60
23 61
23 62
23 63
23 64
23 66
23 67
23 68
23 69
23 73
23 74
23 79
23 80
23 83
23 85
23 86
23 87
23 88
23 90
23 91
23 94
23 100
23 103
23 106
23 108
23 111
23 114
23 115
23 116
23 118
24 25
24 27
24 28
24 29
24 33
24 34
24 35
24 36
24 38
24 40
24 41
24 43
24 44
24 45
24 46
24 47
24 50
24 51
24 52
24 56
24 57
24 61
24 62
24 67
24 68
24 70
24 77
24 78
24 79
24 80
24 82
24 87
24 91
24 92
24 93
24 97
24 99
24 100
24 101
24 102
24 103
24 105
24 106
24 107
24 108
24 110
24 112
24 115
24 116
24 117
24 120
25 28
25 30
25 31
25 32
25 35
25 38
25 39
25 40
25 50
25 52
25 53
25 54
25 55
25 56
25 60
25 61
25 62
25 64
25 66
25 67
25 69
25 70
25 71
25 72
25 76
25 77
25 79
25 81
25 82
25 83
25 84
25 86
25 87
25 90
25 92
25 95
25 96
25 98
25 99
25 100
25 102
25 103
25 105
25 110
25 111
25 113
25 114
25 116
26 27
26 28
26 29
26 31
26 32
26 33
26 34
26 39
26 41
26 42
26 44
26 45
26 49
26 50
26 52
26 53
26 56
26 59
26 60
26 61
26 63
26 64
26 66
26 70
26 76
26 77
26 79
26 80
26 81
26 83
26 84
26 86
26 88
26 92
26 93
26 94
26 95
26 97
26 99
26 100
26 101
26 103
26 104
26 105
26 106
26 111
26 112
26 114
26 116
26 120
27 28
27 33
27 34
27 35
27 36
27 37
27 38
27 39
27 41
27 44
27 45
27 47
27 48
27 52
27 55
27 61
27 62
27 65
27 66
27 70
27 72
27 73
27 77
27 78
27 81
27 83
27 84
27 87
27 90
27 91
27 92
27 93
27 94
27 95
27 96
27 98
27 99
27 100
27 101
27 108
27 111
27 113
27 115
28 30
28 37
28 39
28 41
28 42
28 44
28 45
28 46
28 51
28 53
28 54
28 55
28 56
28 57
28 58
28 60
28 63
28 65
28 67
28 68
28 69
28 73
28 74
28 79
28 80
28 81
28 82
28 83
28 84
28 87
28 88
28 89
28 90
28 94
28 97
28 98
28 99
28 100
28 103
28 105
28 107
28 110
28 111
28 113
28 116
29 31
29 32
29 36
29 37
29 38
29 41
29 43
29 46
29 47
29 48
29 49
29 50
29 51
29 53
29 57
29 58
29 61
29 62
29 64
29 65
29 69
29 72
29 73
29 76
29 77
29 80
29 83
29 84
29 85
29 93
29 94
29 97
29 101
29 106
29 107
29 113
29 115
29 117
29 120
30 32
30 33
30 35
30 36
30 39
30 41
30 42
30 43
30 44
30 45
30 47
30 49
30 50
30 53
30 54
30 55
30 56
30 57
30 60
30 62
30 63
30 66
30 67
30 68
30 70
30 73
30 74
30 76
30 78
30 80
30 81
30 82
30 83
30 84
30 85
30 89
30 90
30 92
30 97
30 102
30 105
30 108
30 109
30 110
30 114
30 115
30 119
30 120
31 34
31 38
31 41
31 45
31 46
31 47
31 50
31 51
31 53
31 56
31 59
31 62
31 63
31 64
31 66
31 67
31 68
31 69
31 71
31 72
31 73
31 75
31 76
31 77
31 78
31 80
31 81
31 82
31 84
31 85
31 86
31 87
31 89
31 90
31 91
31 96
31 99
31 102
31 103
31 105
31 107
31 112
31 113
31 114
31 115
31 117
31 118
31 119
31 120
32 33
32 35
32 36
32 37
32 38
32 41
32 43
32 44
32 45
32 47
32 48
32 50
32 51
32 54
32 56
32 57
32 61
32 66
32 67
32 69
32 70
32 74
32 76
32 77
32 78
32 79
32 81
32 82
32 84
32 86
32 88
32 89
32 93
32 95
32 96
32 97
32 98
32 99
32 100
32 101
32 105
32 109
32 110
32 117
32 118
32 119
33 35
33 36
33 37
33 38
33 39
33 40
33 42
33 46
33 47
33 49
33 54
33 55
33 58
33 59
33 60
33 61
33 63
33 65
33 66
33 67
33 69
33 71
33 73
33 74
33 75
33 76
33 77
33 83
33 87
33 88
33 89
33 92
33 93
33 95
33 96
33 97
33 99
33 101
33 105
33 106
33 107
33 112
33 113
33 115
33 116
33 119
34 35
34 36
34 37
34 38
34 40
34 41
34 43
34 49
34 50
34 52
34 59
34 60
34 65
34 67
34 68
34 69
34 70
34 71
34 75
34 77
34 78
34 79
34 82
34 84
34 89
34 90
34 92
34 93
34 96
34 97
34 98
34 99
34 102
34 105
34 111
34 113
34 115
34 117
34 119
34 120
35 36
35 38
35 40
35 47
35 50
35 53
35 55
35 56
35 58
35 59
35 61
35 63
35 64
35 65
35 66
35 68
35 71
35 72
35 73
35 74
35 75
35 78
35 80
35 82
35 83
35 84
35 86
35 88
35 89
35 91
35 92
35 95
35 97
35 98
35 99
35 100
35 101
35 102
35 105
35 108
35 109
35 111
35 116
36 37
36 38
36 40
36 42
36 48
36 53
36 55
36 56
36 66
36 69
36 70
36 73
36 74
36 78
36 81
36 82
36 83
36 84
36 85
36 88
36 89
36 91
36 92
36 94
36 96
36 98
36 101
36 106
36 107
36 109
36 112
36 113
36 115
36 116
36 118
36 119
37 41
37 43
37 44
37 45
37 46
37 47
37 48
37 50
37 51
37 52
37 55
37 59
37 62
37 63
37 65
37 67
37 68
37 69
37 75
37 77
37 78
37 82
37 83
37 84
37 87
37 89
37 91
37 97
37 101
37 104
37 108
37 111
37 113
37 114
37 116
37 117
37 118
37 120
38 39
38 40
38 41
38 44
38 45
38 46
38 50
38 52
38 59
38 62
38 63
38 64
38 65
38 68
38 69
38 70
38 72
38 73
38 75
38 76
38 81
38 83
38 84
38 87
38 89
38 90
38 92
38 95
38 97
38 98
38 99
38 100
38 102
38 106
38 109
38 111
38 112
38 114
38 115
38 116
38 118
38 120
39 44
39 48
39 50
39 55
39 56
39 60
39 61
39 62
39 63
39 65
39 66
39 72
39 73
39 77
39 78
39 79
39 80
39 81
39 84
39 85
39 86
39 88
39 90
39 93
39 94
39 95
39 96
39 98
39 102
39 103
39 105
39 108
39 110
39 113
39 116
39 117
39 120
40 45
40 47
40 48
40 49
40 50
40 51
40 53
40 56
40 59
40 60
40 62
40 63
40 65
40 69
40 70
40 72
40 75
40 79
40 81
40 83
40 84
40 85
40 86
40 87
40 88
40 89
40 90
40 91
40 95
40 96
40 97
40 99
40 100
40 101
40 103
40 104
40 105
40 106
40 109
40 111
40 113
40 114
40 115
40 116
41 42
41 44
41 45
41 48
41 51
41 54
41 57
41 61
41 62
41 64
41 65
41 66
41 67
41 71
41 76
41 78
41 80
41 81
41 82
41 84
41 88
41 90
41 91
41 93
41 94
41 95
41 96
41 103
41 104
41 105
41 108
41 109
41 111
41 112
41 113
41 114
41 115
41 119
42 48
42 49
42 50
42 51
42 53
42 56
42 58
42 61
42 63
42 65
42 66
42 74
42 76
42 78
42 79
42 81
42 82
42 83
42 84
42 85
42 87
42 96
42 100
42 102
42 104
42 105
42 107
42 108
42 109
42 113
42 116
42 117
42 118
42 119
42 120
43 47
43 52
43 54
43 55
43 56
43 63
43 64
43 65
43 69
43 74
43 75
43 76
43 79
43 81
43 82
43 83
43 86
43 88
43 90
43 91
43 92
43 93
43 94
43 96
43 99
43 100
43 102
43 103
43 104
43 105
43 109
43 110
43 111
43 114
43 115
43 116
43 117
43 119
44 45
44 53
44 54
44 56
44 57
44 58
44 61
44 62
44 63
44 64
44 66
44 67
44 68
44 69
44 75
44 76
44 81
44 82
44 83
44 84
44 86
44 88
44 90
44 92
44 94
44 96
44 97
44 98
44 100
44 101
44 103
44 104
44 106
44 111
44 115
44 116
44 117
44 118
45 46
45 50
45 53
45 54
45 57
45 58
45 61
45 65
45 66
45 67
45 68
45 71
45 74
45 75
45 77
45 78
45 80
45 83
45 86
45 87
45 90
45 95
45 99
45 104
45 106
45 107
45 108
45 109
45 111
45 112
45 113
45 114
45 117
45 118
45 119
46 47
46 48
46 51
46 53
46 54
46 55
46 56
46 58
46 60
46 61
46 64
46 65
46 67
46 68
46 70
46 71
46 74
46 75
46 76
46 83
46 85
46 86
46 89
46 96
46 97
46 98
46 99
46 100
46 103
46 104
46 106
46 107
46 109
46 112
46 120
47 48
47 50
47 52
47 54
47 57
47 63
47 66
47 71
47 73
47 74
47 76
47 77
47 79
47 82
47 84
47 85
47 88
47 89
47 90
47 92
47 93
47 95
47 100
47 102
47 103
47 104
47 107
47 114
47 115
47 117
47 120
48 49
48 50
48 51
48 52
48 53
48 55
48 56
48 60
48 61
48 62
48 64
48 65
48 66
48 69
48 72
48 73
48 74
48 79
48 80
48 81
48 82
48 83
48 88
48 93
48 96
48 97
48 98
48 99
48 100
48 105
48 106
48 107
48 108
48 113
48 118
48 119
48 120
49 50
49 62
49 65
49 69
49 70
49 71
49 72
49 73
49 78
49 80
49 81
49 86
49 88
49 91
49 93
49 94
49 95
49 97
49 98
49 102
49 103
49 104
49 105
49 106
49 107
49 108
49 109
49 115
49 116
49 117
49 118
49 120
50 51
50 56
50 58
50 61
50 67
50 68
50 69
50 71
50 72
50 73
50 74
50 75
50 77
50 80
50 82
50 85
50 86
50 87
50 88
50 90
50 99
50 101
50 102
50 103
50 104
50 105
50 106
50 107
50 109
50 110
50 111
50 114
50 115
50 117
50 120
51 52
51 55
51 57
51 59
51 61
51 62
51 65
51 69
51 71
51 74
51 75
51 80
51 84
51 87
51 91
51 94
51 95
51 96
51 97
51 99
51 101
51 102
51 104
51 106
51 109
51 112
51 116
51 118
51 119
52 53
52 54
52 57
52 63
52 64
52 65
52 67
52 68
52 69
52 70
52 71
52 72
52 73
52 74
52 75
52 76
52 78
52 79
52 81
52 84
52 86
52 87
52 89
52 91
52 92
52 93
52 94
52 95
52 96
52 97
52 98
52 99
52 100
52 101
52 104
52 105
52 108
52 109
52 112
52 118
53 54
53 56
53 58
53 65
53 66
53 67
53 69
53 71
53 72
53 74
53 75
53 76
53 78
53 80
53 82
53 83
53 85
53 89
53 91
53 92
53 93
53 97
53 98
53 99
53 100
53 101
53 102
53 103
53 105
53 107
53 108
53 110
53 111
53 112
53 116
53 117
53 119
54 56
54 57
54 60
54 61
54 62
54 64
54 65
54 66
54 68
54 69
54 71
54 72
54 75
54 76
54 78
54 79
54 81
54 82
54 83
54 85
54 88
54 89
54 90
54 91
54 96
54 102
54 103
54 104
54 105
54 106
54 108
54 110
54 111
54 115
54 116
54 117
54 118
54 119
55 56
55 58
55 59
55 60
55 65
55 69
55 70
55 71
55 74
55 80
55 81
55 82
55 83
55 84
55 85
55 86
55 90
55 92
55 93
55 100
55 102
55 103
55 104
55 105
55 106
55 107
55 109
55 110
55 111
55 112
55 113
55 114
55 117
55 118
55 119
55 120
56 57
56 63
56 64
56 66
56 70
56 72
56 75
56 76
56 77
56 78
56 82
56 85
56 87
56 88
56 89
56 90
56 94
56 95
56 96
56 97
56 98
56 99
56 101
56 103
56 105
56 118
57 58
57 59
57 60
57 61
57 62
57 63
57 65
57 67
57 70
57 76
57 77
57 79
57 81
57 85
57 86
57 90
57 93
57 95
57 97
57 99
57 100
57 103
57 105
57 106
57 107
57 109
57 111
57 113
57 114
57 115
57 117
57 118
57 119
57 120
58 59
58 60
58 61
58 64
58 65
58 66
58 69
58 71
58 72
58 73
58 75
58 76
58 82
58 84
58 85
58 88
58 92
58 96
58 97
58 99
58 100
58 101
58 103
58 104
58 106
58 109
58 110
58 113
58 114
58 115
58 117
58 120
59 60
59 66
59 67
59 70
59 71
59 72
59 73
59 74
59 75
59 76
59 77
59 82
59 83
59 85
59 88
59 90
59 91
59 92
59 93
59 94
59 95
59 96
59 98
59 99
59 101
59 103
59 104
59 105
59 106
59 108
59 111
59 113
59 115
59 117
59 120
60 67
60 71
60 72
60 77
60 78
60 81
60 82
60 83
60 84
60 86
60 87
60 89
60 90
60 91
60 92
60 93
60 95
60 97
60 99
60 100
60 101
60 103
60 104
60 107
60 110
60 112
60 113
60 114
61 63
61 64
61 69
61 73
61 80
61 83
61 84
61 85
61 86
61 88
61 90
61 93
61 95
61 98
61 99
61 101
61 103
61 105
61 106
61 112
61 113
61 115
61 116
61 119
62 64
62 65
62 66
62 68
62 70
62 71
62 73
62 77
62 80
62 83
62 84
62 85
62 88
62 89
62 94
62 96
62 97
62 102
62 105
62 109
62 110
62 111
62 115
62 116
62 117
62 118
63 66
63 67
63 68
63 70
63 71
63 74
63 75
63 77
63 79
63 82
63 83
63 85
63 86
63 87
63 91
63 93
63 94
63 96
63 99
63 100
63 101
63 103
63 105
63 107
63 108
63 114
63 116
63 117
63 120
64 65
64 66
64 67
64 68
64 70
64 73
64 81
64 82
64 83
64 84
64 85
64 86
64 90
64 95
64 98
64 99
64 101
64 107
64 109
64 111
64 112
64 113
64 114
64 117
64 120
65 68
65 69
65 70
65 72
65 73
65 74
65 77
65 79
65 81
65 82
65 85
65 86
65 89
65 90
65 91
65 93
65 97
65 98
65 100
65 102
65 104
65 106
65 108
65 112
65 115
65 116
65 118
65 119
66 67
66 69
66 74
66 77
66 78
66 79
66 81
66 83
66 85
66 90
66 93
66 97
66 101
66 106
66 110
66 111
66 114
66 115
66 117
66 118
67 71
67 72
67 75
67 76
67 77
67 78
67 81
67 87
67 90
67 91
67 92
67 94
67 98
67 99
67 102
67 103
67 104
67 105
67 109
67 110
67 111
67 115
67 118
67 119
67 120
68 69
68 74
68 76
68 77
68 79
68 82
68 83
68 85
68 86
68 87
68 88
68 90
68 91
68 92
68 93
68 94
68 98
68 103
68 104
68 106
68 110
68 111
68 113
68 115
68 117
68 119
68 120
69 74
69 75
69 76
69 77
69 78
69 79
69 82
69 83
69 85
69 87
69 88
69 91
69 94
69 98
69 99
69 100
69 103
69 105
69 106
69 107
69 108
69 109
69 111
69 113
69 114
69 115
69 116
69 118
69 120
70 72
70 73
70 75
70 76
70 78
70 84
70 86
70 88
70 89
70 90
70 98
70 100
70 101
70 102
70 103
70 104
70 105
70 108
70 109
70 110
70 112
70 115
70 116
71 73
71 74
71 77
71 78
71 79
71 80
71 82
71 84
71 85
71 86
71 87
71 88
71 89
71 91
71 92
71 93
71 96
71 97
71 98
71 102
71 105
71 106
71 108
71 109
71 110
71 111
71 112
71 114
71 115
71 117
71 120
72 73
72 74
72 76
72 82
72 83
72 84
72 86
72 90
72 93
72 94
72 95
72 97
72 101
72 104
72 106
72 107
72 108
72 110
72 111
72 112
72 113
72 114
72 115
72 119
72 120
73 74
73 75
73 76
73 77
73 78
73 79
73 80
73 81
73 82
73 83
73 84
73 87
73 92
73 96
73 98
73 102
73 103
73 104
73 105
73 106
73 107
73 108
73 114
73 117
74 75
74 76
74 77
74 78
74 79
74 80
74 81
74 82
74 85
74 88
74 89
74 90
74 91
74 100
74 102
74 103
74 104
74 107
74 108
74 114
74 117
75 77
75 78
75 79
75 82
75 85
75 88
75 89
75 90
75 92
75 93
75 101
75 110
75 111
75 115
75 116
75 117
76 79
76 80
76 81
76 88
76 91
76 94
76 98
76 100
76 101
76 104
76 107
76 108
76 109
76 110
76 111
76 112
76 113
76 118
77 78
77 81
77 82
77 83
77 85
77 86
77 87
77 91
77 92
77 95
77 99
77 102
77 104
77 105
77 106
77 107
77 114
77 115
77 120
78 80
78 82
78 83
78 84
78 85
78 86
78 88
78 89
78 90
78 91
78 94
78 96
78 98
78 102
78 103
78 106
78 108
78 111
78 115
78 116
78 119
79 83
79 84
79 87
79 88
79 90
79 91
79 92
79 93
79 95
79 99
79 100
79 102
79 104
79 106
79 108
79 113
79 114
80 84
80 85
80 86
80 87
80 88
80 90
80 93
80 94
80 95
80 97
80 98
80 100
80 103
80 105
80 108
80 111
80 112
80 114
80 115
80 117
80 118
80 119
80 120
81 83
81 84
81 86
81 87
81 88
81 89
81 90
81 92
81 94
81 99
81 100
81 102
81 105
81 106
81 110
81 111
81 112
81 113
81 114
81 115
81 119
81 120
82 84
82 85
82 92
82 95
82 96
82 99
82 101
82 102
82 103
82 104
82 105
82 106
82 107
82 108
82 111
82 118
82 120
83 84
83 86
83 87
83 89
83 90
83 91
83 92
83 93
83 97
83 98
83 99
83 100
83 104
83 105
83 106
83 109
83 114
83 115
83 117
83 118
83 119
83 120
84 85
84 86
84 89
84 91
84 92
84 95
84 97
84 98
84 99
84 100
84 102
84 105
84 106
84 110
84 111
84 112
84 115
84 118
85 89
85 90
85 91
85 92
85 95
85 96
85 98
85 100
85 101
85 102
85 104
85 105
85 106
85 107
85 108
85 110
85 112
85 113
85 114
85 115
85 117
85 119
86 89
86 90
86 91
86 92
86 93
86 94
86 98
86 99
86 100
86 101
86 104
86 107
86 108
86 109
86 110
86 111
86 112
86 116
87 88
87 93
87 94
87 95
87 102
87 105
87 106
87 107
87 110
87 111
87 112
87 113
87 115
87 119
87 120
88 89
88 93
88 95
88 97
88 98
88 99
88 105
88 109
88 110
88 118
88 119
88 120
89 93
89 94
89 95
89 96
89 98
89 99
89 100
89 102
89 105
89 106
89 108
89 109
89 110
89 112
89 113
89 115
89 116
89 117
89 118
89 119
89 120
90 91
90 95
90 96
90 98
90 100
90 101
90 102
90 105
90 106
90 108
90 109
90 110
90 112
90 116
90 117
91 93
91 95
91 97
91 103
91 105
91 108
91 109
91 110
91 111
91 113
91 114
91 118
91 120
92 94
92 95
92 96
92 97
92 100
92 101
92 103
92 105
92 106
92 109
92 110
92 111
92 112
92 113
92 115
92 116
92 119
92 120
93 97
93 98
93 99
93 100
93 101
93 102
93 106
93 109
93 110
93 112
93 113
93 118
93 120
94 97
94 98
94 99
94 102
94 103
94 104
94 105
94 106
94 107
94 108
94 109
94 110
94 111
94 113
94 114
94 115
94 117
94 118
94 119
95 99
95 105
95 112
95 117
95 120
96 99
96 102
96 103
96 105
96 107
96 108
96 109
96 111
96 112
96 116
96 117
96 118
96 119
96 120
97 99
97 102
97 107
97 109
97 110
97 111
97 112
97 113
97 114
97 115
97 118
98 99
98 100
98 102
98 104
98 105
98 106
98 110
98 112
98 115
98 116
98 118
98 119
99 100
99 102
99 105
99 106
99 107
99 108
99 109
99 110
99 112
99 116
99 117
100 101
100 102
100 103
100 105
100 106
100 107
100 108
100 111
100 112
100 116
100 120
101 102
101 103
101 107
101 109
101 110
101 111
101 112
101 113
101 120
102 104
102 105
102 109
102 112
102 113
102 114
102 115
102 120
103 105
103 107
103 111
103 112
103 114
103 115
103 117
103 119
103 120
104 105
104 109
104 110
104 114
104 115
104 116
104 117
104 119
104 120
105 115
105 116
105 119
106 107
106 111
106 112
106 116
107 111
107 114
107 117
107 119
108 109
108 111
108 113
108 114
108 116
108 117
108 120
109 110
109 112
109 113
109 114
109 116
109 118
109 119
109 120
110 111
110 113
110 115
110 118
110 120
111 112
111 115
111 118
112 114
112 115
112 117
113 116
113 117
113 118
114 116
114 120
115 118
115 119
116 117
116 118
116 119
116 120
117 118
117 120
