c random_120_3570
120 3570
1 2
1 3
1 4
1 5
1 8
1 9
1 10
1 13
1 14
1 17
1 21
1 22
1 23
1 30
1 33
1 34
1 35
1 37
1 39
1 40
1 42
1 43
1 44
1 47
1 48
1 53
1 54
1 55
1 59
1 60
1 62
1 63
1 64
1 65
1 69
1 70
1 71
1 72
1 74
1 76
1 77
1 81
1 82
1 83
1 88
1 89
1 90
1 91
1 92
1 93
1 95
1 96
1 98
1 99
1 104
1 106
1 108
1 110
1 114
1 119
2 3
2 5
2 6
2 11
2 13
2 16
2 17
2 19
2 21
2 29
2 30
2 34
2 36
2 37
2 41
2 42
2 46
2 49
2 52
2 53
2 54
2 55
2 56
2 57
2 58
2 59
2 60
2 62
2 63
2 64
2 65
2 68
2 69
2 70
2 73
2 74
2 75
2 76
2 78
2 79
2 81
2 84
2 85
2 88
2 92
2 93
2 94
2 95
2 101
2 106
2 110
2 113
2 115
2 116
2 117
2 118
3 4
3 6
3 7
3 8
3 9
3 12
3 13
3 14
3 15
3 17
3 18
3 19
3 20
3 22
3 23
3 27
3 28
3 31
3 32
3 33
3 34
3 35
3 36
3 37
3 38
3 39
3 42
3 46
3 47
3 48
3 49
3 50
3 56
3 59
3 60
3 61
3 64
3 65
3 67
3 68
3 71
3 72
3 73
3 75
3 78
3 80
3 83
3 84
3 85
3 88
3 90
3 91
3 92
3 94
3 95
3 96
3 97
3 105
3 106
3 107
3 110
3 111
3 112
3 115
3 116
3 118
3 120
4 6
4 8
4 11
4 12
4 14
4 19
4 21
4 23
4 26
4 29
4 30
4 31
4 33
4 34
4 37
4 39
4 40
4 41
4 42
4 44
4 45
4 46
4 48
4 49
4 50
4 51
4 54
4 55
4 56
4 58
4 59
4 63
4 68
4 69
4 75
4 77
4 79
4 81
4 82
4 83
4 87
4 88
4 89
4 90
4 94
4 95
4 96
4 98
4 100
4 101
4 106
4 107
4 108
4 109
4 111
4 112
4 114
4 115
4 116
4 117
4 120
5 6
5 7
5 9
5 11
5 13
5 15
5 17
5 18
5 20
5 21
5 24
5 29
5 30
5 31
5 32
5 34
5 39
5 41
5 42
5 43
5 44
5 46
5 48
5 49
5 53
5 57
5 58
5 59
5 60
5 61
5 65
5 67
5 68
5 69
5 72
5 73
5 74
5 75
5 77
5 78
5 79
5 82
5 83
5 87
5 89
5 90
5 91
5 92
5 95
5 97
5 98
5 99
5 100
5 101
5 103
5 105
5 110
5 111
5 113
5 114
5 115
5 116
5 117
5 119
5 120
6 7
6 8
6 9
6 10
6 15
6 17
6 18
6 19
6 21
6 23
6 24
6 25
6 28
6 29
6 30
6 46
6 47
6 52
6 55
6 57
6 58
6 59
6 60
6 65
6 66
6 69
6 71
6 72
6 73
6 75
6 76
6 77
6 80
6 82
6 84
6 85
6 89
6 90
6 91
6 93
6 94
6 96
6 97
6 98
6 99
6 100
6 101
6 102
6 103
6 105
6 107
6 109
6 112
6 116
6 118
6 119
7 8
7 9
7 10
7 18
7 19
7 20
7 21
7 22
7 23
7 24
7 26
7 32
7 34
7 45
7 47
7 48
7 50
7 52
7 53
7 54
7 55
7 58
7 61
7 63
7 64
7 65
7 66
7 69
7 72
7 73
7 74
7 77
7 78
7 81
7 82
7 86
7 87
7 90
7 92
7 97
7 98
7 100
7 101
7 103
7 109
7 110
7 112
7 113
7 115
7 117
7 118
8 10
8 11
8 13
8 16
8 18
8 19
8 20
8 24
8 26
8 32
8 34
8 35
8 39
8 42
8 43
8 44
8 45
8 46
8 48
8 49
8 52
8 55
8 58
8 63
8 64
8 65
8 71
8 72
8 73
8 76
8 77
8 78
8 82
8 83
8 84
8 85
8 87
8 88
8 89
8 90
8 92
8 93
8 95
8 96
8 97
8 104
8 106
8 107
8 108
8 111
8 112
8 116
8 117
8 119
8 120
9 10
9 13
9 14
9 16
9 18
9 25
9 26
9 30
9 31
9 33
9 34
9 40
9 41
9 42
9 47
9 48
9 49
9 50
9 52
9 53
9 55
9 56
9 60
9 61
9 62
9 63
9 65
9 66
9 71
9 72
9 73
9 76
9 78
9 80
9 82
9 83
9 84
9 85
9 87
9 90
9 93
9 94
9 95
9 98
9 99
9 101
9 104
9 108
9 109
9 111
9 113
9 114
9 116
9 118
9 119
10 14
10 21
10 22
10 23
10 25
10 27
10 31
10 32
10 35
10 36
10 37
10 40
10 44
10 46
10 51
10 52
10 54
10 55
10 56
10 59
10 61
10 64
10 65
10 66
10 67
10 69
10 74
10 76
10 78
10 80
10 84
10 85
10 87
10 88
10 89
10 91
10 93
10 95
10 100
10 101
10 102
10 104
10 105
10 107
10 109
10 111
10 112
10 113
10 117
10 118
10 119
11 13
11 16
11 19
11 21
11 22
11 24
11 26
11 27
11 28
11 31
11 34
11 35
11 36
11 38
11 39
11 40
11 43
11 44
11 45
11 46
11 48
11 50
11 51
11 53
11 54
11 60
11 61
11 66
11 67
11 72
11 73
11 75
11 79
11 80
11 83
11 84
11 85
11 86
11 87
11 89
11 90
11 92
11 94
11 95
11 96
11 98
11 99
11 100
11 111
11 114
11 117
11 120
12 13
12 15
12 17
12 19
12 21
12 23
12 27
12 28
12 29
12 30
12 31
12 34
12 35
12 36
12 37
12 39
12 41
12 42
12 43
12 46
12 49
12 50
12 54
12 55
12 56
12 58
12 59
12 65
12 67
12 68
12 69
12 74
12 75
12 77
12 78
12 79
12 82
12 83
12 84
12 89
12 91
12 94
12 95
12 97
12 101
12 102
12 103
12 104
12 105
12 106
12 108
12 110
12 111
12 115
12 117
12 118
12 119
13 16
13 17
13 18
13 19
13 22
13 25
13 26
13 27
13 30
13 32
13 33
13 35
13 36
13 39
13 43
13 44
13 45
13 46
13 49
13 52
13 53
13 57
13 58
13 60
13 61
13 66
13 69
13 71
13 73
13 74
13 75
13 79
13 82
13 83
13 87
13 88
13 91
13 93
13 94
13 95
13 97
13 99
13 100
13 101
13 102
13 104
13 105
13 106
13 108
13 109
13 110
13 112
13 114
13 118
13 119
13 120
14 15
14 17
14 19
14 22
14 28
14 29
14 31
14 35
14 40
14 41
14 44
14 45
14 46
14 48
14 50
14 52
14 53
14 54
14 58
14 60
14 67
14 70
14 71
14 75
14 78
14 79
14 81
14 83
14 84
14 85
14 88
14 89
14 91
14 92
14 94
14 96
14 97
14 102
14 103
14 108
14 110
14 112
14 113
14 115
14 118
14 119
14 120
15 17
15 18
15 19
15 21
15 22
15 24
15 25
15 27
15 30
15 31
15 32
15 33
15 34
15 38
15 42
15 45
15 46
15 48
15 50
15 51
15 52
15 53
15 55
15 56
15 58
15 59
15 60
15 61
15 64
15 65
15 66
15 68
15 75
15 76
15 77
15 78
15 83
15 84
15 85
15 91
15 92
15 93
15 94
15 97
15 98
15 99
15 107
15 108
15 109
15 111
15 112
15 113
15 116
15 117
15 118
15 119
15 120
16 18
16 19
16 20
16 21
16 23
16 24
16 28
16 30
16 32
16 34
16 38
16 39
16 40
16 41
16 42
16 43
16 44
16 46
16 47
16 48
16 51
16 54
16 57
16 58
16 60
16 62
16 63
16 65
16 66
16 68
16 69
16 71
16 72
16 76
16 78
16 79
16 83
16 91
16 93
16 95
16 97
16 98
16 99
16 102
16 106
16 107
16 113
16 116
16 117
16 119
16 120
17 18
17 21
17 23
17 25
17 27
17 28
17 32
17 33
17 35
17 36
17 39
17 41
17 45
17 49
17 50
17 52
17 53
17 54
17 55
17 56
17 57
17 60
17 61
17 62
17 64
17 67
17 68
17 69
17 70
17 71
17 74
17 75
17 76
17 78
17 79
17 81
17 83
17 85
17 86
17 88
17 91
17 95
17 106
17 108
17 109
17 110
17 116
17 117
17 119
18 21
18 22
18 26
18 29
18 33
18 34
18 36
18 37
18 38
18 40
18 41
18 42
18 44
18 45
18 46
18 47
18 51
18 52
18 53
18 57
18 58
18 59
18 60
18 62
18 63
18 64
18 66
18 68
18 70
18 72
18 73
18 74
18 75
18 77
18 78
18 83
18 86
18 93
18 94
18 95
18 97
18 98
18 99
18 100
18 103
18 104
18 106
18 108
18 109
18 110
18 116
18 117
19 20
19 21
19 23
19 25
19 29
19 30
19 32
19 33
19 34
19 37
19 38
19 40
19 41
19 43
19 45
19 47
19 49
19 51
19 54
19 57
19 58
19 61
19 65
19 66
19 67
19 69
19 70
19 71
19 72
19 73
19 74
19 77
19 78
19 83
19 84
19 86
19 87
19 90
19 91
19 93
19 94
19 95
19 97
19 100
19 104
19 105
19 106
19 108
19 109
19 110
19 111
19 113
19 116
20 28
20 29
20 32
20 34
20 38
20 41
20 42
20 43
20 44
20 49
20 50
20 51
20 54
20 55
20 57
20 58
20 59
20 62
20 63
20 65
20 70
20 71
20 72
20 73
20 75
20 76
20 77
20 78
20 79
20 81
20 85
20 86
20 87
20 88
20 90
20 92
20 93
20 94
20 95
20 96
20 97
20 100
20 102
20 104
20 106
20 108
20 111
21 23
21 26
21 29
21 38
21 39
21 47
21 48
21 49
21 50
21 52
21 53
21 56
21 59
21 60
21 61
21 63
21 65
21 68
21 69
21 72
21 73
21 78
21 79
21 80
21 84
21 86
21 89
21 93
21 94
21 99
21 101
21 103
21 108
21 109
21 113
21 114
21 115
22 23
22 24
22 27
22 29
22 35
22 36
22 41
22 44
22 45
22 50
22 51
22 52
22 55
22 56
22 57
22 61
22 66
22 67
22 69
22 70
22 71
22 73
22 74
22 76
22 78
22 80
22 84
22 85
22 86
22 90
22 92
22 95
22 99
22 100
22 101
22 102
22 103
22 104
22 107
22 108
22 109
22 118
22 120
23 28
23 29
23 31
23 33
23 34
23 35
23 36
23 37
23 38
23 40
23 41
23 43
23 44
23 45
23 46
23 47
23 49
23 51
23 52
23 53
23 54
23 56
23 57
23 60
23 61
23 63
23 64
23 66
23 67
23 70
23 71
23 73
23 76
23 77
23 78
23 79
23 80
23 82
23 83
23 84
23 85
23 87
23 88
23 89
23 91
23 92
23 93
23 96
23 100
23 102
23 103
23 107
23 110
23 111
23 113
23 118
23 119
24 27
24 29
24 30
24 32
24 33
24 35
24 36
24 37
24 38
24 39
24 42
24 43
24 45
24 46
24 47
24 48
24 49
24 50
24 51
24 53
24 55
24 56
24 57
24 58
24 59
24 60
24 62
24 63
24 64
24 65
24 68
24 69
24 70
24 75
24 76
24 77
24 79
24 80
24 83
24 85
24 86
24 91
24 97
24 101
24 102
24 103
24 105
24 108
24 113
24 117
24 118
24 120
25 26
25 28
25 30
25 35
25 36
25 38
25 42
25 43
25 47
25 57
25 59
25 61
25 62
25 63
25 65
25 66
25 71
25 73
25 74
25 75
25 79
25 80
25 81
25 82
25 83
25 88
25 91
25 93
25 95
25 98
25 100
25 101
25 102
25 103
25 105
25 106
25 107
25 109
25 116
26 28
26 32
26 36
26 39
26 41
26 42
26 44
26 45
26 48
26 50
26 51
26 52
26 55
26 58
26 66
26 67
26 68
26 76
26 77
26 79
26 80
26 82
26 83
26 85
26 89
26 92
26 95
26 98
26 100
26 101
26 102
26 103
26 104
26 105
26 106
26 107
26 108
26 109
26 110
26 115
26 116
26 117
26 118
26 119
27 28
27 30
27 31
27 32
27 34
27 35
27 39
27 40
27 41
27 43
27 48
27 49
27 51
27 53
27 56
27 57
27 58
27 60
27 67
27 68
27 70
27 76
27 77
27 78
27 84
27 85
27 86
27 90
27 91
27 95
27 96
27 97
27 98
27 99
27 102
27 103
27 105
27 107
27 108
27 110
27 116
27 117
28 30
28 34
28 37
28 40
28 41
28 42
28 45
28 46
28 47
28 48
28 51
28 54
28 56
28 57
28 59
28 61
28 66
28 69
28 70
28 72
28 74
28 75
28 76
28 78
28 80
28 81
28 82
28 83
28 84
28 85
28 89
28 91
28 93
28 94
28 99
28 101
28 105
28 107
28 112
28 113
28 116
28 118
28 120
29 30
29 31
29 32
29 34
29 36
29 40
29 41
29 43
29 51
29 54
29 56
29 57
29 58
29 60
29 66
29 67
29 68
29 71
29 75
29 76
29 78
29 80
29 81
29 82
29 83
29 86
29 88
29 89
29 90
29 91
29 92
29 93
29 94
29 98
29 99
29 103
29 111
29 114
29 115
29 117
29 119
30 31
30 32
30 34
30 36
30 38
30 41
30 43
30 47
30 48
30 49
30 50
30 51
30 54
30 55
30 59
30 60
30 61
30 64
30 65
30 70
30 73
30 74
30 76
30 77
30 79
30 80
30 81
30 84
30 87
30 90
30 91
30 93
30 94
30 97
30 98
30 99
30 100
30 101
30 103
30 104
30 105
30 106
30 113
30 114
30 115
30 116
30 117
30 120
31 32
31 34
31 35
31 38
31 39
31 40
31 43
31 45
31 46
31 47
31 52
31 55
31 57
31 59
31 60
31 62
31 63
31 64
31 66
31 69
31 70
31 71
31 73
31 76
31 79
31 80
31 84
31 86
31 88
31 89
31 95
31 96
31 98
31 100
31 101
31 103
31 111
31 113
31 117
31 118
31 120
32 33
32 34
32 35
32 36
32 37
32 38
32 40
32 41
32 42
32 43
32 44
32 46
32 47
32 49
32 50
32 52
32 56
32 57
32 58
32 61
32 64
32 66
32 67
32 68
32 69
32 73
32 74
32 75
32 77
32 80
32 81
32 82
32 85
32 89
32 92
32 93
32 95
32 96
32 98
32 99
32 101
32 102
32 103
32 106
32 108
32 109
32 110
32 111
32 112
32 113
32 115
32 116
32 117
32 119
32 120
33 34
33 35
33 36
33 37
33 39
33 41
33 46
33 47
33 53
33 55
33 57
33 58
33 59
33 60
33 63
33 64
33 65
33 66
33 68
33 69
33 72
33 78
33 79
33 80
33 83
33 85
33 88
33 89
33 91
33 92
33 93
33 98
33 99
33 100
33 101
33 102
33 103
33 105
33 107
33 108
33 111
33 119
34 36
34 37
34 38
34 42
34 43
34 44
34 47
34 48
34 49
34 51
34 54
34 55
34 56
34 57
34 58
34 64
34 67
34 68
34 72
34 74
34 76
34 77
34 82
34 83
34 84
34 89
34 90
34 92
34 95
34 98
34 101
34 102
34 103
34 105
34 106
34 108
34 109
34 113
34 115
34 120
35 37
35 40
35 41
35 42
35 43
35 44
35 46
35 47
35 48
35 49
35 50
35 51
35 52
35 54
35 58
35 62
35 63
35 70
35 72
35 73
35 74
35 75
35 77
35 79
35 80
35 83
35 86
35 87
35 89
35 90
35 91
35 92
35 93
35 94
35 96
35 97
35 100
35 102
35 104
35 106
35 107
35 108
35 112
35 115
35 119
36 38
36 40
36 45
36 46
36 53
36 54
36 56
36 57
36 65
36 67
36 68
36 69
36 70
36 71
36 72
36 73
36 74
36 75
36 76
36 77
36 78
36 79
36 82
36 83
36 89
36 90
36 92
36 93
36 94
36 95
36 96
36 97
36 98
36 100
36 103
36 105
36 106
36 107
36 108
36 111
36 114
36 115
36 116
36 117
36 118
36 120
37 39
37 40
37 42
37 43
37 44
37 45
37 46
37 47
37 48
37 49
37 50
37 51
37 57
37 59
37 60
37 63
37 66
37 68
37 69
37 71
37 74
37 78
37 80
37 82
37 83
37 84
37 86
37 92
37 95
37 96
37 99
37 107
37 109
37 111
37 112
37 113
37 115
37 116
37 118
38 41
38 45
38 47
38 50
38 51
38 52
38 53
38 54
38 56
38 57
38 60
38 61
38 63
38 64
38 65
38 70
38 72
38 75
38 76
38 78
38 79
38 84
38 85
38 87
38 88
38 90
38 91
38 96
38 97
38 98
38 100
38 104
38 105
38 107
38 109
38 112
38 115
38 116
38 117
38 119
39 40
39 43
39 44
39 45
39 47
39 48
39 51
39 52
39 53
39 55
39 56
39 58
39 59
39 60
39 62
39 65
39 68
39 70
39 73
39 75
39 77
39 78
39 79
39 80
39 81
39 83
39 84
39 87
39 90
39 91
39 92
39 94
39 95
39 97
39 98
39 99
39 100
39 101
39 104
39 105
39 109
39 111
39 113
39 114
39 116
39 117
39 119
39 120
40 44
40 45
40 48
40 50
40 51
40 53
40 54
40 57
40 60
40 62
40 63
40 67
40 68
40 69
40 70
40 73
40 74
40 75
40 76
40 82
40 83
40 86
40 88
40 93
40 94
40 95
40 96
40 97
40 99
40 100
40 104
40 107
40 109
40 113
40 116
40 118
41 42
41 45
41 46
41 47
41 51
41 54
41 57
41 58
41 59
41 63
41 65
41 67
41 68
41 70
41 73
41 76
41 80
41 81
41 82
41 84
41 85
41 86
41 87
41 88
41 89
41 91
41 93
41 94
41 96
41 97
41 100
41 101
41 102
41 103
41 104
41 105
41 106
41 110
41 112
41 113
41 119
42 44
42 46
42 47
42 50
42 51
42 53
42 55
42 57
42 58
42 59
42 61
42 63
42 64
42 69
42 70
42 71
42 73
42 74
42 76
42 77
42 78
42 82
42 85
42 89
42 93
42 95
42 103
42 104
42 105
42 107
42 109
42 110
42 111
42 112
42 113
42 116
42 120
43 44
43 46
43 48
43 49
43 50
43 51
43 52
43 53
43 57
43 58
43 60
43 61
43 62
43 64
43 66
43 67
43 68
43 69
43 70
43 72
43 74
43 77
43 78
43 80
43 81
43 82
43 83
43 84
43 87
43 88
43 89
43 91
43 93
43 94
43 97
43 100
43 105
43 108
43 109
43 111
43 112
43 114
43 118
43 119
44 45
44 50
44 51
44 52
44 53
44 55
44 57
44 58
44 59
44 60
44 61
44 62
44 63
44 64
44 65
44 67
44 68
44 73
44 75
44 77
44 78
44 80
44 81
44 85
44 87
44 89
44 91
44 92
44 93
44 95
44 96
44 97
44 98
44 99
44 102
44 108
44 112
44 113
44 115
44 116
44 118
44 119
45 47
45 50
45 52
45 53
45 55
45 59
45 63
45 65
45 66
45 67
45 69
45 70
45 74
45 75
45 77
45 79
45 80
45 84
45 85
45 86
45 87
45 89
45 90
45 92
45 93
45 94
45 95
45 96
45 98
45 99
45 100
45 104
45 105
45 106
45 107
45 111
45 112
45 114
45 118
45 119
45 120
46 49
46 51
46 52
46 53
46 54
46 55
46 57
46 63
46 64
46 65
46 66
46 69
46 70
46 73
46 74
46 79
46 81
46 82
46 84
46 85
46 87
46 91
46 92
46 93
46 94
46 95
46 96
46 98
46 100
46 102
46 104
46 107
46 108
46 109
46 110
46 111
46 113
46 116
46 117
46 118
47 49
47 51
47 53
47 55
47 57
47 58
47 60
47 63
47 64
47 65
47 66
47 69
47 71
47 76
47 77
47 78
47 79
47 81
47 82
47 83
47 86
47 90
47 94
47 96
47 100
47 101
47 103
47 105
47 109
47 111
47 116
47 117
48 49
48 52
48 54
48 55
48 56
48 58
48 59
48 60
48 63
48 69
48 70
48 73
48 76
48 77
48 79
48 80
48 82
48 83
48 85
48 88
48 89
48 91
48 93
48 95
48 96
48 97
48 98
48 100
48 103
48 106
48 107
48 109
48 111
48 112
48 116
48 117
48 118
49 50
49 51
49 52
49 53
49 55
49 56
49 57
49 58
49 61
49 63
49 65
49 66
49 67
49 68
49 70
49 71
49 72
49 74
49 77
49 78
49 79
49 82
49 83
49 85
49 87
49 89
49 91
49 92
49 95
49 98
49 99
49 100
49 101
49 102
49 103
49 104
49 105
49 108
49 109
49 110
49 112
49 113
49 114
49 116
49 117
49 118
50 52
50 53
50 54
50 55
50 60
50 61
50 62
50 63
50 64
50 65
50 66
50 67
50 68
50 69
50 70
50 71
50 75
50 76
50 77
50 78
50 80
50 83
50 84
50 87
50 90
50 92
50 93
50 95
50 97
50 98
50 100
50 101
50 102
50 103
50 104
50 105
50 106
50 108
50 109
50 111
50 112
50 115
50 117
50 119
50 120
51 52
51 53
51 56
51 59
51 62
51 64
51 67
51 68
51 69
51 70
51 73
51 74
51 75
51 76
51 79
51 82
51 83
51 88
51 89
51 92
51 93
51 94
51 95
51 97
51 100
51 101
51 103
51 105
51 107
51 109
51 110
51 111
51 112
51 114
51 115
51 116
51 118
52 53
52 54
52 55
52 57
52 59
52 60
52 61
52 62
52 63
52 65
52 66
52 67
52 72
52 76
52 77
52 78
52 80
52 82
52 83
52 84
52 86
52 88
52 89
52 90
52 91
52 92
52 95
52 99
52 100
52 101
52 104
52 106
52 107
52 109
52 115
52 116
52 118
52 119
52 120
53 57
53 58
53 62
53 63
53 65
53 67
53 72
53 74
53 75
53 78
53 80
53 81
53 82
53 84
53 86
53 87
53 88
53 91
53 92
53 93
53 96
53 98
53 99
53 108
53 109
53 111
53 112
53 113
53 114
53 115
53 116
53 117
54 59
54 60
54 62
54 64
54 68
54 69
54 70
54 72
54 75
54 79
54 80
54 86
54 89
54 93
54 98
54 99
54 101
54 102
54 103
54 105
54 108
54 109
54 110
54 112
54 117
54 119
55 57
55 58
55 59
55 60
55 61
55 64
55 65
55 68
55 69
55 70
55 73
55 74
55 76
55 77
55 78
55 83
55 85
55 86
55 91
55 94
55 101
55 102
55 103
55 106
55 107
55 112
55 115
55 116
55 117
55 119
55 120
56 60
56 63
56 68
56 71
56 73
56 75
56 76
56 77
56 79
56 81
56 82
56 86
56 90
56 91
56 93
56 94
56 95
56 96
56 102
56 104
56 107
56 108
56 109
56 114
56 115
56 116
56 117
56 118
56 120
57 58
57 61
57 63
57 65
57 67
57 68
57 70
57 71
57 72
57 74
57 75
57 76
57 77
57 78
57 80
57 81
57 85
57 88
57 89
57 91
57 92
57 93
57 94
57 95
57 96
57 97
57 98
57 100
57 101
57 103
57 104
57 106
57 108
57 110
57 116
57 120
58 59
58 61
58 62
58 64
58 66
58 68
58 70
58 74
58 75
58 77
58 78
58 80
58 81
58 84
58 86
58 90
58 92
58 95
58 96
58 98
58 100
58 102
58 105
58 109
58 110
58 111
58 113
58 119
58 120
59 63
59 64
59 66
59 67
59 68
59 71
59 72
59 75
59 79
59 83
59 84
59 85
59 88
59 89
59 90
59 91
59 92
59 93
59 95
59 96
59 101
59 102
59 103
59 104
59 105
59 106
59 108
59 112
59 113
59 114
59 115
59 117
59 118
59 120
60 63
60 65
60 66
60 67
60 69
60 71
60 73
60 74
60 76
60 79
60 80
60 83
60 84
60 86
60 93
60 94
60 96
60 99
60 104
60 105
60 106
60 107
60 108
60 111
60 112
60 114
60 115
60 116
61 63
61 64
61 66
61 67
61 68
61 71
61 76
61 77
61 78
61 80
61 82
61 85
61 88
61 91
61 92
61 94
61 96
61 97
61 98
61 99
61 100
61 102
61 103
61 107
61 108
61 109
61 110
61 112
61 114
61 116
61 117
61 118
61 120
62 66
62 68
62 70
62 71
62 75
62 77
62 78
62 85
62 87
62 89
62 90
62 91
62 93
62 95
62 98
62 100
62 101
62 102
62 105
62 109
62 110
62 111
62 112
62 113
62 114
62 116
62 119
62 120
63 67
63 68
63 69
63 70
63 72
63 73
63 78
63 81
63 82
63 84
63 87
63 88
63 90
63 91
63 97
63 98
63 99
63 100
63 101
63 102
63 103
63 104
63 106
63 109
63 110
63 111
63 112
63 114
63 116
63 118
64 65
64 67
64 68
64 69
64 71
64 74
64 75
64 79
64 80
64 82
64 84
64 85
64 86
64 90
64 91
64 95
64 97
64 99
64 100
64 101
64 103
64 105
64 107
64 108
64 112
64 113
64 114
64 117
65 66
65 67
65 70
65 72
65 73
65 75
65 77
65 78
65 79
65 80
65 81
65 86
65 88
65 90
65 91
65 97
65 102
65 104
65 106
65 107
65 108
65 109
65 110
65 111
65 113
65 116
65 117
66 67
66 68
66 71
66 76
66 77
66 80
66 81
66 82
66 84
66 85
66 87
66 88
66 90
66 92
66 95
66 96
66 98
66 112
66 115
66 118
66 119
66 120
67 68
67 69
67 71
67 72
67 73
67 74
67 75
67 76
67 77
67 78
67 81
67 87
67 88
67 92
67 93
67 94
67 100
67 101
67 102
67 104
67 109
67 112
67 114
67 115
67 116
67 117
67 118
67 119
68 70
68 72
68 73
68 74
68 76
68 77
68 78
68 80
68 81
68 83
68 84
68 89
68 90
68 91
68 92
68 98
68 99
68 100
68 101
68 102
68 104
68 105
68 106
68 107
68 108
68 112
68 113
68 115
68 117
68 118
68 120
69 70
69 73
69 74
69 76
69 80
69 81
69 82
69 83
69 85
69 86
69 87
69 89
69 93
69 94
69 95
69 99
69 104
69 107
69 108
69 110
69 111
69 112
69 113
69 114
69 116
69 117
69 118
69 119
70 72
70 74
70 79
70 82
70 84
70 85
70 86
70 88
70 89
70 90
70 91
70 96
70 100
70 101
70 103
70 104
70 108
70 109
70 110
70 113
70 115
70 116
70 120
71 72
71 75
71 82
71 83
71 86
71 88
71 90
71 91
71 92
71 93
71 94
71 98
71 99
71 103
71 105
71 110
71 111
71 112
71 114
71 116
71 117
71 119
72 73
72 78
72 81
72 82
72 83
72 85
72 87
72 89
72 90
72 91
72 92
72 94
72 95
72 97
72 98
72 99
72 100
72 101
72 102
72 103
72 107
72 112
72 116
72 118
73 74
73 75
73 79
73 80
73 82
73 83
73 84
73 89
73 90
73 91
73 95
73 96
73 97
73 101
73 105
73 107
73 111
73 112
73 114
73 117
73 118
73 119
74 75
74 79
74 83
74 84
74 89
74 91
74 95
74 96
74 97
74 102
74 103
74 105
74 107
74 108
74 110
74 111
74 112
74 114
74 117
74 118
74 119
75 77
75 78
75 80
75 81
75 82
75 83
75 87
75 89
75 91
75 94
75 97
75 98
75 102
75 103
75 110
75 111
75 114
75 115
75 116
75 118
75 119
75 120
76 78
76 80
76 82
76 83
76 84
76 86
76 87
76 90
76 93
76 95
76 97
76 99
76 103
76 105
76 106
76 108
76 109
76 113
76 114
76 115
76 119
77 78
77 82
77 84
77 86
77 87
77 88
77 90
77 91
77 92
77 93
77 94
77 95
77 96
77 99
77 100
77 101
77 108
77 109
77 112
77 113
77 114
77 115
77 117
77 118
77 119
77 120
78 79
78 80
78 81
78 82
78 84
78 85
78 88
78 90
78 94
78 98
78 99
78 101
78 104
78 105
78 110
78 112
78 113
79 80
79 82
79 83
79 84
79 85
79 92
79 93
79 94
79 95
79 97
79 98
79 99
79 100
79 104
79 107
79 111
79 113
79 118
80 81
80 82
80 85
80 86
80 89
80 95
80 98
80 99
80 102
80 107
80 108
80 110
80 111
80 112
80 113
80 114
80 116
80 120
81 84
81 92
81 93
81 94
81 95
81 100
81 101
81 102
81 103
81 104
81 107
81 108
81 110
81 111
81 112
81 115
81 119
81 120
82 85
82 88
82 92
82 93
82 95
82 96
82 98
82 101
82 102
82 103
82 107
82 113
82 114
82 115
82 116
82 120
83 84
83 85
83 86
83 91
83 92
83 93
83 97
83 98
83 99
83 100
83 101
83 102
83 106
83 107
83 112
83 115
83 116
83 119
83 120
84 96
84 97
84 98
84 99
84 100
84 101
84 103
84 104
84 105
84 108
84 109
84 112
84 113
84 117
84 118
84 120
85 89
85 92
85 93
85 94
85 95
85 97
85 101
85 102
85 103
85 106
85 107
85 110
85 112
85 114
85 116
86 87
86 88
86 92
86 95
86 101
86 102
86 104
86 105
86 108
86 109
86 116
86 117
86 119
87 90
87 91
87 94
87 98
87 102
87 103
87 106
87 107
87 108
87 110
87 112
87 115
87 116
87 117
88 89
88 93
88 97
88 98
88 100
88 101
88 102
88 105
88 106
88 107
88 108
88 109
88 110
88 111
88 112
88 116
88 117
88 119
89 91
89 92
89 93
89 94
89 95
89 96
89 99
89 100
89 103
89 104
89 105
89 106
89 108
89 110
89 111
89 116
89 118
89 119
90 92
90 97
90 98
90 99
90 100
90 101
90 103
90 105
90 108
90 109
90 114
90 116
90 117
90 118
90 120
91 93
91 96
91 99
91 101
91 102
91 103
91 104
91 111
91 112
91 113
91 115
91 118
92 97
92 99
92 101
92 104
92 105
92 106
92 107
92 111
92 112
92 115
92 117
93 96
93 97
93 99
93 100
93 101
93 103
93 104
93 105
93 106
93 108
93 113
93 119
94 96
94 98
94 102
94 103
94 105
94 106
94 110
94 111
94 113
94 115
94 119
95 96
95 98
95 100
95 104
95 108
95 109
95 110
95 114
95 115
95 117
95 118
95 120
96 99
96 101
96 102
96 105
96 106
96 108
96 111
96 117
96 118
96 119
96 120
97 98
97 99
97 100
97 103
97 104
97 108
97 111
97 112
97 113
97 114
97 115
97 119
97 120
98 101
98 102
98 103
98 104
98 106
98 107
98 111
98 112
98 114
98 116
99 100
99 101
99 103
99 106
99 107
99 108
99 110
99 111
99 112
99 113
99 116
99 119
99 120
100 101
100 102
100 104
100 105
100 106
100 107
100 108
100 111
100 112
100 113
100 115
100 117
100 118
101 102
101 103
101 104
101 106
101 107
101 109
101 112
101 115
101 116
101 117
101 118
101 119
101 120
102 104
102 105
102 107
102 112
102 113
102 115
102 116
102 117
103 107
103 108
103 109
103 111
103 113
103 114
103 117
103 120
104 105
104 109
104 111
104 112
104 114
104 120
105 106
105 109
105 112
105 115
105 116
105 118
105 119
105 120
106 107
106 108
106 110
106 112
106 115
106 116
106 117
106 118
107 109
107 110
107 112
107 113
107 114
107 115
107 116
107 118
107 119
107 120
108 109
108 110
108 111
108 114
108 115
108 116
108 117
108 118
108 120
109 110
109 111
109 113
109 115
109 118
110 112
110 113
110 115
110 117
110 120
111 113
111 115
111 118
111 119
111 120
112 113
112 116
112 118
112 120
113 117
113 120
114 116
114 118
114 120
115 117
115 118
116 117
116 118
116 119
