c random_120_2142
120 2142
1 2
1 3
1 6
1 7
1 22
1 24
1 31
1 36
1 37
1 42
1 43
1 44
1 45
1 46
1 59
1 62
1 65
1 68
1 69
1 84
1 85
1 89
1 95
1 103
1 104
1 105
1 111
1 113
1 114
2 5
2 8
2 11
2 12
2 15
2 17
2 18
2 20
2 23
2 25
2 26
2 29
2 33
2 40
2 45
2 47
2 50
2 51
2 53
2 60
2 61
2 62
2 65
2 67
2 69
2 71
2 72
2 73
2 74
2 75
2 77
2 78
2 81
2 84
2 86
2 89
2 90
2 92
2 99
2 100
2 101
2 104
2 108
2 112
2 116
2 118
3 5
3 7
3 8
3 11
3 14
3 16
3 21
3 22
3 24
3 25
3 29
3 32
3 38
3 41
3 44
3 55
3 59
3 65
3 68
3 69
3 72
3 73
3 74
3 79
3 80
3 81
3 83
3 84
3 85
3 87
3 94
3 96
3 100
3 101
3 103
3 104
3 111
3 115
4 5
4 14
4 23
4 25
4 26
4 29
4 30
4 36
4 37
4 45
4 56
4 60
4 63
4 67
4 73
4 75
4 77
4 78
4 79
4 81
4 93
4 95
4 97
4 99
4 106
4 107
4 109
4 110
4 116
5 12
5 15
5 17
5 18
5 19
5 25
5 29
5 31
5 36
5 40
5 42
5 54
5 61
5 70
5 71
5 75
5 76
5 78
5 80
5 85
5 86
5 89
5 90
5 94
5 96
5 97
5 102
5 106
5 108
5 112
5 115
5 116
5 120
6 7
6 13
6 15
6 16
6 17
6 20
6 25
6 26
6 27
6 29
6 30
6 32
6 35
6 38
6 43
6 45
6 51
6 57
6 59
6 60
6 62
6 65
6 70
6 73
6 79
6 99
6 100
6 105
6 106
6 108
6 111
6 113
6 114
6 115
6 117
7 14
7 16
7 19
7 21
7 22
7 23
7 24
7 31
7 34
7 37
7 40
7 43
7 50
7 51
7 52
7 55
7 57
7 64
7 69
7 74
7 86
7 90
7 94
7 96
7 100
7 103
7 106
7 111
7 113
7 120
8 9
8 13
8 15
8 17
8 25
8 26
8 27
8 29
8 33
8 34
8 36
8 39
8 41
8 43
8 57
8 58
8 60
8 62
8 66
8 68
8 78
8 79
8 86
8 91
8 97
8 100
8 102
8 114
8 117
8 119
8 120
9 11
9 13
9 14
9 15
9 16
9 17
9 18
9 24
9 33
9 34
9 35
9 36
9 38
9 45
9 49
9 51
9 54
9 57
9 61
9 63
9 67
9 68
9 69
9 71
9 72
9 73
9 76
9 83
9 85
9 92
9 97
9 98
9 105
9 110
9 118
10 12
10 13
10 17
10 19
10 22
10 28
10 36
10 40
10 45
10 46
10 47
10 49
10 55
10 56
10 59
10 67
10 70
10 79
10 88
10 91
10 93
10 95
10 99
10 100
10 101
10 103
10 108
10 109
10 112
10 115
10 118
11 22
11 23
11 33
11 35
11 39
11 40
11 43
11 44
11 47
11 49
11 52
11 59
11 61
11 62
11 66
11 69
11 73
11 75
11 80
11 82
11 85
11 87
11 88
11 92
11 102
11 103
11 107
11 111
11 115
11 117
11 118
11 119
12 19
12 20
12 22
12 26
12 29
12 31
12 32
12 35
12 38
12 40
12 44
12 55
12 57
12 64
12 71
12 77
12 78
12 79
12 80
12 82
12 90
12 94
12 95
12 106
12 108
12 113
12 116
12 117
12 119
13 17
13 22
13 24
13 25
13 26
13 29
13 31
13 33
13 34
13 38
13 41
13 42
13 47
13 50
13 53
13 54
13 55
13 56
13 57
13 61
13 70
13 85
13 86
13 87
13 88
13 92
13 93
13 99
13 101
13 106
13 107
13 116
13 117
14 16
14 20
14 21
14 23
14 26
14 27
14 30
14 36
14 42
14 44
14 55
14 57
14 62
14 69
14 70
14 72
14 78
14 84
14 87
14 88
14 93
14 96
14 99
14 103
14 104
14 105
14 107
14 108
14 111
14 118
15 16
15 28
15 31
15 38
15 40
15 43
15 45
15 46
15 49
15 53
15 54
15 55
15 58
15 63
15 65
15 78
15 80
15 82
15 88
15 90
15 91
15 93
15 95
15 103
15 106
15 113
15 115
15 116
16 28
16 31
16 43
16 47
16 50
16 54
16 61
16 64
16 68
16 73
16 78
16 79
16 82
16 84
16 93
16 96
16 98
16 99
16 101
16 103
16 112
16 117
16 119
16 120
17 18
17 21
17 22
17 23
17 26
17 29
17 31
17 35
17 37
17 38
17 40
17 42
17 43
17 46
17 47
17 51
17 62
17 63
17 64
17 67
17 68
17 69
17 72
17 77
17 79
17 80
17 83
17 91
17 92
17 96
17 101
17 102
17 106
17 107
17 108
17 109
17 117
17 118
18 19
18 22
18 26
18 27
18 28
18 29
18 31
18 38
18 40
18 41
18 42
18 44
18 46
18 48
18 49
18 54
18 56
18 57
18 61
18 63
18 70
18 75
18 78
18 81
18 85
18 87
18 95
18 97
18 103
18 105
18 110
18 118
19 20
19 22
19 25
19 28
19 29
19 35
19 37
19 38
19 39
19 42
19 43
19 49
19 51
19 53
19 64
19 67
19 71
19 72
19 73
19 76
19 77
19 79
19 80
19 83
19 90
19 95
19 99
19 101
19 106
19 111
19 113
19 116
20 21
20 25
20 27
20 34
20 36
20 40
20 54
20 61
20 63
20 64
20 66
20 67
20 73
20 78
20 79
20 83
20 85
20 89
20 91
20 96
20 97
20 98
20 99
20 100
20 103
20 107
20 108
20 109
20 110
20 118
20 119
21 22
21 24
21 28
21 29
21 32
21 33
21 36
21 37
21 38
21 39
21 40
21 41
21 44
21 51
21 53
21 54
21 56
21 57
21 59
21 60
21 67
21 73
21 77
21 79
21 86
21 91
21 94
21 98
21 100
21 105
21 112
21 115
21 118
21 119
21 120
22 23
22 25
22 30
22 33
22 36
22 43
22 52
22 53
22 56
22 59
22 69
22 71
22 73
22 76
22 80
22 81
22 87
22 89
22 91
22 92
22 97
22 102
22 103
22 104
22 107
22 112
22 115
22 117
23 24
23 34
23 36
23 38
23 49
23 55
23 56
23 57
23 59
23 61
23 63
23 65
23 70
23 71
23 76
23 77
23 80
23 85
23 87
23 89
23 90
23 91
23 96
23 101
23 102
23 103
23 106
23 107
23 108
23 110
23 112
23 113
23 117
23 119
23 120
24 27
24 29
24 30
24 32
24 34
24 38
24 40
24 41
24 42
24 43
24 44
24 46
24 50
24 57
24 58
24 60
24 63
24 74
24 76
24 78
24 83
24 87
24 89
24 91
24 93
24 98
24 100
24 105
24 106
24 107
24 108
24 109
24 112
24 116
24 117
24 119
24 120
25 36
25 42
25 44
25 46
25 49
25 56
25 65
25 68
25 70
25 74
25 83
25 84
25 86
25 88
25 95
25 98
25 108
25 109
25 110
25 111
25 112
25 116
25 117
26 30
26 31
26 35
26 37
26 42
26 44
26 47
26 55
26 57
26 61
26 63
26 70
26 74
26 77
26 78
26 79
26 90
26 93
26 95
26 97
26 102
26 103
26 113
26 118
27 33
27 34
27 37
27 38
27 40
27 49
27 50
27 56
27 57
27 60
27 61
27 65
27 71
27 77
27 78
27 84
27 89
27 91
27 94
27 95
27 99
27 102
27 103
27 107
27 116
27 119
27 120
28 34
28 42
28 43
28 45
28 47
28 56
28 60
28 62
28 66
28 74
28 97
28 101
28 106
28 111
28 113
28 114
28 115
28 119
29 35
29 40
29 44
29 47
29 48
29 53
29 65
29 70
29 86
29 87
29 91
29 99
29 100
29 102
29 105
29 107
29 108
29 109
29 114
29 116
29 117
29 118
29 119
29 120
30 37
30 38
30 41
30 42
30 45
30 46
30 53
30 54
30 59
30 60
30 65
30 76
30 78
30 81
30 91
30 93
30 95
30 99
30 101
30 103
30 104
30 105
30 106
30 107
30 108
30 110
30 111
30 113
30 119
31 35
31 38
31 39
31 51
31 55
31 56
31 60
31 65
31 66
31 70
31 78
31 81
31 84
31 86
31 87
31 88
31 89
31 92
31 95
31 97
31 100
31 102
31 105
31 114
31 115
31 116
31 117
31 120
32 38
32 39
32 45
32 48
32 54
32 62
32 63
32 69
32 73
32 74
32 80
32 84
32 88
32 90
32 91
32 92
32 96
32 100
32 104
32 105
32 107
32 108
32 116
32 118
32 120
33 34
33 35
33 36
33 38
33 41
33 43
33 44
33 49
33 51
33 53
33 56
33 57
33 59
33 60
33 61
33 65
33 67
33 68
33 70
33 74
33 84
33 86
33 87
33 88
33 89
33 92
33 94
33 95
33 99
33 100
33 105
33 112
33 115
33 118
33 119
34 44
34 49
34 51
34 63
34 64
34 65
34 70
34 71
34 74
34 78
34 80
34 82
34 83
34 86
34 93
34 95
34 96
34 97
34 98
34 100
34 106
34 112
34 113
34 115
34 120
35 43
35 47
35 48
35 54
35 55
35 63
35 67
35 70
35 71
35 72
35 75
35 78
35 82
35 96
35 97
35 98
35 103
35 107
35 108
35 110
35 113
35 116
36 46
36 49
36 52
36 59
36 62
36 63
36 64
36 65
36 71
36 75
36 81
36 82
36 85
36 87
36 92
36 101
36 102
36 103
36 104
36 107
36 109
36 110
36 114
36 117
37 39
37 42
37 45
37 51
37 52
37 58
37 59
37 62
37 64
37 66
37 69
37 70
37 74
37 80
37 81
37 82
37 83
37 85
37 86
37 90
37 91
37 93
37 94
37 97
37 98
37 99
37 100
37 105
37 106
37 107
37 111
37 117
38 43
38 44
38 54
38 55
38 59
38 60
38 63
38 65
38 66
38 67
38 79
38 80
38 81
38 82
38 83
38 87
38 90
38 94
38 96
38 100
38 110
38 111
39 40
39 42
39 43
39 48
39 50
39 56
39 69
39 71
39 72
39 75
39 77
39 83
39 84
39 85
39 88
39 92
39 94
39 107
39 108
39 112
39 113
39 114
40 43
40 45
40 52
40 56
40 62
40 66
40 70
40 72
40 74
40 76
40 77
40 79
40 81
40 87
40 90
40 92
40 100
40 105
40 108
40 109
40 112
40 115
41 48
41 49
41 53
41 54
41 56
41 65
41 68
41 75
41 80
41 83
41 86
41 88
41 91
41 92
41 93
41 98
41 100
41 101
41 102
41 107
41 109
41 111
41 114
42 49
42 51
42 57
42 59
42 63
42 65
42 66
42 71
42 73
42 85
42 86
42 95
42 97
42 98
42 99
42 105
42 108
42 111
42 112
42 117
42 118
43 44
43 45
43 50
43 58
43 61
43 63
43 65
43 67
43 69
43 70
43 71
43 75
43 76
43 78
43 79
43 80
43 81
43 84
43 85
43 90
43 95
43 96
43 97
43 100
43 105
43 107
43 108
43 110
43 118
43 120
44 45
44 49
44 50
44 66
44 69
44 71
44 77
44 80
44 81
44 83
44 86
44 88
44 90
44 91
44 93
44 94
44 95
44 98
44 100
44 104
44 105
44 113
44 114
44 117
45 48
45 49
45 55
45 59
45 61
45 63
45 65
45 66
45 78
45 83
45 88
45 89
45 92
45 101
45 103
45 104
45 109
45 110
45 113
45 114
45 116
45 118
45 119
46 49
46 52
46 55
46 58
46 60
46 62
46 64
46 68
46 69
46 72
46 73
46 74
46 77
46 81
46 86
46 88
46 89
46 96
46 105
46 106
46 107
46 111
46 112
46 115
46 117
46 119
47 54
47 55
47 57
47 59
47 61
47 64
47 66
47 70
47 71
47 72
47 73
47 75
47 76
47 80
47 81
47 82
47 84
47 87
47 88
47 90
47 93
47 96
47 108
47 109
47 114
47 120
48 50
48 52
48 53
48 56
48 63
48 69
48 70
48 79
48 87
48 89
48 93
48 96
48 104
48 106
48 107
48 109
48 110
48 112
48 115
48 118
48 120
49 53
49 57
49 61
49 62
49 67
49 68
49 73
49 74
49 79
49 87
49 92
49 93
49 94
49 100
49 102
49 107
49 114
49 117
49 119
50 54
50 58
50 59
50 62
50 63
50 64
50 71
50 72
50 75
50 85
50 86
50 87
50 98
50 110
51 55
51 57
51 59
51 66
51 67
51 77
51 79
51 81
51 84
51 88
51 102
51 106
51 108
51 110
51 112
51 114
51 116
51 118
51 120
52 56
52 63
52 71
52 77
52 78
52 87
52 88
52 89
52 90
52 91
52 95
52 97
52 104
52 107
52 108
52 112
52 113
52 118
52 119
53 55
53 59
53 64
53 66
53 71
53 75
53 76
53 86
53 87
53 88
53 92
53 97
53 107
53 109
53 118
53 119
53 120
54 55
54 60
54 63
54 65
54 67
54 68
54 69
54 70
54 72
54 74
54 80
54 85
54 89
54 91
54 92
54 97
54 99
54 102
54 104
54 106
54 108
54 110
54 120
55 60
55 67
55 74
55 78
55 80
55 82
55 83
55 92
55 93
55 94
55 96
55 99
55 103
55 105
55 108
55 114
55 116
55 120
56 59
56 60
56 61
56 66
56 75
56 79
56 80
56 81
56 88
56 89
56 95
56 99
56 101
56 102
56 104
56 109
56 110
56 113
57 59
57 62
57 65
57 67
57 68
57 70
57 71
57 75
57 77
57 78
57 83
57 88
57 91
57 96
57 101
57 103
57 109
57 111
57 114
57 116
57 118
58 79
58 81
58 82
58 86
58 88
58 91
58 93
58 96
58 99
58 103
58 104
58 105
58 109
58 111
58 112
58 113
59 61
59 62
59 68
59 76
59 78
59 80
59 86
59 89
59 92
59 94
59 99
59 102
59 103
59 106
59 110
59 115
59 117
59 120
60 63
60 66
60 69
60 75
60 77
60 78
60 80
60 81
60 82
60 83
60 85
60 86
60 87
60 88
60 89
60 91
60 98
60 99
60 102
60 112
60 117
60 119
61 62
61 72
61 75
61 78
61 83
61 85
61 87
61 88
61 91
61 93
61 95
61 96
61 99
61 102
61 107
61 115
61 116
61 119
62 65
62 67
62 79
62 85
62 91
62 93
62 95
62 96
62 100
62 101
62 102
62 104
62 106
62 111
62 114
62 115
62 118
62 119
62 120
63 65
63 68
63 71
63 81
63 82
63 90
63 93
63 95
63 103
63 104
63 105
63 109
63 111
63 116
63 118
63 119
64 66
64 67
64 71
64 75
64 81
64 87
64 90
64 91
64 94
64 108
64 112
64 114
64 115
64 117
64 119
65 70
65 71
65 76
65 81
65 82
65 85
65 86
65 88
65 89
65 91
65 101
65 108
65 120
66 67
66 68
66 70
66 75
66 76
66 82
66 83
66 84
66 89
66 90
66 94
66 100
66 101
66 103
66 105
66 107
66 112
66 114
66 115
66 117
66 119
66 120
67 70
67 73
67 76
67 83
67 85
67 87
67 89
67 98
67 100
67 101
67 102
67 103
67 104
67 105
67 113
67 116
67 117
68 70
68 71
68 77
68 78
68 81
68 90
68 94
68 95
68 101
68 106
68 115
68 116
69 70
69 73
69 75
69 81
69 85
69 90
69 91
69 97
69 102
69 103
69 105
69 106
69 107
69 110
69 114
69 118
69 120
70 74
70 76
70 78
70 79
70 80
70 82
70 89
70 90
70 92
70 96
70 101
70 103
70 106
70 108
70 110
70 115
70 118
71 75
71 80
71 81
71 86
71 91
71 92
71 95
71 101
71 107
71 108
71 114
71 115
71 116
71 118
72 74
72 76
72 79
72 85
72 86
72 93
72 94
72 95
72 106
72 114
72 117
72 118
73 74
73 89
73 90
73 93
73 96
73 103
73 114
73 118
74 76
74 85
74 86
74 87
74 92
74 93
74 96
74 97
74 98
74 100
74 101
74 105
74 107
74 109
74 110
74 111
74 113
74 117
74 118
74 120
75 84
75 88
75 92
75 93
75 96
75 97
75 107
75 109
75 112
75 120
76 78
76 81
76 84
76 88
76 89
76 90
76 96
76 97
76 98
76 100
76 103
76 112
76 114
76 115
76 117
77 80
77 81
77 84
77 85
77 88
77 89
77 91
77 92
77 97
77 106
77 112
77 115
77 116
77 117
77 118
78 79
78 80
78 85
78 88
78 89
78 94
78 97
78 98
78 106
78 112
78 115
78 117
78 118
79 80
79 81
79 85
79 87
79 101
79 107
79 109
79 115
79 117
79 120
80 84
80 88
80 89
80 94
80 97
80 100
80 101
80 102
80 103
80 105
80 108
80 119
81 82
81 88
81 89
81 92
81 96
81 97
81 101
81 103
81 104
81 108
81 111
81 115
81 120
82 86
82 87
82 91
82 96
82 104
82 107
82 111
82 115
82 117
82 119
83 84
83 90
83 91
83 97
83 98
83 99
83 107
83 109
83 110
83 112
83 113
83 117
83 118
83 120
84 90
84 92
84 93
84 94
84 96
84 97
84 98
84 100
84 101
84 102
84 106
84 107
84 109
84 114
84 115
84 116
84 117
85 95
85 102
85 105
85 106
85 116
85 119
86 87
86 89
86 91
86 92
86 98
86 102
86 104
86 111
86 119
86 120
87 90
87 91
87 93
87 96
87 97
87 98
87 101
87 108
87 116
88 89
88 90
88 98
88 100
88 101
88 104
88 105
88 106
88 109
88 110
88 115
88 117
88 118
88 119
89 91
89 100
89 106
89 107
89 110
89 113
89 116
89 117
90 98
90 99
90 100
90 101
90 103
90 104
90 106
90 111
90 113
90 118
91 92
91 93
91 98
91 101
91 114
91 115
91 118
91 120
92 96
92 97
92 98
92 99
92 103
92 105
92 108
92 114
92 120
93 97
93 98
93 99
93 102
93 104
93 105
93 107
93 108
93 112
93 120
94 96
94 99
94 102
94 104
94 107
94 111
94 113
94 119
95 99
95 102
95 105
95 106
95 108
95 109
95 111
95 115
95 116
96 97
96 101
96 104
96 113
97 101
97 107
97 109
97 113
97 114
97 117
98 102
98 103
98 104
98 107
98 110
98 113
98 116
98 119
99 101
99 118
99 120
100 101
100 104
100 111
100 113
100 120
101 104
101 105
101 106
101 107
101 108
101 109
101 112
101 113
101 116
101 119
102 112
102 115
102 117
102 118
102 119
103 105
103 108
103 115
104 107
104 114
104 117
105 107
105 110
105 111
105 112
105 115
105 116
105 118
105 119
105 120
106 108
106 114
106 115
106 117
107 108
107 111
107 112
107 119
108 109
108 112
108 115
108 119
109 110
109 112
110 115
110 119
110 120
111 113
111 114
111 116
112 116
112 120
113 120
114 116
114 118
114 119
114 120
115 116
115 118
115 119
115 120
116 119
117 118
117 120
118 120
