c random_120_714
120 714
1 6
1 9
1 29
1 32
1 35
1 49
1 51
1 87
1 92
1 118
1 120
2 8
2 10
2 14
2 21
2 26
2 60
2 67
2 92
3 4
3 10
3 20
3 29
3 34
3 41
3 51
3 54
3 82
3 97
3 104
3 105
3 108
3 117
4 6
4 9
4 14
4 22
4 38
4 49
4 51
4 57
4 64
4 72
4 76
4 83
4 84
4 110
4 120
5 8
5 14
5 18
5 28
5 52
5 58
5 71
5 72
5 89
5 90
5 109
5 118
6 33
6 34
6 55
6 69
6 86
6 90
6 91
6 92
6 95
6 101
6 107
6 112
7 9
7 10
7 15
7 25
7 41
7 47
7 52
7 60
7 61
7 118
8 11
8 17
8 24
8 55
8 68
8 72
8 74
8 89
8 90
8 114
9 20
9 23
9 29
9 31
9 58
9 60
9 62
9 74
9 81
9 82
9 87
9 88
9 92
9 95
9 98
10 20
10 32
10 45
10 53
10 58
10 75
10 92
10 102
10 113
10 117
11 26
11 31
11 76
11 77
11 81
11 93
11 94
11 98
11 113
12 28
12 57
12 65
12 79
12 96
12 100
12 114
12 116
13 16
13 32
13 37
13 47
13 48
13 51
13 69
13 73
13 83
13 94
13 96
13 114
13 115
14 21
14 24
14 57
14 83
14 90
14 94
14 100
14 107
14 117
15 17
15 19
15 25
15 39
15 51
15 52
15 60
15 85
15 87
15 102
15 103
16 18
16 19
16 23
16 24
16 25
16 30
16 33
16 38
16 43
16 51
16 62
16 63
16 65
16 70
16 72
16 95
16 101
16 109
16 114
16 115
17 25
17 35
17 50
17 51
17 58
17 85
17 87
17 92
17 110
18 49
18 54
18 65
18 69
18 74
18 83
18 98
18 102
18 105
18 113
19 24
19 33
19 40
19 47
19 51
19 59
19 63
19 68
19 86
19 87
19 90
19 102
19 105
19 114
20 33
20 82
20 86
20 91
20 100
20 108
21 57
21 59
21 68
21 69
21 80
21 97
21 102
21 105
21 118
21 119
22 23
22 50
22 51
22 77
22 105
22 109
23 28
23 30
23 32
23 34
23 36
23 42
23 65
23 117
23 119
24 47
24 59
24 68
24 80
24 94
24 100
24 110
25 43
25 44
25 59
25 60
25 62
25 66
25 77
25 78
25 99
25 103
25 104
26 30
26 56
26 74
26 80
26 88
26 102
26 115
27 40
27 54
27 55
27 63
27 64
27 84
27 94
28 63
28 67
28 81
28 93
28 101
28 117
28 120
29 35
29 40
29 49
29 73
29 74
29 81
29 83
29 85
29 89
29 99
29 112
29 114
29 120
30 72
30 76
30 87
31 35
31 56
31 58
31 61
31 74
31 83
31 107
32 57
32 67
32 107
32 119
32 120
33 34
33 42
33 65
33 70
33 93
33 99
33 104
33 117
34 45
34 47
34 68
34 74
34 79
34 89
34 92
34 97
34 106
34 111
35 37
35 49
35 50
35 62
35 63
35 64
35 76
35 82
35 83
35 94
36 112
37 48
37 60
37 62
37 65
37 69
37 74
37 79
37 105
37 109
37 115
38 40
38 46
38 53
38 56
38 65
38 75
38 76
38 78
38 82
38 104
38 120
39 43
39 46
39 56
39 57
39 58
39 59
39 64
39 74
39 75
39 78
39 80
39 84
39 106
39 107
40 47
40 49
40 51
40 67
40 88
40 92
40 95
40 103
41 42
41 62
41 74
41 100
41 105
42 54
42 58
42 66
42 80
42 92
42 97
42 98
42 100
43 53
43 55
43 75
43 90
43 100
43 110
43 117
44 52
44 61
44 70
44 74
44 86
44 102
44 114
44 116
45 51
45 64
45 65
45 81
45 90
45 115
46 49
46 50
46 61
46 70
46 86
46 100
46 102
46 110
47 80
47 83
47 93
48 81
48 106
48 108
48 111
48 112
48 120
49 58
49 60
49 69
49 73
49 74
49 89
49 110
49 112
49 117
50 60
50 63
50 95
50 106
51 53
51 77
51 87
51 88
51 93
51 108
51 115
52 60
52 61
52 68
52 79
52 82
52 89
52 99
52 102
52 112
52 113
52 116
52 118
53 67
53 81
53 83
53 84
53 97
53 98
53 110
53 114
54 57
54 82
54 85
54 87
54 91
54 93
54 97
54 100
54 107
54 112
54 118
55 70
55 73
55 83
55 86
55 114
55 115
56 58
56 62
56 80
56 101
56 110
56 117
57 61
57 65
57 76
57 84
57 90
57 105
57 117
58 61
58 70
58 93
59 74
59 76
59 77
59 95
59 100
59 107
60 71
60 75
60 79
60 83
60 87
60 91
60 92
60 93
60 114
61 81
61 98
61 104
61 105
62 75
62 82
62 119
63 74
63 77
63 104
63 118
64 66
64 70
64 71
64 79
64 80
64 88
65 83
65 99
65 111
65 114
66 67
66 68
66 69
66 72
66 97
66 98
66 101
66 106
66 119
67 79
67 86
67 92
67 109
68 80
68 82
68 94
69 73
69 75
69 78
69 111
69 112
70 83
70 87
70 90
70 95
71 77
71 81
71 85
71 97
71 101
71 109
72 87
72 94
72 96
73 77
73 80
73 85
73 94
73 95
74 91
74 114
74 115
74 119
75 81
75 91
75 98
75 102
75 114
76 88
76 91
76 99
76 108
76 113
76 117
77 109
77 112
77 115
77 119
78 79
78 90
78 92
78 97
78 102
78 107
78 113
78 117
79 81
80 103
80 113
80 116
80 119
81 92
81 96
81 106
81 120
82 83
82 84
82 89
82 91
82 108
82 118
83 88
83 89
83 97
83 112
83 116
84 85
84 87
84 105
84 109
84 113
84 118
85 87
85 97
85 114
86 106
86 109
86 110
86 113
86 116
86 117
87 92
87 106
87 119
88 93
88 95
88 98
88 110
88 113
88 115
89 100
89 101
89 113
90 92
90 96
90 101
90 117
91 92
91 96
91 114
92 100
93 94
93 107
93 110
94 98
94 104
94 108
94 111
95 99
95 107
95 111
96 110
96 111
97 101
97 102
97 108
97 112
98 102
98 108
98 110
99 109
99 110
99 113
100 115
101 104
101 106
101 115
102 115
103 109
103 117
104 108
104 119
107 108
108 120
109 112
109 119
110 115
110 119
111 115
111 117
112 117
114 117
116 120
117 118
