c random_120_2142
120 2142
1 3
1 5
1 6
1 7
1 11
1 12
1 13
1 16
1 20
1 27
1 31
1 32
1 37
1 38
1 39
1 44
1 45
1 48
1 49
1 50
1 53
1 59
1 61
1 74
1 79
1 82
1 86
1 87
1 88
1 90
1 103
1 104
1 106
1 110
1 111
1 118
1 120
2 12
2 13
2 15
2 19
2 20
2 22
2 24
2 27
2 28
2 32
2 40
2 51
2 52
2 64
2 65
2 71
2 72
2 73
2 75
2 77
2 81
2 84
2 92
2 93
2 98
2 99
2 103
2 105
2 106
2 110
2 119
3 4
3 6
3 9
3 12
3 14
3 22
3 25
3 26
3 29
3 31
3 32
3 42
3 46
3 49
3 50
3 52
3 55
3 60
3 61
3 63
3 64
3 66
3 67
3 70
3 72
3 73
3 76
3 78
3 80
3 83
3 88
3 92
3 93
3 94
3 95
3 99
3 101
3 110
3 111
3 113
3 116
3 120
4 5
4 15
4 17
4 18
4 20
4 25
4 35
4 38
4 40
4 41
4 45
4 48
4 52
4 53
4 55
4 65
4 67
4 75
4 78
4 79
4 92
4 95
4 98
4 110
4 111
5 12
5 14
5 19
5 25
5 30
5 31
5 32
5 33
5 38
5 40
5 47
5 49
5 55
5 57
5 59
5 60
5 61
5 65
5 69
5 72
5 77
5 80
5 81
5 83
5 84
5 87
5 88
5 89
5 91
5 93
5 97
5 99
5 101
5 108
5 116
5 117
6 7
6 11
6 17
6 21
6 27
6 31
6 32
6 33
6 39
6 40
6 44
6 45
6 47
6 48
6 57
6 58
6 62
6 64
6 66
6 68
6 73
6 77
6 79
6 83
6 88
6 90
6 92
6 94
6 108
6 110
6 112
6 113
6 114
6 115
7 8
7 9
7 15
7 28
7 31
7 39
7 41
7 42
7 45
7 50
7 53
7 54
7 57
7 58
7 59
7 60
7 68
7 75
7 76
7 77
7 82
7 83
7 91
7 93
7 95
7 96
7 97
7 101
7 114
8 11
8 12
8 14
8 16
8 18
8 22
8 33
8 37
8 42
8 45
8 48
8 52
8 53
8 54
8 56
8 58
8 60
8 63
8 67
8 68
8 70
8 71
8 76
8 78
8 81
8 85
8 86
8 89
8 92
8 95
8 96
8 97
8 102
8 104
8 105
8 106
8 107
8 108
8 109
8 118
8 119
9 10
9 11
9 25
9 27
9 29
9 33
9 36
9 37
9 41
9 42
9 46
9 47
9 52
9 55
9 62
9 63
9 65
9 74
9 80
9 84
9 90
9 91
9 104
9 105
9 108
9 111
9 112
10 11
10 12
10 19
10 34
10 37
10 39
10 40
10 41
10 44
10 45
10 56
10 58
10 59
10 62
10 64
10 67
10 68
10 69
10 70
10 72
10 77
10 79
10 81
10 82
10 84
10 90
10 93
10 95
10 96
10 105
10 108
10 109
10 111
10 114
10 116
10 120
11 15
11 16
11 17
11 21
11 24
11 25
11 27
11 28
11 29
11 35
11 41
11 48
11 49
11 50
11 53
11 57
11 60
11 61
11 65
11 70
11 71
11 83
11 84
11 85
11 86
11 88
11 92
11 97
11 102
11 104
11 107
11 113
11 116
11 120
12 14
12 16
12 18
12 19
12 42
12 51
12 52
12 56
12 57
12 60
12 64
12 65
12 68
12 74
12 77
12 80
12 82
12 84
12 85
12 88
12 91
12 92
12 94
12 99
12 101
12 104
12 105
12 113
12 114
12 115
12 116
12 119
12 120
13 24
13 28
13 31
13 33
13 34
13 39
13 41
13 43
13 44
13 47
13 48
13 53
13 55
13 60
13 62
13 63
13 68
13 70
13 71
13 72
13 74
13 77
13 84
13 86
13 89
13 90
13 92
13 95
13 104
13 106
13 111
13 113
13 115
13 117
13 118
14 15
14 20
14 21
14 36
14 37
14 42
14 45
14 46
14 48
14 51
14 56
14 63
14 66
14 68
14 70
14 71
14 79
14 82
14 83
14 85
14 93
14 99
14 101
14 110
14 111
14 112
14 118
15 17
15 18
15 25
15 28
15 33
15 36
15 40
15 44
15 49
15 55
15 66
15 69
15 71
15 76
15 84
15 86
15 88
15 89
15 92
15 94
15 95
15 96
15 99
15 107
15 108
15 110
15 114
15 117
15 118
15 119
16 18
16 20
16 29
16 31
16 32
16 34
16 36
16 38
16 43
16 45
16 50
16 61
16 66
16 68
16 72
16 74
16 76
16 84
16 88
16 90
16 96
16 97
16 98
16 101
16 103
16 104
16 110
17 18
17 20
17 23
17 28
17 29
17 33
17 37
17 44
17 50
17 52
17 54
17 57
17 59
17 60
17 62
17 63
17 69
17 72
17 87
17 89
17 102
17 104
17 106
17 107
17 109
17 111
17 112
18 19
18 20
18 24
18 26
18 30
18 34
18 36
18 37
18 38
18 41
18 42
18 47
18 48
18 52
18 53
18 54
18 59
18 65
18 67
18 72
18 73
18 74
18 77
18 78
18 80
18 81
18 84
18 91
18 92
18 97
18 98
18 102
18 105
18 106
18 107
18 110
18 114
18 115
18 117
18 118
18 119
19 21
19 31
19 36
19 38
19 40
19 43
19 44
19 51
19 52
19 53
19 55
19 60
19 61
19 66
19 69
19 74
19 83
19 85
19 96
19 103
19 110
19 115
19 118
20 26
20 28
20 29
20 40
20 54
20 56
20 57
20 60
20 63
20 64
20 67
20 69
20 70
20 71
20 75
20 82
20 83
20 84
20 85
20 86
20 87
20 89
20 92
20 94
20 97
20 107
20 110
20 112
20 114
20 115
20 119
21 25
21 27
21 31
21 33
21 40
21 41
21 42
21 48
21 53
21 58
21 61
21 64
21 67
21 71
21 74
21 82
21 85
21 87
21 88
21 89
21 96
21 100
21 103
21 113
21 117
21 119
22 26
22 31
22 33
22 35
22 43
22 49
22 51
22 54
22 57
22 59
22 60
22 62
22 68
22 70
22 71
22 77
22 80
22 84
22 88
22 96
22 99
22 102
22 106
22 107
22 108
23 27
23 33
23 35
23 39
23 46
23 55
23 62
23 64
23 66
23 73
23 75
23 81
23 84
23 85
23 88
23 93
23 96
23 102
23 104
23 105
23 108
23 111
23 114
23 115
23 118
23 120
24 26
24 28
24 30
24 32
24 34
24 35
24 36
24 37
24 41
24 44
24 46
24 51
24 55
24 56
24 61
24 63
24 68
24 69
24 72
24 76
24 77
24 79
24 90
24 93
24 94
24 105
24 108
24 110
24 111
24 112
24 114
24 117
24 118
24 119
25 34
25 36
25 38
25 42
25 43
25 46
25 50
25 52
25 53
25 58
25 63
25 68
25 69
25 77
25 81
25 82
25 83
25 92
25 96
25 98
25 99
25 101
25 102
25 112
25 113
26 27
26 28
26 33
26 37
26 39
26 44
26 47
26 49
26 52
26 53
26 56
26 62
26 67
26 70
26 75
26 79
26 85
26 87
26 92
26 96
26 101
26 104
26 105
26 107
26 110
26 114
26 118
27 34
27 35
27 41
27 42
27 45
27 46
27 52
27 61
27 63
27 69
27 74
27 77
27 78
27 80
27 83
27 85
27 86
27 89
27 92
27 93
27 94
27 95
27 99
27 102
27 111
27 112
27 114
27 119
28 29
28 37
28 39
28 42
28 51
28 54
28 55
28 60
28 62
28 63
28 68
28 69
28 70
28 71
28 78
28 84
28 85
28 87
28 88
28 93
28 99
28 104
28 107
28 115
28 116
28 118
29 38
29 40
29 41
29 43
29 46
29 48
29 50
29 51
29 59
29 66
29 67
29 71
29 73
29 76
29 77
29 78
29 85
29 91
29 96
29 98
29 99
29 100
29 105
29 108
29 111
29 114
29 119
30 37
30 41
30 44
30 47
30 54
30 59
30 63
30 66
30 68
30 69
30 71
30 76
30 77
30 81
30 83
30 99
30 100
30 102
30 104
30 105
30 106
30 107
30 108
30 109
30 113
30 116
30 118
30 120
31 42
31 43
31 48
31 50
31 52
31 54
31 55
31 60
31 64
31 68
31 69
31 71
31 73
31 74
31 77
31 78
31 86
31 89
31 93
31 100
31 113
31 117
31 118
31 119
32 41
32 48
32 49
32 50
32 54
32 71
32 74
32 77
32 78
32 84
32 90
32 93
32 94
32 97
32 100
32 104
32 105
32 117
33 42
33 44
33 46
33 50
33 53
33 54
33 55
33 56
33 59
33 61
33 63
33 72
33 74
33 78
33 81
33 82
33 88
33 91
33 93
33 95
33 96
33 104
33 114
33 119
34 35
34 36
34 38
34 39
34 41
34 42
34 46
34 48
34 50
34 53
34 55
34 57
34 58
34 60
34 64
34 65
34 68
34 69
34 70
34 71
34 77
34 88
34 91
34 92
34 93
34 96
34 98
34 100
34 106
34 107
34 109
34 110
34 115
34 116
34 117
34 119
35 36
35 40
35 44
35 48
35 49
35 51
35 55
35 56
35 64
35 66
35 70
35 72
35 74
35 84
35 85
35 86
35 87
35 93
35 96
35 105
35 116
35 117
36 37
36 47
36 49
36 51
36 54
36 61
36 62
36 67
36 70
36 71
36 73
36 74
36 75
36 76
36 81
36 83
36 88
36 90
36 92
36 96
36 97
36 98
36 100
36 102
36 106
36 111
36 114
36 118
37 39
37 42
37 46
37 51
37 52
37 53
37 56
37 57
37 60
37 64
37 65
37 66
37 67
37 71
37 74
37 75
37 78
37 80
37 82
37 95
37 103
37 104
37 107
37 108
37 110
37 115
37 117
38 40
38 44
38 45
38 47
38 50
38 51
38 52
38 54
38 57
38 61
38 65
38 66
38 67
38 71
38 86
38 87
38 94
38 98
38 105
38 107
38 108
38 112
38 115
38 117
39 41
39 53
39 57
39 59
39 60
39 68
39 70
39 72
39 74
39 81
39 82
39 83
39 89
39 91
39 97
39 99
39 104
39 105
39 108
39 110
39 112
39 116
39 117
39 118
39 119
39 120
40 43
40 44
40 55
40 56
40 58
40 62
40 66
40 72
40 76
40 80
40 82
40 87
40 90
40 93
40 95
40 100
40 101
40 102
40 105
40 106
40 110
40 116
40 118
40 119
40 120
41 48
41 49
41 51
41 54
41 55
41 57
41 61
41 63
41 64
41 67
41 69
41 72
41 75
41 79
41 80
41 82
41 83
41 89
41 93
41 100
41 101
41 104
41 107
41 115
41 117
42 43
42 45
42 47
42 50
42 55
42 57
42 62
42 66
42 70
42 76
42 82
42 86
42 89
42 92
42 94
42 95
42 98
42 100
42 102
42 105
42 107
42 109
42 112
42 113
42 118
43 45
43 48
43 56
43 57
43 62
43 63
43 65
43 68
43 69
43 75
43 79
43 82
43 84
43 86
43 87
43 92
43 95
43 96
43 100
43 101
43 103
43 109
43 114
43 116
43 117
43 119
43 120
44 45
44 49
44 51
44 56
44 60
44 63
44 65
44 68
44 73
44 75
44 76
44 77
44 78
44 80
44 82
44 85
44 93
44 96
44 104
44 109
44 110
44 111
44 112
44 116
44 119
44 120
45 46
45 47
45 49
45 51
45 53
45 55
45 58
45 59
45 61
45 64
45 66
45 68
45 78
45 79
45 82
45 83
45 85
45 86
45 89
45 91
45 92
45 95
45 99
45 100
45 105
45 106
45 108
45 110
45 111
45 113
46 49
46 50
46 51
46 52
46 54
46 61
46 64
46 66
46 71
46 74
46 75
46 76
46 78
46 79
46 88
46 89
46 96
46 97
46 99
46 101
46 102
46 105
46 108
46 112
47 52
47 54
47 56
47 58
47 59
47 60
47 61
47 68
47 71
47 73
47 76
47 79
47 82
47 83
47 86
47 88
47 92
47 95
47 104
47 109
47 111
47 114
47 116
48 51
48 58
48 63
48 64
48 66
48 70
48 72
48 74
48 75
48 77
48 78
48 79
48 81
48 82
48 87
48 88
48 89
48 102
48 112
48 117
48 118
49 51
49 52
49 57
49 62
49 67
49 69
49 72
49 78
49 79
49 89
49 98
49 101
49 107
49 108
49 111
49 113
49 114
49 115
49 119
50 51
50 53
50 55
50 57
50 58
50 60
50 69
50 71
50 72
50 81
50 83
50 87
50 92
50 96
50 98
50 100
50 105
50 107
50 108
50 113
51 52
51 53
51 62
51 63
51 64
51 65
51 68
51 71
51 73
51 80
51 83
51 84
51 86
51 92
51 98
51 100
51 101
51 103
51 106
51 117
52 56
52 59
52 61
52 62
52 63
52 66
52 67
52 69
52 75
52 77
52 84
52 85
52 87
52 91
52 94
52 95
52 97
52 100
52 101
52 104
52 107
52 108
52 114
52 115
52 120
53 55
53 61
53 63
53 66
53 69
53 71
53 72
53 75
53 76
53 80
53 91
53 95
53 101
53 102
53 104
53 113
53 117
54 55
54 57
54 58
54 59
54 62
54 65
54 68
54 69
54 70
54 75
54 83
54 85
54 88
54 89
54 96
54 98
54 99
54 101
54 103
54 107
54 110
54 116
55 60
55 61
55 62
55 65
55 66
55 68
55 72
55 73
55 76
55 81
55 83
55 86
55 93
55 94
55 99
55 101
55 102
55 103
55 104
55 108
55 109
55 114
56 62
56 63
56 64
56 67
56 70
56 78
56 80
56 86
56 93
56 96
56 100
56 104
56 107
56 110
56 111
56 114
56 120
57 58
57 62
57 67
57 72
57 77
57 78
57 84
57 91
57 92
57 105
57 107
57 109
57 113
57 119
58 60
58 62
58 63
58 64
58 65
58 71
58 73
58 79
58 80
58 88
58 89
58 95
58 99
58 103
58 110
58 111
58 116
58 117
58 118
58 120
59 64
59 65
59 68
59 70
59 75
59 76
59 80
59 81
59 85
59 88
59 91
59 92
59 96
59 102
59 114
60 74
60 75
60 78
60 79
60 82
60 99
60 101
60 104
60 109
60 110
60 115
61 64
61 66
61 73
61 76
61 85
61 91
61 94
61 97
61 98
61 99
61 103
61 105
61 108
61 109
61 111
61 112
61 113
62 68
62 73
62 74
62 75
62 82
62 85
62 91
62 92
62 95
62 96
62 98
62 99
62 100
62 101
62 105
62 107
62 111
62 113
62 119
63 65
63 68
63 72
63 76
63 79
63 80
63 81
63 86
63 89
63 91
63 95
63 96
63 97
63 98
63 100
63 102
63 105
63 108
63 110
63 111
63 114
63 115
64 65
64 66
64 70
64 72
64 75
64 76
64 79
64 83
64 90
64 91
64 93
64 94
64 95
64 97
64 100
64 106
64 108
64 114
64 119
65 66
65 67
65 69
65 74
65 79
65 80
65 81
65 83
65 84
65 89
65 90
65 94
65 100
65 102
65 106
65 113
65 114
65 116
66 67
66 68
66 70
66 72
66 74
66 76
66 77
66 86
66 87
66 100
66 101
66 102
66 105
66 111
66 115
67 70
67 82
67 88
67 90
67 93
67 95
67 96
67 97
67 99
67 100
67 103
67 104
67 107
67 108
67 119
68 72
68 74
68 75
68 80
68 88
68 89
68 92
68 94
68 97
68 99
68 100
68 101
68 102
68 103
68 105
68 107
68 112
68 116
68 120
69 70
69 71
69 72
69 74
69 79
69 84
69 85
69 90
69 93
69 96
69 97
69 98
69 99
69 102
69 104
69 107
69 108
69 110
69 112
69 115
69 120
70 74
70 79
70 85
70 88
70 89
70 90
70 92
70 94
70 96
70 98
70 103
70 105
70 106
70 108
70 111
70 116
71 74
71 76
71 77
71 80
71 87
71 89
71 93
71 94
71 95
71 99
71 102
71 103
71 104
71 109
71 112
71 116
71 117
71 120
72 76
72 81
72 83
72 84
72 85
72 90
72 94
72 96
72 97
72 99
72 102
72 103
72 106
72 109
72 110
72 113
72 114
72 115
73 74
73 75
73 84
73 87
73 90
73 92
73 94
73 102
73 114
73 118
74 76
74 83
74 86
74 87
74 89
74 91
74 92
74 94
74 95
74 99
74 107
74 108
74 109
74 112
74 113
74 115
74 118
75 77
75 80
75 82
75 85
75 86
75 87
75 88
75 90
75 91
75 95
75 96
75 97
75 98
75 105
75 107
75 110
75 111
75 117
76 80
76 82
76 83
76 84
76 91
76 97
76 105
76 107
76 113
76 115
76 116
76 117
76 120
77 78
77 82
77 86
77 93
77 94
77 96
77 100
77 102
77 108
77 110
77 115
77 119
77 120
78 84
78 88
78 93
78 96
78 100
78 102
78 108
78 113
79 81
79 85
79 86
79 99
79 103
79 104
79 112
79 114
79 119
80 94
80 96
80 99
80 103
80 112
80 114
80 115
80 116
80 117
81 89
81 95
81 109
81 111
81 114
81 115
81 118
81 119
82 83
82 87
82 89
82 96
82 98
82 102
82 103
82 111
82 113
82 119
83 84
83 85
83 92
83 94
83 100
83 103
83 105
83 106
83 107
83 110
83 119
83 120
84 86
84 87
84 88
84 95
84 98
84 105
84 106
84 107
84 108
85 86
85 90
85 92
85 98
85 101
85 102
85 103
85 111
85 113
85 118
86 87
86 89
86 92
86 97
86 99
86 106
86 107
86 109
86 112
86 114
86 115
86 116
87 92
87 97
87 99
87 106
87 111
87 113
87 114
87 117
88 90
88 103
88 105
88 111
88 115
88 116
88 117
89 91
89 93
89 94
89 98
89 110
89 111
89 112
89 113
89 114
89 118
90 93
90 96
90 100
90 104
90 105
90 106
90 108
90 110
90 111
90 112
90 115
90 116
90 119
91 93
91 101
91 103
91 105
91 107
91 113
91 116
91 117
92 103
92 105
92 111
92 117
92 119
93 94
93 99
93 106
93 108
93 111
93 114
93 117
93 120
94 95
94 100
94 105
94 106
94 108
94 113
94 114
94 115
94 117
94 119
94 120
95 101
95 102
95 109
95 111
95 114
96 97
96 98
96 99
96 100
96 104
96 105
96 113
96 115
96 116
96 119
97 101
97 105
97 107
97 111
97 115
97 116
97 119
98 103
98 105
98 107
98 112
98 114
98 115
98 117
99 104
99 109
99 113
99 117
99 119
100 108
100 112
100 115
100 117
101 102
101 103
101 104
101 105
101 107
101 115
101 116
101 117
101 119
102 109
102 111
102 116
102 120
103 104
103 106
103 111
103 113
103 118
103 119
104 105
104 106
104 107
104 110
104 115
104 117
105 108
105 110
105 115
105 116
106 107
106 110
106 116
106 117
107 108
107 112
107 114
107 120
108 109
108 110
108 112
108 113
108 115
109 110
109 111
110 111
110 112
110 118
110 120
111 112
111 114
111 117
112 118
112 120
113 114
113 117
113 119
114 115
114 118
115 116
115 117
115 119
115 120
116 117
119 120
