c random_120_714
120 714
1 6
1 8
1 21
1 49
1 59
1 60
1 61
1 66
1 78
1 90
1 93
1 95
1 97
1 98
1 119
2 9
2 21
2 46
2 53
2 57
2 61
2 70
2 89
2 90
2 92
2 93
2 102
2 106
3 8
3 9
3 13
3 23
3 43
3 71
3 80
3 85
3 99
3 103
3 106
3 113
4 38
4 47
4 52
4 57
4 71
4 76
4 81
5 11
5 15
5 18
5 25
5 26
5 53
5 76
5 77
5 81
5 105
5 115
5 117
6 14
6 19
6 40
6 66
6 85
6 93
6 109
6 116
7 9
7 13
7 15
7 34
7 38
7 49
7 75
7 76
7 78
7 89
7 106
7 109
7 117
8 10
8 27
8 33
8 39
8 44
8 45
8 88
8 89
8 105
8 109
8 118
8 120
9 21
9 61
9 65
9 73
9 74
9 89
9 94
9 96
9 117
10 11
10 19
10 24
10 39
10 42
10 49
10 55
10 58
10 62
10 67
10 82
10 83
10 85
10 97
10 101
11 23
11 26
11 38
11 40
11 41
11 42
11 56
11 58
11 96
11 99
11 105
12 45
12 49
12 85
12 110
12 111
12 120
13 29
13 34
13 35
13 39
13 48
13 51
13 58
13 61
13 79
13 93
13 97
13 115
13 117
13 120
14 21
14 27
14 49
14 70
14 77
14 103
14 119
15 16
15 30
15 39
15 52
15 82
15 87
15 94
15 103
15 115
15 117
16 23
16 34
16 48
16 49
16 73
16 78
16 100
16 104
16 106
17 25
17 45
17 49
17 71
17 89
17 94
17 113
18 23
18 27
18 37
18 48
18 68
18 71
18 77
18 89
19 24
19 34
19 49
19 61
19 77
19 89
19 93
19 100
19 101
19 102
19 109
19 110
20 24
20 61
20 70
20 97
20 111
20 116
20 120
21 30
21 34
21 41
21 84
21 86
21 97
21 103
22 32
22 33
22 50
22 51
22 56
22 65
22 79
22 86
22 93
22 101
22 105
22 107
23 33
23 46
23 60
23 62
23 107
24 27
24 48
24 53
24 55
24 82
24 84
24 88
24 89
24 94
24 99
25 42
25 51
25 62
25 114
26 28
26 34
26 42
26 47
26 59
26 72
26 88
26 96
26 99
27 34
27 62
27 63
27 66
27 76
27 78
27 89
27 110
27 118
28 30
28 39
28 60
28 63
28 72
28 75
28 87
28 89
28 109
28 120
29 30
29 34
29 35
29 36
29 37
29 39
29 49
29 51
29 53
29 60
29 65
29 67
29 68
29 69
29 80
29 83
29 108
29 114
30 33
30 43
30 53
30 54
30 55
30 61
30 62
30 64
30 65
30 72
30 95
30 100
30 108
31 40
31 41
31 47
31 48
31 51
31 54
31 60
31 99
31 102
31 117
32 38
32 46
32 59
32 65
32 89
32 91
32 98
32 99
32 106
33 47
33 70
33 74
33 93
33 113
33 117
34 37
34 39
34 40
34 64
34 66
34 77
34 87
34 90
34 94
34 96
34 101
34 103
34 119
35 50
35 53
35 60
35 61
35 67
35 72
35 89
35 119
36 39
36 40
36 46
36 69
36 70
36 78
36 79
36 83
36 92
36 98
36 105
36 114
36 115
37 44
37 78
37 102
37 118
37 120
38 40
38 48
38 53
38 66
38 67
38 74
38 77
38 86
38 88
38 92
38 94
38 95
38 104
39 43
39 49
39 55
39 56
39 57
39 58
39 95
40 42
40 48
40 56
40 59
40 64
40 72
40 77
40 120
41 47
41 83
41 107
41 113
41 115
42 58
42 74
42 85
42 99
42 112
43 50
43 72
43 74
43 80
43 84
43 92
43 99
43 100
43 102
43 113
43 117
44 116
45 47
45 48
45 74
45 98
45 102
45 119
46 48
46 67
46 78
46 86
46 87
46 102
46 116
47 55
47 58
47 67
47 75
47 81
47 82
47 86
47 89
47 97
47 105
47 107
48 49
48 59
48 60
48 67
48 97
48 102
48 107
48 114
48 119
49 57
49 66
49 76
49 91
49 98
49 103
49 111
49 115
49 117
50 59
50 64
50 78
50 82
50 93
50 100
50 102
50 111
50 116
50 120
51 52
51 74
51 77
51 91
51 103
51 114
52 56
52 65
52 96
52 110
53 55
53 59
53 67
53 76
53 86
53 97
53 110
53 117
54 64
54 82
54 84
54 87
54 109
55 65
55 73
55 84
55 86
55 120
56 69
56 79
56 87
57 65
57 67
57 76
57 84
57 110
57 118
58 70
58 71
58 94
58 96
58 97
58 117
58 118
59 61
59 82
59 89
59 100
59 104
59 106
60 82
60 88
60 90
60 99
60 100
61 66
61 94
61 107
62 63
62 65
62 76
62 93
63 76
63 79
63 94
63 98
63 100
64 66
64 69
64 73
64 74
64 75
64 84
64 95
64 97
64 98
64 110
65 71
65 75
65 82
65 88
65 90
65 91
65 112
65 115
65 118
66 70
66 71
66 74
66 89
66 105
67 81
67 86
67 99
67 103
67 105
68 70
68 73
68 80
68 87
69 85
69 86
69 107
69 110
69 111
69 113
70 76
70 80
70 81
70 84
70 93
70 106
71 78
71 81
71 95
71 98
71 103
71 112
71 117
72 78
72 82
72 83
72 92
72 96
72 117
73 76
73 81
73 83
73 89
73 91
73 108
73 109
73 119
74 80
74 90
74 95
74 113
74 117
75 80
75 90
75 93
75 112
75 117
76 84
76 85
76 87
76 89
76 96
76 115
77 84
77 92
77 105
77 110
78 90
78 91
78 101
78 104
78 108
78 119
79 84
79 94
79 112
79 120
80 81
80 95
80 96
81 82
81 84
82 83
82 88
82 89
82 91
82 104
83 86
83 97
83 99
83 102
83 105
83 111
84 88
84 100
84 112
84 114
85 94
85 114
85 117
86 91
86 106
86 112
86 114
86 116
87 97
87 116
87 117
88 91
88 97
88 104
89 93
90 93
90 98
90 100
90 102
90 105
92 103
92 120
93 116
95 104
96 100
96 101
96 102
96 105
96 112
96 117
96 119
96 120
97 98
98 103
98 107
98 109
98 112
98 119
99 102
99 114
100 101
100 105
100 106
100 112
101 105
101 107
101 111
103 118
104 120
105 113
105 115
106 120
108 109
108 116
108 118
109 111
109 112
109 116
110 111
110 120
115 120
