c random_120_714
120 714
1 9
1 11
1 27
1 28
1 39
1 60
1 66
1 72
1 76
1 89
1 97
1 104
1 113
2 15
2 21
2 22
2 24
2 27
2 43
2 68
2 94
2 101
2 104
2 112
3 31
3 36
3 41
3 68
3 70
3 77
3 79
3 90
3 94
3 98
3 102
3 109
3 115
4 20
4 23
4 32
4 34
4 38
4 54
4 60
4 65
4 85
4 91
4 98
4 106
5 11
5 23
5 33
5 40
5 64
5 68
5 71
5 76
5 77
5 79
5 87
5 97
5 108
5 117
6 8
6 24
6 28
6 56
6 74
6 89
6 106
7 40
7 45
7 46
7 50
7 52
7 62
7 63
7 68
7 89
7 93
7 94
7 100
7 109
7 113
8 15
8 23
8 44
8 89
8 116
9 10
9 11
9 20
9 21
9 36
9 42
9 56
9 59
9 68
9 82
9 111
10 16
10 22
10 43
10 50
10 56
10 72
10 74
10 77
10 95
10 116
11 21
11 24
11 28
11 30
11 36
11 45
11 74
11 87
11 91
11 93
11 101
11 115
11 120
12 27
12 30
12 34
12 53
12 56
12 70
12 81
12 90
12 94
12 112
12 115
13 26
13 29
13 37
13 44
13 59
13 69
13 74
13 78
13 81
13 82
13 92
13 95
13 100
13 101
13 102
13 104
13 106
13 107
14 19
14 31
14 34
14 38
14 39
14 51
14 60
14 61
14 86
14 116
14 117
14 119
15 21
15 40
15 49
15 83
15 88
15 116
15 119
16 19
16 42
16 44
16 67
16 71
16 75
16 77
16 81
16 110
16 119
17 30
17 32
17 35
17 45
17 93
17 98
17 102
18 28
18 30
18 32
18 58
18 59
18 61
18 97
19 45
19 60
19 66
19 69
19 85
19 101
20 21
20 29
20 39
20 79
20 87
20 106
20 107
20 109
20 111
20 112
21 28
21 41
21 44
21 54
21 57
21 60
21 62
21 66
21 89
21 98
21 113
21 114
21 116
22 64
22 79
22 96
22 98
22 104
22 118
23 24
23 28
23 29
23 78
23 84
23 95
23 98
24 26
24 39
24 65
24 66
24 71
24 73
24 75
24 93
24 95
24 105
24 120
25 30
25 32
25 37
25 45
25 62
25 67
25 68
25 70
25 99
25 107
26 31
26 38
26 39
26 48
26 59
26 77
26 79
26 84
26 102
26 111
26 112
26 113
27 32
27 35
27 37
27 38
27 45
27 53
27 57
27 62
27 69
27 93
27 97
27 118
28 35
28 47
28 59
28 62
28 72
28 84
28 101
28 117
29 30
29 34
29 48
29 53
29 58
29 61
29 67
29 73
29 83
30 33
30 42
30 47
30 51
30 52
30 54
30 57
30 67
30 73
30 79
30 90
30 93
30 94
30 99
30 109
30 116
30 120
31 41
31 54
31 59
31 61
31 68
31 69
31 73
31 93
31 94
31 98
31 101
32 43
32 46
32 63
32 71
32 80
32 94
32 96
32 99
32 101
32 111
32 113
32 115
32 120
33 35
33 72
33 76
33 85
33 88
33 112
34 36
34 41
34 44
34 47
34 52
34 63
34 68
34 73
34 82
34 84
34 89
34 94
34 95
34 114
34 115
35 44
35 45
35 61
35 65
35 68
35 78
35 85
36 37
36 54
36 55
36 68
36 77
36 78
36 84
36 89
36 91
36 99
36 102
36 108
36 110
37 38
37 58
37 65
37 84
37 96
38 44
38 53
38 65
38 72
38 76
38 77
38 78
38 79
38 93
38 112
39 41
39 42
39 46
39 56
39 75
39 86
39 88
39 97
39 112
40 49
40 54
40 68
40 76
40 78
40 79
40 91
40 100
40 107
40 115
41 58
41 69
41 83
41 94
41 99
41 102
42 47
42 66
42 72
42 74
42 86
42 89
42 95
42 112
42 118
43 44
43 55
43 56
43 57
43 70
43 102
43 104
43 118
44 61
44 71
44 74
44 75
44 111
44 119
44 120
45 51
45 60
45 73
45 97
45 103
45 114
45 120
46 56
46 63
46 66
46 105
47 53
47 59
47 75
47 106
47 117
48 57
48 59
48 61
48 113
48 116
49 66
49 73
49 80
49 93
49 108
49 110
50 60
50 71
50 74
50 82
50 87
50 95
50 107
51 55
51 59
51 61
51 79
51 88
51 95
51 117
51 120
52 59
52 68
52 70
52 71
52 93
52 107
53 57
53 61
53 69
53 75
53 98
53 117
54 61
54 62
54 63
54 84
54 103
54 105
55 61
55 71
55 72
55 100
56 66
56 67
56 71
56 73
56 83
56 86
56 90
56 94
56 95
56 100
56 105
56 117
57 83
57 92
57 97
57 103
57 104
57 106
57 113
57 118
57 120
58 94
58 104
58 115
58 116
59 60
59 61
59 64
59 66
60 89
60 101
60 102
60 111
60 112
61 64
61 68
61 95
61 106
61 111
61 117
62 106
63 97
63 102
63 106
63 119
64 65
64 66
64 71
64 73
64 113
65 66
65 81
65 103
65 104
66 68
66 75
66 91
66 99
66 106
66 108
67 69
67 71
67 86
67 115
68 107
68 111
69 82
69 99
69 104
69 106
69 116
70 71
70 96
70 98
70 102
70 107
70 109
70 114
70 118
71 75
71 80
72 93
72 104
73 77
73 80
73 82
73 83
73 92
73 94
73 107
73 108
73 114
74 75
74 85
74 111
74 113
74 116
74 117
75 80
75 81
75 92
75 102
75 106
75 113
76 91
76 103
76 112
77 87
77 89
77 93
77 115
77 117
78 81
78 84
78 86
78 94
78 103
79 83
79 86
79 90
79 94
79 96
79 103
80 87
80 110
81 88
81 91
82 85
82 87
82 89
82 92
82 96
82 101
82 103
82 106
82 111
83 86
83 107
83 113
84 89
84 92
84 99
84 108
84 112
85 107
85 110
85 116
85 117
86 93
86 104
86 107
86 120
87 100
87 107
87 116
87 117
87 119
88 93
88 97
88 101
88 113
89 90
89 91
89 107
89 119
90 102
90 110
91 96
91 117
92 104
92 118
93 102
93 107
93 114
94 96
94 103
95 100
95 102
95 109
95 114
96 98
96 101
96 104
97 117
97 118
97 119
98 111
99 107
99 108
99 116
100 111
102 106
103 108
103 115
104 105
104 112
105 112
107 116
108 118
108 120
112 117
114 119
114 120
116 119
116 120
