c random_120_2142
120 2142
1 2
1 10
1 18
1 20
1 24
1 25
1 26
1 27
1 31
1 33
1 39
1 45
1 48
1 51
1 54
1 57
1 62
1 63
1 68
1 78
1 86
1 88
1 94
1 103
1 105
1 106
1 116
1 117
2 3
2 5
2 10
2 11
2 14
2 18
2 26
2 29
2 30
2 31
2 37
2 41
2 43
2 45
2 48
2 49
2 50
2 58
2 60
2 61
2 62
2 66
2 68
2 69
2 70
2 86
2 89
2 95
2 98
2 100
2 101
2 103
2 104
2 106
2 107
2 109
2 110
2 112
2 113
2 116
3 8
3 11
3 12
3 21
3 23
3 29
3 30
3 34
3 36
3 43
3 48
3 50
3 55
3 57
3 64
3 65
3 66
3 69
3 71
3 76
3 79
3 80
3 82
3 84
3 86
3 90
3 91
3 92
3 99
3 100
3 103
3 104
3 107
3 110
3 111
3 112
3 115
4 5
4 7
4 12
4 15
4 18
4 20
4 21
4 24
4 25
4 26
4 28
4 45
4 47
4 49
4 51
4 55
4 56
4 59
4 60
4 67
4 73
4 74
4 75
4 77
4 79
4 80
4 85
4 87
4 90
4 96
4 103
4 106
4 115
4 117
4 120
5 10
5 12
5 13
5 15
5 24
5 25
5 26
5 27
5 37
5 42
5 43
5 45
5 46
5 48
5 49
5 51
5 52
5 54
5 61
5 62
5 66
5 67
5 70
5 75
5 78
5 84
5 85
5 87
5 89
5 91
5 94
5 99
5 100
5 101
5 104
5 106
5 108
5 120
6 7
6 8
6 9
6 16
6 18
6 19
6 20
6 27
6 33
6 37
6 38
6 40
6 41
6 48
6 51
6 52
6 53
6 54
6 60
6 61
6 62
6 63
6 64
6 69
6 73
6 77
6 80
6 85
6 87
6 89
6 90
6 93
6 102
6 111
6 115
6 117
6 120
7 12
7 15
7 18
7 20
7 27
7 32
7 38
7 41
7 61
7 62
7 63
7 68
7 69
7 71
7 78
7 84
7 94
7 98
7 99
7 100
7 103
7 104
7 108
7 109
7 116
7 118
7 120
8 12
8 16
8 17
8 20
8 33
8 44
8 47
8 50
8 51
8 55
8 59
8 68
8 70
8 71
8 75
8 79
8 82
8 85
8 86
8 94
8 95
8 104
8 105
8 106
8 109
8 110
8 113
8 115
8 117
8 120
9 11
9 16
9 17
9 22
9 26
9 27
9 28
9 30
9 32
9 36
9 42
9 48
9 49
9 52
9 54
9 58
9 59
9 64
9 66
9 67
9 70
9 78
9 79
9 80
9 81
9 87
9 95
9 99
9 105
9 107
9 108
9 110
9 111
9 112
9 117
9 118
9 120
10 18
10 22
10 24
10 27
10 28
10 31
10 32
10 38
10 45
10 49
10 50
10 52
10 60
10 64
10 65
10 69
10 73
10 88
10 89
10 91
10 94
10 95
10 97
10 101
10 105
10 108
10 113
10 119
10 120
11 21
11 28
11 29
11 31
11 33
11 36
11 38
11 46
11 47
11 49
11 50
11 51
11 52
11 55
11 57
11 61
11 64
11 68
11 70
11 74
11 75
11 76
11 82
11 85
11 94
11 95
11 96
11 97
11 98
11 99
11 101
11 110
11 114
11 117
11 118
11 119
11 120
12 14
12 20
12 22
12 23
12 25
12 27
12 28
12 32
12 33
12 37
12 39
12 41
12 46
12 48
12 49
12 50
12 55
12 58
12 59
12 60
12 61
12 65
12 66
12 69
12 72
12 74
12 81
12 83
12 89
12 93
12 94
12 97
12 102
12 107
12 108
12 112
12 115
12 118
12 120
13 14
13 16
13 27
13 35
13 40
13 43
13 47
13 51
13 54
13 62
13 66
13 67
13 72
13 73
13 74
13 77
13 82
13 87
13 89
13 95
13 101
13 104
13 117
13 120
14 23
14 24
14 26
14 34
14 37
14 39
14 41
14 43
14 44
14 47
14 48
14 51
14 55
14 56
14 57
14 60
14 67
14 70
14 75
14 76
14 77
14 87
14 89
14 92
14 95
14 100
14 102
14 105
14 110
14 114
14 115
14 116
14 119
15 16
15 20
15 21
15 26
15 29
15 30
15 33
15 38
15 39
15 46
15 47
15 50
15 54
15 57
15 58
15 64
15 69
15 70
15 72
15 73
15 79
15 80
15 83
15 84
15 87
15 94
15 95
15 97
15 98
15 99
15 100
15 102
15 103
15 112
15 114
16 19
16 23
16 25
16 27
16 34
16 36
16 42
16 43
16 45
16 51
16 56
16 71
16 73
16 82
16 84
16 87
16 91
16 98
16 111
16 113
17 20
17 21
17 24
17 26
17 29
17 42
17 49
17 54
17 55
17 56
17 60
17 63
17 73
17 78
17 81
17 82
17 85
17 88
17 95
17 98
17 99
17 100
17 107
17 109
17 110
17 111
17 112
17 113
17 114
17 116
17 119
17 120
18 19
18 20
18 23
18 27
18 28
18 29
18 30
18 34
18 37
18 57
18 58
18 59
18 66
18 69
18 71
18 75
18 77
18 79
18 84
18 86
18 90
18 94
18 97
18 99
18 105
18 106
18 108
18 117
18 118
19 22
19 29
19 30
19 31
19 34
19 35
19 37
19 39
19 49
19 52
19 53
19 56
19 57
19 58
19 62
19 63
19 67
19 69
19 70
19 76
19 80
19 86
19 88
19 89
19 91
19 94
19 95
19 96
19 97
19 100
19 104
19 109
19 111
19 117
20 22
20 24
20 27
20 32
20 33
20 34
20 38
20 39
20 43
20 45
20 47
20 48
20 54
20 59
20 61
20 65
20 66
20 73
20 75
20 80
20 82
20 83
20 88
20 89
20 90
20 96
20 98
20 101
20 115
21 22
21 23
21 26
21 27
21 28
21 31
21 32
21 33
21 35
21 36
21 38
21 40
21 46
21 59
21 61
21 63
21 67
21 68
21 71
21 72
21 73
21 74
21 79
21 81
21 82
21 86
21 90
21 91
21 109
21 114
21 116
21 118
22 31
22 44
22 49
22 51
22 53
22 55
22 57
22 60
22 61
22 67
22 70
22 71
22 77
22 82
22 87
22 90
22 91
22 93
22 95
22 96
22 104
22 118
22 120
23 27
23 32
23 33
23 38
23 40
23 41
23 43
23 48
23 49
23 53
23 54
23 55
23 56
23 59
23 61
23 63
23 64
23 75
23 76
23 77
23 81
23 84
23 85
23 86
23 87
23 88
23 94
23 96
23 98
23 99
23 101
23 102
23 104
23 107
23 115
23 116
23 118
24 27
24 28
24 32
24 34
24 40
24 49
24 52
24 55
24 57
24 59
24 63
24 65
24 68
24 76
24 77
24 78
24 79
24 83
24 86
24 96
24 98
24 100
24 101
24 109
24 113
24 114
24 119
25 27
25 38
25 45
25 49
25 55
25 57
25 64
25 72
25 75
25 76
25 77
25 80
25 81
25 83
25 87
25 88
25 92
25 95
25 96
25 98
25 101
25 103
25 104
25 107
25 109
25 111
26 27
26 28
26 30
26 33
26 37
26 41
26 42
26 43
26 48
26 51
26 57
26 58
26 61
26 63
26 66
26 68
26 73
26 75
26 77
26 87
26 88
26 89
26 91
26 97
26 99
26 100
26 102
26 104
26 109
26 111
26 117
27 31
27 34
27 45
27 46
27 48
27 52
27 53
27 65
27 69
27 85
27 86
27 89
27 91
27 95
27 96
27 97
27 98
27 99
27 100
27 102
27 107
27 112
27 114
27 115
27 116
27 117
28 29
28 35
28 41
28 42
28 45
28 46
28 51
28 54
28 59
28 60
28 62
28 63
28 68
28 70
28 72
28 74
28 76
28 80
28 81
28 84
28 86
28 89
28 90
28 94
28 97
28 103
28 104
28 108
28 111
28 112
28 114
28 116
28 117
28 119
28 120
29 32
29 33
29 39
29 44
29 45
29 54
29 55
29 56
29 61
29 64
29 66
29 68
29 72
29 78
29 81
29 83
29 87
29 89
29 91
29 92
29 93
29 94
29 98
29 100
29 101
29 104
29 105
29 108
29 112
29 113
29 116
29 117
30 32
30 33
30 41
30 45
30 47
30 49
30 51
30 54
30 55
30 57
30 58
30 59
30 60
30 62
30 68
30 79
30 82
30 88
30 94
30 98
30 99
30 101
30 105
30 111
30 113
30 116
30 118
30 119
30 120
31 32
31 38
31 41
31 48
31 50
31 55
31 58
31 60
31 61
31 63
31 67
31 69
31 76
31 81
31 84
31 89
31 90
31 91
31 95
31 98
31 101
31 105
31 107
31 109
31 110
31 115
31 118
32 35
32 38
32 40
32 41
32 44
32 46
32 48
32 49
32 50
32 57
32 59
32 62
32 63
32 68
32 71
32 75
32 77
32 82
32 83
32 85
32 86
32 88
32 90
32 93
32 94
32 95
32 102
32 104
32 106
32 107
32 111
32 114
32 119
33 39
33 40
33 42
33 43
33 44
33 46
33 47
33 48
33 49
33 55
33 64
33 67
33 70
33 76
33 77
33 81
33 90
33 92
33 96
33 98
33 102
33 118
34 39
34 43
34 44
34 45
34 46
34 51
34 52
34 56
34 59
34 64
34 68
34 73
34 79
34 87
34 88
34 89
34 90
34 93
34 94
34 100
34 103
34 105
34 110
35 41
35 45
35 46
35 52
35 55
35 56
35 57
35 58
35 60
35 66
35 69
35 74
35 75
35 79
35 84
35 85
35 89
35 90
35 97
35 100
35 102
35 103
35 112
35 119
36 43
36 44
36 46
36 62
36 64
36 65
36 67
36 72
36 76
36 81
36 83
36 87
36 89
36 90
36 93
36 96
36 100
36 101
36 107
36 108
36 110
36 113
36 116
36 117
36 118
37 38
37 40
37 44
37 48
37 49
37 52
37 56
37 58
37 59
37 60
37 62
37 63
37 69
37 71
37 73
37 79
37 90
37 91
37 93
37 96
37 97
37 98
37 104
37 106
37 109
37 113
37 115
37 117
37 118
37 120
38 40
38 41
38 48
38 55
38 58
38 59
38 64
38 66
38 71
38 74
38 78
38 81
38 84
38 86
38 95
38 99
38 106
38 108
38 110
38 113
38 119
39 44
39 47
39 51
39 53
39 59
39 65
39 71
39 75
39 76
39 77
39 81
39 86
39 87
39 89
39 90
39 91
39 92
39 93
39 96
39 98
39 99
39 103
39 108
39 109
39 111
39 119
40 43
40 45
40 49
40 50
40 58
40 59
40 62
40 64
40 66
40 67
40 68
40 70
40 71
40 75
40 76
40 78
40 82
40 85
40 86
40 88
40 89
40 91
40 95
40 99
40 101
40 108
40 109
40 113
40 116
40 119
41 42
41 47
41 48
41 49
41 50
41 51
41 53
41 54
41 56
41 59
41 61
41 63
41 67
41 72
41 79
41 81
41 82
41 83
41 86
41 87
41 91
41 92
41 97
41 100
41 101
41 108
41 111
41 113
41 116
42 43
42 47
42 48
42 49
42 55
42 61
42 62
42 72
42 79
42 80
42 85
42 90
42 94
42 95
42 100
42 105
42 111
42 118
43 48
43 49
43 53
43 54
43 55
43 56
43 59
43 61
43 62
43 65
43 71
43 72
43 74
43 79
43 86
43 89
43 102
43 103
43 105
43 108
43 116
44 48
44 55
44 61
44 64
44 69
44 70
44 76
44 80
44 81
44 83
44 85
44 89
44 92
44 106
44 108
44 113
44 115
44 117
44 118
44 119
44 120
45 50
45 60
45 66
45 67
45 78
45 79
45 80
45 81
45 82
45 86
45 88
45 89
45 90
45 93
45 94
45 95
45 96
45 99
45 103
45 109
45 116
45 117
45 119
46 47
46 58
46 59
46 62
46 68
46 86
46 87
46 90
46 93
46 94
46 97
46 99
46 104
46 106
46 107
46 112
46 113
46 114
46 118
46 120
47 51
47 52
47 53
47 58
47 67
47 73
47 78
47 79
47 82
47 83
47 86
47 90
47 96
47 97
47 99
47 102
47 115
47 116
47 118
48 50
48 51
48 60
48 61
48 64
48 70
48 72
48 74
48 75
48 77
48 78
48 79
48 86
48 88
48 91
48 96
48 100
48 101
48 102
48 103
48 104
48 105
48 111
48 115
48 116
49 52
49 57
49 58
49 59
49 61
49 62
49 64
49 66
49 67
49 71
49 77
49 81
49 85
49 88
49 89
49 92
49 95
49 96
49 97
49 98
49 100
49 101
49 105
49 109
49 114
49 117
49 119
49 120
50 52
50 56
50 58
50 60
50 64
50 70
50 72
50 73
50 76
50 77
50 80
50 81
50 84
50 95
50 97
50 101
50 104
50 107
50 108
50 109
50 118
51 53
51 59
51 63
51 65
51 67
51 69
51 70
51 73
51 78
51 84
51 86
51 90
51 95
51 96
51 103
51 104
51 109
51 113
51 118
51 119
52 55
52 56
52 69
52 71
52 74
52 81
52 94
52 97
52 102
52 105
52 106
52 107
52 110
52 111
52 112
52 113
52 118
53 63
53 77
53 79
53 81
53 82
53 84
53 85
53 88
53 89
53 90
53 93
53 94
53 95
53 96
53 100
53 109
53 112
53 113
53 116
54 59
54 60
54 64
54 76
54 80
54 81
54 83
54 84
54 88
54 91
54 94
54 101
54 103
54 104
54 105
54 112
54 113
54 115
54 116
54 120
55 66
55 68
55 69
55 71
55 74
55 79
55 80
55 82
55 86
55 90
55 93
55 96
55 98
55 102
55 103
55 107
55 109
55 111
55 120
56 57
56 59
56 62
56 66
56 70
56 75
56 83
56 84
56 86
56 87
56 94
56 96
56 97
56 104
56 105
56 106
56 109
56 110
56 113
56 115
56 116
56 118
57 61
57 62
57 63
57 66
57 70
57 71
57 72
57 76
57 77
57 83
57 86
57 87
57 92
57 95
57 106
57 107
57 109
58 61
58 64
58 65
58 66
58 70
58 72
58 79
58 90
58 93
58 95
58 106
58 109
58 111
58 117
58 120
59 64
59 69
59 73
59 74
59 79
59 85
59 87
59 91
59 92
59 94
59 95
59 97
59 101
59 102
59 103
59 105
59 109
59 110
59 115
59 118
60 67
60 68
60 71
60 74
60 76
60 80
60 82
60 95
60 98
60 103
60 104
60 105
60 107
60 111
60 114
60 115
60 120
61 62
61 64
61 65
61 68
61 84
61 85
61 87
61 91
61 92
61 100
61 104
61 110
61 118
61 119
61 120
62 66
62 71
62 72
62 73
62 79
62 82
62 87
62 94
62 99
62 100
62 101
62 106
62 114
63 65
63 66
63 71
63 76
63 79
63 80
63 84
63 87
63 90
63 91
63 94
63 97
63 98
63 100
63 102
63 106
63 107
63 108
63 109
63 110
63 118
64 66
64 69
64 73
64 79
64 84
64 91
64 97
64 101
64 102
64 106
64 107
64 116
64 117
65 70
65 71
65 73
65 80
65 82
65 85
65 87
65 88
65 89
65 90
65 91
65 94
65 98
65 100
65 107
65 109
65 115
65 116
65 119
66 73
66 74
66 79
66 81
66 83
66 84
66 96
66 100
66 101
66 104
66 106
66 108
66 110
66 118
66 119
67 69
67 75
67 76
67 77
67 80
67 81
67 89
67 94
67 95
67 98
67 106
67 112
67 120
68 69
68 70
68 73
68 82
68 83
68 84
68 89
68 90
68 93
68 94
68 95
68 99
68 104
68 107
68 110
68 115
68 117
68 120
69 73
69 74
69 87
69 88
69 89
69 90
69 91
69 94
69 95
69 97
69 98
69 99
69 100
69 104
69 113
69 115
69 117
70 76
70 77
70 79
70 91
70 98
70 99
70 100
70 101
70 104
70 105
70 107
70 111
70 119
71 73
71 76
71 82
71 84
71 91
71 96
71 99
71 104
71 108
71 111
71 112
71 117
72 73
72 79
72 80
72 86
72 91
72 92
72 97
72 102
72 108
72 109
72 110
72 112
72 118
73 81
73 84
73 94
73 101
73 102
73 109
73 110
73 114
74 76
74 77
74 80
74 83
74 88
74 91
74 92
74 96
74 104
74 106
74 107
74 109
74 110
74 114
74 115
74 116
74 117
74 118
75 79
75 81
75 87
75 88
75 95
75 107
75 112
75 115
76 78
76 79
76 81
76 86
76 92
76 95
76 99
76 100
76 101
76 105
76 107
76 110
76 114
76 117
76 119
77 81
77 86
77 87
77 89
77 91
77 93
77 95
77 97
77 98
77 100
77 108
77 115
77 117
78 82
78 85
78 86
78 87
78 88
78 89
78 92
78 93
78 95
78 100
78 114
78 115
79 80
79 83
79 85
79 86
79 88
79 95
79 98
79 103
79 104
79 105
79 109
79 110
79 118
79 119
80 86
80 91
80 95
80 96
80 99
80 102
80 104
80 107
81 83
81 84
81 87
81 91
81 97
81 98
81 99
81 100
81 101
81 106
81 108
81 112
81 113
81 114
81 115
81 117
81 120
82 83
82 85
82 86
82 88
82 90
82 91
82 92
82 93
82 98
82 100
82 101
82 103
82 108
82 111
82 112
82 115
82 116
82 118
83 84
83 98
83 99
83 100
83 103
83 105
83 110
83 115
83 116
83 117
84 85
84 88
84 90
84 93
84 102
84 103
84 113
84 117
84 119
85 87
85 89
85 92
85 97
85 99
85 101
85 106
85 115
85 116
85 117
85 118
86 87
86 91
86 93
86 96
86 97
86 99
86 102
86 104
86 106
86 107
86 109
86 112
86 118
86 120
87 90
87 91
87 93
87 95
87 97
87 100
87 102
87 103
87 105
87 111
87 116
87 119
88 92
88 95
88 99
88 101
88 102
88 106
88 107
88 111
88 112
88 119
89 90
89 96
89 105
89 108
89 110
89 111
89 114
90 91
90 92
90 95
90 96
90 101
90 103
90 106
90 108
90 115
90 116
90 118
90 119
91 94
91 101
91 103
91 104
91 106
91 107
91 111
91 113
91 115
91 117
91 119
92 93
92 94
92 96
92 99
92 105
92 106
92 110
92 112
92 116
92 117
92 119
93 96
93 97
93 100
93 104
93 106
93 110
93 116
93 118
94 97
94 99
94 101
94 108
94 109
94 113
94 115
94 118
94 120
95 96
95 100
95 101
95 102
95 103
95 107
95 111
95 115
95 117
95 119
96 100
96 101
96 108
96 109
96 111
96 114
96 118
97 104
97 106
97 110
97 116
97 117
97 120
98 99
98 104
98 106
98 107
98 115
98 118
98 120
99 101
99 105
99 106
99 110
99 115
99 117
100 104
100 113
100 114
100 117
100 118
101 104
101 105
101 106
101 110
101 111
102 107
102 115
102 118
102 119
103 108
103 116
103 119
104 110
104 111
104 115
104 117
105 114
105 115
105 117
105 119
106 108
106 109
106 110
106 113
106 115
106 120
107 111
107 113
107 115
107 120
108 114
108 118
108 119
110 116
111 113
112 115
112 116
113 116
114 117
114 118
116 118
117 118
117 119
118 119
