c random_60_531
60 531
1 3
1 4
1 7
1 9
1 10
1 11
1 12
1 15
1 17
1 21
1 22
1 24
1 26
1 29
1 31
1 34
1 39
1 40
1 45
1 49
1 51
1 53
1 54
1 57
2 3
2 7
2 13
2 14
2 15
2 17
2 19
2 26
2 28
2 30
2 31
2 32
2 33
2 35
2 42
2 43
2 48
2 49
2 50
2 51
2 54
2 55
2 59
3 7
3 8
3 12
3 15
3 16
3 24
3 29
3 37
3 40
3 50
3 52
3 56
3 58
4 8
4 14
4 18
4 19
4 22
4 23
4 30
4 31
4 32
4 38
4 41
4 42
4 55
4 56
4 60
5 6
5 23
5 27
5 32
5 35
5 37
5 40
5 60
6 8
6 9
6 10
6 25
6 31
6 37
6 43
6 50
6 51
6 52
6 53
6 54
6 55
6 60
7 8
7 10
7 14
7 16
7 20
7 23
7 25
7 26
7 28
7 30
7 51
7 55
7 56
7 60
8 21
8 22
8 23
8 26
8 27
8 28
8 41
8 42
8 43
8 44
8 49
8 52
8 54
9 15
9 16
9 17
9 18
9 20
9 21
9 23
9 26
9 29
9 33
9 39
9 45
9 54
9 58
9 59
9 60
10 11
10 15
10 19
10 21
10 24
10 30
10 34
10 35
10 41
10 44
10 53
10 55
10 58
11 14
11 17
11 18
11 19
11 20
11 24
11 26
11 27
11 29
11 35
11 38
11 45
11 48
11 49
11 51
11 54
11 55
11 60
12 17
12 19
12 24
12 25
12 32
12 37
12 40
12 41
12 43
12 57
13 15
13 18
13 21
13 22
13 24
13 26
13 27
13 28
13 31
13 32
13 37
13 38
13 43
13 47
13 49
13 50
13 53
13 55
13 56
13 60
14 18
14 21
14 34
14 35
14 40
14 42
14 47
14 59
15 26
15 27
15 28
15 33
15 34
15 38
15 39
15 48
15 51
15 55
16 17
16 19
16 28
16 34
16 36
16 39
16 40
16 42
16 43
16 47
16 48
16 51
16 53
16 55
16 56
16 58
17 18
17 21
17 22
17 24
17 27
17 28
17 35
17 37
17 40
17 41
17 42
17 43
17 45
17 50
17 51
18 19
18 24
18 26
18 30
18 33
18 35
18 39
18 42
18 45
18 50
18 51
18 57
18 58
19 21
19 24
19 25
19 29
19 34
19 37
19 39
19 40
19 53
19 55
19 59
20 24
20 27
20 28
20 30
20 34
20 35
20 38
20 39
20 40
20 41
20 50
20 52
20 55
20 56
20 58
20 59
21 30
21 31
21 32
21 37
21 38
21 41
21 44
21 45
21 47
21 48
21 50
21 51
21 54
21 57
21 58
22 23
22 24
22 25
22 26
22 27
22 38
22 39
22 41
22 46
22 47
22 50
22 55
22 59
23 30
23 31
23 32
23 35
23 41
23 47
23 52
23 60
24 34
24 39
24 57
24 59
25 28
25 31
25 33
25 37
25 44
25 48
25 49
25 50
25 51
25 55
25 56
25 57
26 35
26 36
26 41
26 45
26 47
26 48
26 50
26 52
27 31
27 34
27 37
27 42
27 44
27 47
27 48
27 49
28 30
28 34
28 35
28 36
28 38
28 41
28 42
28 46
28 47
28 52
28 55
28 56
28 57
28 58
29 33
29 36
29 38
29 39
29 42
29 46
29 50
29 51
29 55
29 57
30 37
30 39
30 41
30 43
30 46
30 47
30 48
30 49
30 50
30 51
30 55
31 40
31 41
31 45
31 57
31 60
32 39
32 46
32 48
32 59
33 34
33 38
33 43
33 44
33 47
33 48
33 50
33 53
33 56
33 60
34 37
34 39
34 42
34 44
34 46
34 49
34 51
34 53
34 58
35 42
35 43
35 46
35 48
35 49
35 55
35 60
36 38
36 40
36 41
36 43
36 44
36 52
36 53
36 54
36 55
36 58
36 59
36 60
37 38
37 47
37 49
37 50
37 52
37 54
37 55
37 58
38 40
38 44
38 50
38 51
38 53
39 41
39 42
39 47
39 48
39 50
39 52
39 55
40 43
40 48
40 50
40 53
40 55
40 57
41 50
41 54
41 55
41 56
41 57
41 58
42 45
42 46
42 48
42 52
42 53
42 58
43 46
43 49
43 50
43 52
43 55
43 56
43 59
43 60
44 49
44 51
45 46
45 48
45 57
45 59
46 49
46 57
46 60
47 54
47 60
48 49
48 50
48 54
48 55
48 58
49 50
49 51
49 52
49 53
49 54
49 55
49 57
50 54
50 56
50 57
50 58
50 60
51 55
51 58
52 53
52 57
52 59
53 54
53 56
53 58
54 56
54 58
54 59
55 56
55 57
57 58
57 59
58 59
59 60
