c random_60_177
60 177
1 11
1 16
1 25
1 38
1 42
1 46
1 56
2 27
2 32
2 33
2 38
2 39
2 42
2 44
2 45
2 51
3 30
4 16
4 23
4 25
4 39
4 44
4 47
4 58
5 13
5 19
5 43
5 44
5 45
5 52
5 55
5 60
6 23
7 10
7 13
7 26
7 33
7 34
8 19
8 28
8 39
8 45
8 58
8 59
9 19
9 20
9 30
9 45
9 46
10 23
10 56
10 59
10 60
11 12
11 23
11 28
11 30
11 58
12 36
12 45
12 52
13 22
13 23
13 39
13 55
14 32
14 33
14 50
14 59
15 16
15 18
15 27
15 34
15 41
15 48
15 50
16 27
16 49
17 23
17 31
17 34
17 45
18 23
18 25
18 39
18 41
18 60
19 28
19 35
19 36
19 41
19 57
19 59
20 44
20 51
20 56
21 23
21 26
21 27
21 38
21 47
22 29
22 34
22 40
22 57
23 25
23 27
23 29
23 34
23 35
23 40
23 43
23 49
24 26
24 30
24 40
24 44
24 50
24 53
25 36
25 42
25 46
25 55
26 43
26 58
27 36
27 47
27 54
28 31
28 33
28 36
28 37
28 52
28 56
29 43
29 49
29 56
30 39
30 40
30 50
30 54
31 46
32 35
32 37
33 39
33 43
33 53
33 55
34 43
34 44
34 47
34 54
35 40
35 41
35 47
35 55
36 38
36 54
37 50
37 52
40 42
40 49
42 44
43 55
43 60
44 45
44 52
44 56
44 59
44 60
45 58
47 52
48 59
51 58
52 53
55 57
56 58
