c random_60_531
60 531
1 8
1 10
1 13
1 14
1 15
1 17
1 29
1 31
1 33
1 39
1 40
1 42
1 44
1 49
1 50
1 52
1 56
1 60
2 5
2 7
2 12
2 25
2 26
2 27
2 28
2 29
2 33
2 36
2 38
2 52
2 55
2 56
2 60
3 5
3 9
3 12
3 18
3 20
3 22
3 27
3 28
3 31
3 37
3 45
3 50
3 55
3 58
3 59
4 5
4 12
4 16
4 20
4 22
4 26
4 28
4 32
4 33
4 37
4 42
4 45
4 46
4 54
4 58
4 59
4 60
5 9
5 10
5 16
5 25
5 27
5 29
5 30
5 32
5 33
5 36
5 43
5 46
5 47
5 49
5 50
5 52
5 56
5 58
6 18
6 19
6 20
6 23
6 25
6 27
6 37
6 38
6 40
6 44
6 46
6 48
6 49
6 50
6 51
6 52
6 60
7 11
7 12
7 15
7 16
7 18
7 21
7 29
7 33
7 36
7 37
7 41
7 42
7 45
7 47
7 48
7 50
7 51
7 53
7 54
7 60
8 9
8 11
8 12
8 15
8 19
8 21
8 23
8 26
8 31
8 34
8 36
8 37
8 38
8 41
8 42
8 50
8 53
9 10
9 13
9 14
9 17
9 19
9 24
9 25
9 28
9 29
9 31
9 38
9 43
9 45
9 47
9 53
9 56
9 59
10 17
10 21
10 22
10 23
10 24
10 25
10 26
10 27
10 30
10 36
10 38
10 41
10 42
10 43
10 46
10 47
10 48
10 50
10 52
10 54
10 59
11 13
11 16
11 19
11 37
11 43
11 44
11 48
11 57
11 59
12 14
12 27
12 30
12 34
12 37
12 42
12 44
12 46
12 50
13 18
13 19
13 23
13 25
13 28
13 31
13 49
13 51
13 54
13 55
13 60
14 17
14 18
14 19
14 20
14 21
14 27
14 32
14 35
14 37
14 42
14 47
14 48
14 49
14 52
14 55
15 17
15 18
15 19
15 21
15 23
15 25
15 26
15 31
15 33
15 37
15 40
15 41
15 45
15 49
15 51
15 57
15 60
16 17
16 19
16 20
16 22
16 25
16 26
16 29
16 31
16 32
16 38
16 46
16 48
16 54
16 55
16 56
16 59
17 18
17 19
17 20
17 23
17 24
17 25
17 26
17 27
17 28
17 29
17 31
17 36
17 37
17 38
17 40
17 41
17 43
17 44
17 49
17 57
17 58
17 59
17 60
18 20
18 24
18 25
18 28
18 39
18 41
18 46
18 48
18 49
18 58
18 59
19 24
19 31
19 35
19 36
19 37
19 38
19 49
19 53
19 55
20 21
20 26
20 34
20 41
20 43
20 47
20 51
20 52
20 55
20 56
20 59
20 60
21 22
21 24
21 27
21 33
21 34
21 38
21 39
21 46
21 47
21 53
21 55
22 25
22 38
22 45
22 48
22 50
22 51
22 53
22 56
22 59
23 25
23 32
23 35
23 36
23 38
23 42
23 43
23 44
23 46
23 47
23 49
23 50
23 52
23 57
23 60
24 28
24 30
24 33
24 34
24 36
24 37
24 55
25 31
25 38
25 40
25 47
25 58
25 60
26 28
26 30
26 33
26 36
26 37
26 42
26 45
26 46
26 47
26 48
26 53
26 54
26 55
26 59
27 31
27 32
27 35
27 36
27 38
27 41
27 44
27 45
27 50
27 51
27 60
28 39
28 41
28 45
28 48
28 49
28 50
28 52
28 53
28 54
28 59
29 35
29 36
29 37
29 40
29 43
29 45
29 46
29 52
29 55
29 57
29 58
30 31
30 33
30 35
30 38
30 40
30 55
30 56
30 57
30 60
31 36
31 43
31 44
31 50
31 51
31 54
31 59
31 60
32 39
32 46
32 49
32 53
32 59
33 34
33 36
33 40
33 43
33 51
33 54
33 56
33 59
34 35
34 38
34 41
34 48
34 51
34 52
34 55
34 59
35 42
35 48
35 50
35 54
36 41
36 42
36 48
36 49
36 56
36 59
36 60
37 40
37 48
37 49
37 52
37 54
37 56
37 60
38 42
38 43
38 44
38 47
38 48
38 54
38 56
38 57
39 42
39 44
39 47
39 48
39 50
39 51
39 56
39 59
40 42
40 44
40 45
40 46
40 52
40 54
40 58
41 47
41 50
41 52
41 59
41 60
42 50
42 51
42 53
42 54
42 58
43 46
43 54
43 57
43 59
43 60
44 49
44 54
44 56
45 46
45 48
45 50
45 52
45 53
45 58
45 59
46 48
46 60
47 48
47 50
47 53
47 54
47 56
47 59
47 60
49 52
49 54
49 60
50 53
50 55
50 56
51 60
52 57
52 60
53 57
53 59
54 56
55 59
55 60
57 58
57 59
58 59
