c random_60_531
60 531
1 2
1 7
1 11
1 17
1 21
1 22
1 23
1 26
1 28
1 29
1 44
1 47
1 53
1 59
2 4
2 6
2 9
2 26
2 28
2 39
2 40
2 42
2 44
2 46
2 47
2 58
2 60
3 4
3 5
3 10
3 11
3 14
3 18
3 19
3 20
3 25
3 34
3 40
3 41
3 44
3 45
3 49
3 53
4 8
4 10
4 11
4 13
4 15
4 18
4 20
4 24
4 26
4 27
4 29
4 33
4 35
4 36
4 39
4 40
4 41
4 51
4 55
4 56
4 59
5 6
5 9
5 22
5 24
5 26
5 27
5 33
5 42
5 46
5 47
5 48
5 53
5 60
6 7
6 14
6 15
6 16
6 17
6 20
6 21
6 25
6 30
6 31
6 33
6 35
6 36
6 38
6 45
6 46
6 54
7 8
7 12
7 17
7 20
7 22
7 24
7 28
7 34
7 40
7 49
7 54
7 59
7 60
8 10
8 11
8 12
8 13
8 17
8 18
8 19
8 24
8 25
8 26
8 28
8 29
8 30
8 32
8 40
8 44
8 47
8 48
8 51
8 58
9 15
9 18
9 23
9 27
9 28
9 36
9 37
9 39
9 40
9 43
9 53
9 59
9 60
10 15
10 20
10 24
10 29
10 31
10 34
10 39
10 42
10 46
10 48
10 50
10 51
10 53
10 54
10 58
11 12
11 15
11 18
11 19
11 24
11 25
11 34
11 36
11 37
11 39
11 43
11 44
11 46
11 47
11 49
11 50
11 55
11 56
11 59
12 15
12 21
12 22
12 27
12 29
12 31
12 35
12 37
12 38
12 41
12 45
12 46
12 47
12 48
12 49
12 52
12 58
12 59
12 60
13 15
13 19
13 20
13 21
13 25
13 32
13 33
13 34
13 35
13 43
13 44
13 48
13 50
13 51
13 52
13 53
13 58
13 60
14 15
14 18
14 19
14 21
14 27
14 28
14 31
14 39
14 42
14 43
14 51
14 52
14 54
14 55
14 60
15 16
15 18
15 19
15 31
15 33
15 41
15 43
15 45
15 48
15 50
15 55
16 17
16 28
16 35
16 38
16 47
16 48
16 53
16 56
16 59
17 22
17 23
17 27
17 28
17 29
17 31
17 39
17 42
17 43
17 45
17 54
18 19
18 20
18 21
18 23
18 26
18 29
18 31
18 35
18 37
18 38
18 39
18 52
18 55
18 59
18 60
19 28
19 29
19 30
19 34
19 35
19 36
19 37
19 39
19 42
19 46
19 48
19 51
19 52
19 54
19 58
19 59
20 23
20 25
20 26
20 30
20 31
20 32
20 33
20 37
20 38
20 39
20 41
20 44
20 53
20 55
20 58
21 22
21 24
21 25
21 26
21 27
21 28
21 29
21 40
21 44
21 46
21 48
21 52
21 54
21 59
22 28
22 29
22 34
22 35
22 36
22 37
22 38
22 46
22 47
22 48
22 52
22 55
22 58
22 59
22 60
23 24
23 25
23 27
23 28
23 30
23 31
23 34
23 45
23 46
23 51
23 55
23 56
23 58
23 59
23 60
24 27
24 28
24 30
24 33
24 38
24 39
24 41
24 42
24 56
24 58
24 59
25 28
25 41
25 51
25 56
26 27
26 32
26 33
26 39
26 53
26 54
26 56
26 58
27 40
27 42
27 45
27 48
27 50
27 53
27 54
27 56
27 59
28 36
28 37
28 38
28 45
28 47
28 49
28 54
29 34
29 35
29 38
29 42
29 47
29 49
29 51
29 52
29 60
30 32
30 37
30 47
30 50
30 51
30 55
30 56
30 60
31 34
31 41
31 44
31 48
31 49
31 50
31 52
31 55
31 57
31 58
31 59
32 34
32 40
32 41
32 46
32 49
32 50
32 54
32 59
33 36
33 37
33 40
33 41
33 45
33 49
33 53
33 55
33 58
34 39
34 45
34 48
34 53
34 56
34 58
35 38
35 39
35 49
35 54
36 39
36 42
36 43
36 44
36 46
36 47
36 50
36 58
36 59
37 43
37 50
37 51
37 55
37 56
38 41
38 44
38 52
38 57
38 59
38 60
39 40
39 41
39 44
39 46
39 48
39 55
39 58
39 60
40 44
40 45
40 54
40 55
40 57
40 60
41 44
41 52
41 53
41 60
42 50
42 51
42 52
42 53
42 55
42 57
42 58
42 59
42 60
43 50
43 52
43 54
43 55
43 56
43 57
44 52
44 54
44 55
44 56
44 60
45 54
46 48
46 50
46 51
46 52
46 54
46 55
47 49
47 50
47 54
47 57
47 59
47 60
48 51
48 52
48 53
48 57
49 50
49 54
50 52
50 54
50 56
50 58
50 59
51 54
51 56
51 58
51 59
51 60
53 60
55 60
58 60
