c random_60_885
60 885
1 3
1 5
1 6
1 7
1 9
1 10
1 12
1 13
1 14
1 16
1 22
1 23
1 24
1 26
1 27
1 31
1 32
1 33
1 34
1 35
1 36
1 37
1 38
1 40
1 43
1 45
1 46
1 48
1 50
1 51
1 52
1 54
1 55
1 58
2 4
2 6
2 7
2 9
2 11
2 13
2 14
2 15
2 18
2 19
2 21
2 25
2 26
2 28
2 30
2 31
2 33
2 37
2 40
2 42
2 44
2 45
2 46
2 47
2 48
2 49
2 50
2 51
2 53
2 54
2 56
2 59
2 60
3 5
3 6
3 8
3 11
3 13
3 16
3 19
3 21
3 23
3 25
3 26
3 27
3 29
3 32
3 33
3 34
3 38
3 39
3 41
3 45
3 47
3 49
3 52
3 54
3 56
3 58
3 60
4 6
4 7
4 10
4 13
4 14
4 15
4 16
4 23
4 27
4 28
4 29
4 30
4 31
4 32
4 33
4 35
4 38
4 39
4 42
4 43
4 44
4 48
4 49
4 51
4 52
4 53
4 54
4 57
4 60
5 6
5 7
5 10
5 12
5 13
5 15
5 16
5 17
5 18
5 22
5 23
5 26
5 28
5 32
5 33
5 34
5 35
5 37
5 38
5 43
5 45
5 47
5 48
5 49
5 55
5 57
5 59
5 60
6 10
6 11
6 12
6 13
6 15
6 18
6 19
6 21
6 22
6 25
6 27
6 28
6 29
6 30
6 33
6 34
6 35
6 36
6 41
6 43
6 44
6 46
6 47
6 48
6 50
6 51
6 56
6 58
6 60
7 11
7 14
7 15
7 16
7 18
7 25
7 26
7 27
7 28
7 29
7 30
7 34
7 37
7 40
7 41
7 43
7 44
7 45
7 50
7 51
7 52
7 53
7 54
7 55
7 56
7 57
7 60
8 10
8 13
8 14
8 16
8 17
8 19
8 20
8 22
8 24
8 26
8 28
8 32
8 33
8 34
8 37
8 43
8 44
8 45
8 46
8 47
8 49
8 52
8 54
8 55
8 56
8 58
9 11
9 16
9 20
9 24
9 25
9 27
9 28
9 33
9 34
9 36
9 37
9 39
9 40
9 41
9 42
9 45
9 49
9 50
9 51
9 56
9 59
9 60
10 13
10 14
10 18
10 20
10 22
10 27
10 29
10 32
10 35
10 41
10 43
10 44
10 46
10 47
10 48
10 50
10 51
10 52
11 14
11 15
11 17
11 19
11 24
11 25
11 26
11 27
11 29
11 31
11 32
11 33
11 34
11 37
11 38
11 45
11 47
11 48
11 49
11 50
11 51
11 52
11 55
11 58
12 13
12 16
12 17
12 19
12 21
12 22
12 26
12 27
12 29
12 31
12 33
12 36
12 39
12 44
12 45
12 46
12 48
12 49
12 51
12 53
12 56
12 58
13 14
13 16
13 17
13 21
13 22
13 25
13 27
13 30
13 33
13 36
13 38
13 39
13 40
13 44
13 50
13 51
13 54
13 57
14 17
14 19
14 21
14 25
14 26
14 27
14 28
14 32
14 36
14 41
14 42
14 44
14 45
14 46
14 47
14 48
14 49
14 53
14 55
14 58
14 59
15 16
15 17
15 18
15 25
15 26
15 27
15 30
15 31
15 32
15 34
15 35
15 38
15 39
15 40
15 41
15 42
15 45
15 46
15 47
15 48
15 51
15 55
15 60
16 17
16 18
16 20
16 21
16 26
16 27
16 31
16 34
16 36
16 37
16 38
16 39
16 43
16 45
16 46
16 47
16 49
16 50
16 51
16 52
16 55
16 58
16 59
17 19
17 21
17 22
17 23
17 25
17 26
17 28
17 32
17 35
17 36
17 38
17 39
17 41
17 43
17 44
17 47
17 48
17 49
17 51
17 53
17 59
18 20
18 21
18 22
18 25
18 26
18 31
18 34
18 35
18 37
18 38
18 41
18 42
18 43
18 46
18 47
18 48
18 49
18 52
18 54
18 55
19 20
19 24
19 27
19 28
19 29
19 33
19 35
19 36
19 39
19 41
19 42
19 43
19 44
19 45
19 48
19 53
19 54
19 55
19 57
19 60
20 21
20 23
20 24
20 27
20 28
20 29
20 32
20 33
20 36
20 37
20 38
20 40
20 42
20 44
20 46
20 48
20 49
20 50
20 51
20 52
20 54
20 55
20 59
20 60
21 22
21 26
21 27
21 28
21 31
21 32
21 33
21 34
21 35
21 37
21 38
21 40
21 41
21 43
21 45
21 49
21 52
21 53
21 56
22 25
22 27
22 31
22 32
22 33
22 34
22 36
22 38
22 40
22 41
22 42
22 45
22 50
22 54
22 56
23 24
23 28
23 35
23 36
23 37
23 38
23 39
23 40
23 42
23 47
23 48
23 50
23 51
23 53
23 54
23 56
23 57
23 58
23 59
23 60
24 25
24 26
24 28
24 29
24 30
24 32
24 35
24 39
24 42
24 43
24 48
24 51
24 52
24 53
24 54
24 59
25 26
25 27
25 28
25 32
25 33
25 34
25 35
25 36
25 41
25 42
25 44
25 46
25 49
25 50
25 51
25 55
25 57
25 59
26 27
26 30
26 32
26 39
26 40
26 42
26 43
26 47
26 48
26 51
26 52
26 53
26 54
26 55
26 56
26 58
27 28
27 29
27 30
27 32
27 33
27 36
27 39
27 40
27 42
27 44
27 46
27 50
27 51
27 52
27 53
27 54
27 56
27 58
27 60
28 30
28 33
28 37
28 38
28 39
28 41
28 42
28 43
28 44
28 45
28 46
28 50
28 51
28 55
28 58
28 60
29 30
29 31
29 35
29 38
29 41
29 46
29 49
29 51
29 52
29 54
29 56
29 58
29 60
30 33
30 36
30 37
30 38
30 39
30 40
30 41
30 42
30 44
30 46
30 47
30 48
30 52
30 53
30 54
30 56
30 58
30 59
30 60
31 32
31 36
31 38
31 39
31 40
31 41
31 42
31 44
31 46
31 49
31 52
31 54
31 55
31 56
31 58
31 59
31 60
32 36
32 37
32 42
32 44
32 49
32 51
32 54
32 55
32 58
33 34
33 36
33 39
33 40
33 46
33 49
33 51
33 56
33 57
33 59
33 60
34 35
34 40
34 41
34 42
34 43
34 44
34 45
34 46
34 47
34 48
34 50
34 51
34 52
34 53
34 55
34 56
34 57
34 58
35 36
35 37
35 38
35 39
35 40
35 41
35 43
35 44
35 46
35 47
35 49
35 50
35 51
35 53
35 54
35 55
35 57
35 59
35 60
36 39
36 44
36 46
36 51
36 52
36 56
36 57
36 58
36 59
36 60
37 38
37 39
37 41
37 42
37 46
37 48
37 50
37 51
37 52
37 53
37 54
37 56
37 57
37 58
37 59
38 39
38 40
38 41
38 43
38 45
38 48
38 49
38 54
38 55
38 56
38 57
38 58
38 60
39 51
39 52
39 53
39 56
39 57
39 59
39 60
40 41
40 42
40 43
40 44
40 47
40 48
40 50
40 51
40 52
40 53
40 55
40 56
40 59
40 60
41 42
41 43
41 50
41 51
41 54
41 55
41 56
41 57
41 59
42 44
42 46
42 47
42 49
42 50
42 51
42 53
42 55
42 56
42 59
42 60
43 49
43 51
43 52
43 53
43 54
43 56
43 57
43 58
44 46
44 47
44 48
44 49
44 50
44 51
44 53
44 60
45 46
45 49
45 50
45 52
45 54
45 55
45 57
45 58
46 47
46 49
46 55
46 58
46 59
46 60
47 48
47 49
47 50
47 51
47 53
47 54
47 56
47 59
48 49
48 50
48 52
48 53
48 58
49 52
49 53
49 54
49 55
49 56
49 57
49 58
49 60
50 51
50 52
50 55
51 52
51 53
51 56
51 60
52 55
52 57
53 55
53 56
53 60
54 57
54 58
54 59
54 60
55 56
56 59
56 60
57 60
59 60
