c random_60_885
60 885
1 2
1 3
1 5
1 8
1 11
1 12
1 17
1 19
1 21
1 24
1 34
1 38
1 46
1 47
1 56
1 59
1 60
2 6
2 7
2 8
2 10
2 11
2 13
2 15
2 16
2 17
2 20
2 22
2 25
2 28
2 29
2 33
2 36
2 38
2 40
2 41
2 42
2 43
2 46
2 47
2 51
2 55
2 56
2 57
2 58
2 59
2 60
3 4
3 5
3 8
3 13
3 14
3 20
3 21
3 22
3 24
3 25
3 26
3 32
3 33
3 35
3 37
3 38
3 43
3 46
3 47
3 48
3 50
3 53
3 54
3 55
3 56
3 57
3 58
3 60
4 5
4 7
4 11
4 12
4 13
4 15
4 16
4 17
4 18
4 19
4 20
4 22
4 24
4 27
4 28
4 29
4 31
4 32
4 34
4 36
4 38
4 40
4 42
4 45
4 46
4 47
4 50
4 52
4 53
4 54
4 58
4 59
4 60
5 6
5 7
5 9
5 11
5 13
5 15
5 16
5 17
5 23
5 24
5 25
5 26
5 30
5 32
5 34
5 35
5 36
5 37
5 38
5 39
5 40
5 41
5 49
5 53
5 54
5 56
5 57
5 59
5 60
6 7
6 8
6 13
6 16
6 19
6 21
6 22
6 24
6 25
6 27
6 28
6 29
6 31
6 33
6 35
6 37
6 38
6 40
6 41
6 42
6 43
6 44
6 47
6 51
6 52
6 53
6 55
6 58
7 9
7 11
7 14
7 16
7 17
7 18
7 20
7 21
7 22
7 26
7 31
7 33
7 34
7 36
7 37
7 38
7 41
7 42
7 43
7 44
7 46
7 47
7 49
7 50
7 51
7 55
7 60
8 10
8 13
8 15
8 17
8 19
8 20
8 21
8 22
8 24
8 25
8 26
8 28
8 29
8 35
8 36
8 38
8 42
8 43
8 44
8 47
8 50
8 52
8 54
8 57
8 58
9 10
9 11
9 12
9 16
9 18
9 20
9 21
9 24
9 26
9 27
9 29
9 33
9 34
9 36
9 38
9 40
9 42
9 43
9 47
9 56
9 57
9 58
9 59
9 60
10 12
10 13
10 17
10 18
10 20
10 24
10 25
10 26
10 27
10 28
10 33
10 34
10 35
10 37
10 40
10 41
10 43
10 44
10 46
10 47
10 52
10 54
10 58
10 59
11 12
11 14
11 15
11 16
11 18
11 19
11 21
11 24
11 29
11 31
11 32
11 33
11 35
11 37
11 38
11 40
11 41
11 42
11 44
11 46
11 49
11 50
11 51
11 54
11 55
11 59
11 60
12 13
12 14
12 15
12 18
12 20
12 22
12 23
12 25
12 28
12 30
12 34
12 35
12 36
12 38
12 40
12 41
12 42
12 44
12 45
12 46
12 47
12 49
12 51
12 52
12 53
12 55
12 56
12 57
12 58
12 59
13 15
13 16
13 19
13 22
13 29
13 31
13 35
13 36
13 37
13 40
13 42
13 43
13 48
13 49
13 50
13 51
13 52
13 54
13 56
13 57
13 58
13 59
13 60
14 16
14 17
14 18
14 21
14 22
14 23
14 27
14 28
14 29
14 30
14 31
14 32
14 34
14 36
14 38
14 39
14 40
14 41
14 42
14 43
14 48
14 49
14 53
14 59
14 60
15 19
15 20
15 21
15 24
15 29
15 30
15 31
15 34
15 35
15 40
15 42
15 46
15 49
15 51
15 53
15 54
15 56
15 57
15 58
15 60
16 17
16 18
16 20
16 21
16 22
16 23
16 24
16 26
16 27
16 29
16 32
16 36
16 37
16 42
16 46
16 47
16 48
16 49
16 50
16 52
16 53
16 54
16 55
16 59
17 18
17 20
17 22
17 24
17 27
17 29
17 33
17 35
17 36
17 38
17 39
17 40
17 43
17 45
17 46
17 47
17 49
17 52
17 53
17 54
17 55
17 56
17 57
17 58
17 59
18 19
18 21
18 24
18 25
18 31
18 32
18 33
18 34
18 36
18 39
18 44
18 45
18 46
18 47
18 50
18 51
18 52
18 56
18 57
19 20
19 21
19 22
19 23
19 24
19 26
19 27
19 28
19 33
19 34
19 40
19 41
19 46
19 48
19 49
19 51
19 55
19 56
19 57
19 58
19 59
19 60
20 23
20 25
20 27
20 31
20 32
20 33
20 36
20 38
20 39
20 42
20 43
20 44
20 46
20 47
20 48
20 51
20 52
20 54
20 57
20 60
21 24
21 26
21 27
21 28
21 30
21 31
21 34
21 35
21 37
21 38
21 39
21 42
21 43
21 46
21 47
21 48
21 54
21 55
21 57
21 59
22 25
22 27
22 34
22 35
22 36
22 38
22 40
22 44
22 46
22 49
22 50
22 51
22 54
22 56
22 60
23 24
23 27
23 29
23 33
23 35
23 37
23 39
23 41
23 42
23 43
23 44
23 45
23 46
23 55
23 57
24 27
24 28
24 29
24 32
24 33
24 34
24 37
24 38
24 40
24 41
24 43
24 46
24 48
24 51
24 53
24 54
24 56
24 59
24 60
25 26
25 28
25 29
25 32
25 36
25 37
25 39
25 42
25 43
25 44
25 47
25 48
25 49
25 53
25 54
25 55
25 57
25 60
26 27
26 29
26 30
26 32
26 39
26 40
26 42
26 45
26 48
26 51
26 52
26 54
26 56
26 57
26 58
26 59
26 60
27 29
27 30
27 31
27 32
27 34
27 35
27 42
27 44
27 46
27 47
27 48
27 49
27 50
27 51
27 54
27 55
27 56
27 57
27 58
27 60
28 29
28 30
28 33
28 34
28 35
28 37
28 40
28 42
28 45
28 46
28 47
28 48
28 51
28 52
28 56
28 58
28 59
29 30
29 31
29 33
29 34
29 35
29 37
29 38
29 39
29 41
29 42
29 45
29 47
29 49
29 51
29 54
29 56
29 60
30 31
30 33
30 35
30 37
30 40
30 41
30 43
30 44
30 45
30 49
30 53
30 55
30 56
30 57
30 58
30 60
31 32
31 33
31 35
31 36
31 37
31 39
31 40
31 41
31 42
31 46
31 51
31 56
31 57
31 58
32 33
32 34
32 35
32 36
32 39
32 40
32 41
32 44
32 47
32 48
32 49
32 50
32 51
32 52
32 53
32 55
32 56
32 57
32 58
32 59
32 60
33 35
33 40
33 41
33 42
33 44
33 47
33 48
33 50
33 52
33 53
33 56
33 57
34 36
34 38
34 39
34 40
34 42
34 43
34 48
34 49
34 50
34 51
34 53
34 54
34 56
34 59
35 36
35 37
35 38
35 41
35 45
35 46
35 47
35 48
35 54
35 58
35 60
36 41
36 43
36 45
36 51
36 52
36 53
36 54
36 55
36 56
36 59
36 60
37 39
37 40
37 42
37 43
37 44
37 45
37 47
37 48
37 49
37 51
37 52
37 54
37 55
37 57
38 45
38 46
38 47
38 49
38 53
38 54
38 56
38 59
39 41
39 42
39 45
39 49
39 51
39 52
39 56
39 59
39 60
40 45
40 49
40 52
40 56
40 57
40 59
40 60
41 42
41 43
41 46
41 47
41 48
41 51
41 53
41 55
41 56
41 58
42 43
42 45
42 46
42 51
42 56
42 58
42 60
43 46
43 49
43 52
43 53
43 54
43 55
43 57
44 46
44 49
44 51
44 54
44 59
45 48
45 50
45 52
45 54
45 55
45 59
45 60
46 50
46 53
46 54
46 56
46 57
46 58
46 59
47 51
47 52
47 54
47 55
47 56
48 51
48 54
48 56
48 59
48 60
49 51
49 52
49 54
49 55
49 56
49 57
49 58
49 60
50 51
50 52
50 56
50 58
50 59
50 60
51 54
51 57
51 59
52 53
52 55
52 57
52 60
53 54
53 55
53 56
53 58
54 58
54 60
55 57
55 59
56 57
56 58
56 59
56 60
57 58
57 59
58 60
59 60
