c random_60_885
60 885
1 2
1 4
1 5
1 7
1 8
1 10
1 13
1 15
1 16
1 17
1 21
1 23
1 24
1 26
1 27
1 28
1 29
1 30
1 31
1 32
1 33
1 43
1 44
1 45
1 46
1 50
1 51
1 53
1 54
1 55
1 56
1 59
2 4
2 5
2 7
2 8
2 9
2 14
2 15
2 16
2 17
2 18
2 20
2 21
2 23
2 24
2 25
2 27
2 32
2 34
2 35
2 36
2 38
2 40
2 42
2 43
2 49
2 50
2 52
2 54
2 57
2 58
3 5
3 10
3 11
3 14
3 15
3 16
3 19
3 23
3 28
3 30
3 32
3 37
3 38
3 41
3 42
3 44
3 45
3 47
3 49
3 51
3 52
3 53
3 57
3 59
4 5
4 6
4 9
4 11
4 12
4 19
4 20
4 22
4 24
4 25
4 26
4 27
4 32
4 33
4 35
4 36
4 39
4 40
4 41
4 42
4 43
4 46
4 48
4 51
4 52
4 58
5 8
5 9
5 11
5 14
5 22
5 23
5 25
5 32
5 34
5 35
5 39
5 40
5 43
5 45
5 50
5 52
5 54
5 56
5 58
5 59
6 7
6 8
6 9
6 11
6 15
6 17
6 19
6 20
6 24
6 26
6 27
6 29
6 32
6 36
6 37
6 38
6 39
6 42
6 44
6 46
6 49
6 50
6 52
6 53
6 55
6 57
6 58
6 60
7 9
7 13
7 15
7 16
7 17
7 18
7 20
7 22
7 23
7 24
7 25
7 26
7 27
7 28
7 31
7 34
7 36
7 37
7 38
7 39
7 40
7 43
7 45
7 47
7 48
7 50
7 51
7 52
7 55
7 58
7 59
7 60
8 9
8 12
8 16
8 17
8 18
8 20
8 22
8 24
8 25
8 28
8 29
8 30
8 36
8 41
8 44
8 49
8 53
8 54
8 56
8 57
8 59
8 60
9 12
9 14
9 15
9 19
9 20
9 21
9 22
9 23
9 27
9 28
9 31
9 32
9 33
9 35
9 39
9 41
9 42
9 46
9 47
9 49
9 50
9 54
9 55
9 57
9 58
9 60
10 12
10 16
10 17
10 18
10 21
10 22
10 25
10 26
10 28
10 29
10 30
10 31
10 32
10 33
10 34
10 35
10 36
10 37
10 38
10 40
10 41
10 45
10 46
10 49
10 50
10 51
10 52
10 53
10 54
10 55
10 56
10 57
10 58
10 59
11 12
11 13
11 18
11 19
11 20
11 22
11 23
11 24
11 25
11 27
11 35
11 36
11 37
11 42
11 43
11 48
11 50
11 51
11 52
11 59
11 60
12 13
12 17
12 18
12 20
12 22
12 25
12 26
12 29
12 31
12 32
12 33
12 36
12 37
12 38
12 41
12 42
12 44
12 46
12 47
12 48
12 50
12 51
12 53
12 59
13 16
13 22
13 25
13 26
13 27
13 28
13 29
13 30
13 32
13 34
13 35
13 36
13 38
13 39
13 43
13 45
13 46
13 49
13 50
13 51
13 52
13 53
13 58
13 59
14 15
14 16
14 18
14 19
14 22
14 25
14 26
14 27
14 28
14 32
14 33
14 35
14 36
14 41
14 42
14 46
14 48
14 49
14 56
14 58
15 16
15 17
15 19
15 20
15 21
15 22
15 23
15 27
15 30
15 32
15 35
15 41
15 48
15 50
15 51
15 52
15 54
15 55
15 57
15 58
15 59
15 60
16 18
16 19
16 20
16 23
16 25
16 27
16 28
16 29
16 30
16 32
16 34
16 35
16 36
16 39
16 40
16 50
16 52
16 54
16 58
16 59
17 19
17 22
17 23
17 24
17 25
17 26
17 27
17 28
17 30
17 31
17 33
17 35
17 38
17 39
17 41
17 42
17 45
17 47
17 48
17 49
17 52
17 55
17 57
17 58
17 60
18 20
18 22
18 23
18 27
18 31
18 32
18 33
18 34
18 35
18 36
18 38
18 39
18 40
18 43
18 46
18 50
18 51
18 53
18 56
18 58
19 21
19 22
19 23
19 28
19 29
19 31
19 33
19 34
19 35
19 36
19 37
19 39
19 41
19 45
19 48
19 50
19 51
19 55
19 58
19 60
20 21
20 22
20 24
20 25
20 26
20 29
20 31
20 32
20 36
20 44
20 45
20 46
20 47
20 48
20 49
20 50
20 54
20 58
20 59
20 60
21 22
21 25
21 28
21 31
21 32
21 34
21 36
21 37
21 38
21 40
21 43
21 44
21 47
21 49
21 50
21 53
21 59
22 24
22 27
22 29
22 30
22 31
22 35
22 37
22 38
22 39
22 44
22 47
22 48
22 52
22 59
22 60
23 24
23 27
23 29
23 32
23 36
23 38
23 43
23 44
23 47
23 48
23 52
23 54
24 26
24 27
24 28
24 30
24 31
24 33
24 37
24 40
24 41
24 44
24 45
24 48
24 49
24 50
24 53
24 54
24 56
24 58
24 59
25 27
25 32
25 34
25 35
25 41
25 42
25 43
25 45
25 48
25 50
25 51
25 52
25 53
25 55
25 57
25 58
25 59
26 27
26 29
26 30
26 31
26 33
26 35
26 38
26 39
26 40
26 41
26 42
26 46
26 47
26 48
26 53
26 55
26 56
26 58
26 59
27 28
27 30
27 31
27 32
27 37
27 38
27 40
27 42
27 44
27 45
27 46
27 47
27 48
27 49
27 51
27 52
27 53
27 55
27 56
27 58
27 59
28 33
28 34
28 37
28 38
28 42
28 45
28 47
28 48
28 50
28 52
28 54
28 55
28 56
28 57
28 58
28 60
29 30
29 31
29 34
29 35
29 36
29 37
29 39
29 41
29 48
29 50
29 51
29 52
29 53
29 56
29 58
29 59
29 60
30 31
30 35
30 36
30 37
30 38
30 39
30 41
30 48
30 50
30 53
30 55
30 56
30 57
30 58
30 59
31 32
31 33
31 34
31 35
31 37
31 38
31 39
31 40
31 41
31 42
31 43
31 45
31 50
31 52
31 54
31 55
31 56
31 57
31 58
31 59
31 60
32 33
32 35
32 37
32 40
32 42
32 44
32 46
32 47
32 50
32 53
32 56
32 58
32 59
32 60
33 34
33 36
33 37
33 38
33 39
33 42
33 45
33 46
33 47
33 48
33 49
33 50
33 51
33 52
33 55
33 56
33 57
33 58
33 59
34 36
34 37
34 38
34 40
34 42
34 43
34 44
34 45
34 47
34 48
34 51
34 53
34 54
34 56
34 60
35 36
35 38
35 39
35 40
35 41
35 43
35 44
35 45
35 46
35 48
35 50
35 51
35 54
36 37
36 43
36 44
36 45
36 47
36 48
36 50
36 51
36 52
36 55
36 57
37 40
37 43
37 44
37 47
37 48
37 49
37 55
37 60
38 39
38 40
38 41
38 42
38 44
38 45
38 47
38 49
38 50
38 53
38 54
38 55
38 58
38 59
39 40
39 41
39 42
39 44
39 46
39 47
39 51
39 53
39 54
39 55
39 57
39 59
40 41
40 48
40 53
40 54
40 56
40 59
40 60
41 42
41 43
41 44
41 50
41 53
41 55
41 56
41 57
41 59
42 51
42 52
42 53
42 57
42 58
43 44
43 46
43 48
43 49
43 53
43 58
43 60
44 46
44 47
44 48
44 49
44 51
44 53
44 55
44 57
44 58
45 47
45 48
45 51
45 52
45 53
45 54
45 59
45 60
46 47
46 48
46 49
46 50
46 51
46 52
46 53
46 56
46 59
47 49
47 50
47 51
47 52
47 53
47 54
47 55
47 56
47 60
48 49
48 57
48 60
49 51
49 54
49 56
49 57
49 59
50 52
50 53
50 54
50 55
50 56
50 58
50 60
51 52
51 53
51 54
51 55
51 56
51 57
52 53
52 54
52 56
52 59
52 60
53 54
53 57
53 59
54 55
54 56
54 57
54 58
55 58
55 60
56 57
57 59
