c random_60_177
60 177
1 11
1 25
1 27
1 33
1 45
1 46
1 55
2 6
2 14
2 15
2 44
3 15
3 28
3 36
3 39
3 51
4 9
4 10
4 11
4 27
4 33
4 36
4 50
4 52
4 56
5 10
5 15
5 19
5 20
5 21
5 42
6 8
6 17
6 20
6 22
6 23
6 28
6 30
6 37
7 14
7 19
7 44
7 47
7 55
8 16
8 46
8 53
9 41
9 48
9 50
9 52
9 54
9 56
10 11
10 41
10 50
10 54
11 13
11 43
11 53
12 17
12 22
12 24
12 30
12 44
13 18
13 39
13 43
13 56
14 17
14 21
14 26
14 34
14 47
14 52
14 58
15 19
15 22
15 41
15 46
16 23
16 40
17 18
17 38
17 54
17 57
17 60
18 30
18 50
18 51
19 30
19 51
19 52
20 42
20 53
21 25
21 39
22 27
22 30
22 32
22 36
22 44
22 50
22 59
23 36
23 37
23 45
23 54
23 56
23 58
24 58
25 36
25 40
26 32
26 34
26 37
26 43
26 52
27 55
27 60
28 32
28 37
28 40
28 53
29 33
29 52
29 60
30 33
30 37
30 40
30 44
31 35
31 48
31 49
32 36
32 50
32 60
33 49
34 43
34 50
34 54
35 50
35 53
35 57
36 37
36 39
36 40
36 52
37 40
37 49
37 55
38 47
38 50
38 51
38 53
40 41
40 49
42 51
42 59
42 60
43 59
44 47
44 49
44 53
45 56
45 59
45 60
46 52
46 56
46 60
47 57
48 49
50 51
50 54
53 59
53 60
54 55
