c random_60_177
60 177
1 15
1 16
1 22
1 23
1 49
1 54
1 55
2 4
2 13
2 23
2 32
2 46
3 19
3 30
3 42
3 49
3 55
3 56
3 59
3 60
4 5
4 15
4 16
4 17
4 22
4 40
4 60
5 22
5 25
5 28
5 36
6 8
6 12
6 20
6 28
6 37
6 48
6 55
6 56
7 12
7 14
7 19
7 20
7 27
7 46
7 49
7 51
7 54
7 56
8 10
8 11
8 24
8 28
8 32
8 50
9 11
9 14
9 17
9 22
9 26
9 48
9 60
10 25
10 31
10 45
10 54
10 55
11 31
11 39
11 45
11 54
11 56
12 14
12 47
12 51
12 58
13 20
13 34
14 15
14 23
14 31
14 36
14 39
14 58
14 60
15 21
15 31
15 41
15 58
15 60
16 17
16 28
16 44
17 19
17 24
17 52
18 19
18 55
19 26
19 36
19 43
19 57
20 36
20 53
20 57
21 25
21 48
22 35
22 41
22 47
22 50
23 28
23 42
23 48
24 38
24 46
24 49
24 54
25 58
26 38
28 55
28 59
29 32
29 42
29 54
29 59
30 34
30 36
30 44
30 58
31 36
31 56
31 57
32 35
32 37
32 48
33 46
33 54
33 59
34 41
34 47
35 47
35 50
35 52
35 54
35 57
36 37
36 40
36 45
36 52
37 47
37 58
38 49
39 59
40 45
40 46
41 49
41 50
42 59
42 60
43 49
43 59
44 48
44 54
44 55
45 58
46 57
47 51
49 50
50 51
51 52
52 54
52 56
53 58
53 59
56 58
58 59
