c random_80_316
80 316
1 2
1 14
1 17
1 20
1 47
1 76
2 4
2 9
2 17
2 23
2 30
2 31
2 57
2 63
2 70
2 78
3 29
3 40
3 42
3 48
3 52
3 56
3 58
4 46
4 60
4 62
4 66
5 14
5 42
5 58
5 70
6 14
6 51
6 63
6 64
6 65
7 12
7 23
7 28
7 31
7 40
7 49
7 56
7 78
8 10
8 29
8 36
8 49
8 60
8 67
9 14
9 20
9 36
9 53
9 54
9 55
9 70
9 72
9 80
10 11
10 16
10 22
10 29
10 45
10 50
10 52
10 74
11 16
11 21
11 34
11 46
11 56
11 70
11 73
11 77
11 78
12 14
12 21
12 38
12 55
12 68
12 69
13 30
13 44
13 51
13 57
13 66
13 67
14 24
14 37
14 63
14 68
14 75
15 17
15 21
15 26
15 34
15 36
15 42
15 44
15 55
15 57
15 78
16 23
16 34
16 41
16 45
16 48
16 49
16 51
16 74
16 80
17 18
17 52
18 23
18 41
18 48
18 68
18 70
19 22
19 25
19 31
19 33
19 38
19 58
19 65
20 36
20 40
20 65
21 31
21 34
21 40
21 49
21 51
21 64
21 65
21 72
21 76
21 77
22 40
22 43
22 73
23 29
23 32
23 38
23 48
23 53
23 63
23 67
23 73
23 75
23 78
24 25
24 37
24 44
24 74
25 30
25 56
25 58
25 61
25 69
25 75
25 79
26 27
26 29
26 32
26 37
26 46
26 56
26 71
27 46
27 47
27 61
27 69
27 77
28 55
28 67
28 76
29 37
29 42
29 56
29 78
30 31
30 32
30 35
30 42
30 50
30 52
30 80
31 34
31 35
31 64
31 71
32 64
32 67
32 69
33 34
33 66
33 68
34 46
34 53
34 61
34 71
35 37
35 39
35 76
36 44
36 45
36 59
36 62
37 52
37 56
37 67
37 70
37 75
38 58
38 59
38 65
38 78
39 43
39 45
39 46
39 49
39 57
39 60
40 61
40 73
41 43
41 48
41 77
41 78
42 43
42 54
42 58
42 59
42 65
42 66
42 68
42 72
43 46
43 55
43 58
43 70
43 79
44 60
44 66
45 56
45 65
45 66
45 71
45 75
46 53
46 63
47 53
47 59
47 65
47 68
47 70
47 72
47 73
47 76
48 67
48 73
48 78
49 55
49 64
49 65
49 68
49 72
49 75
49 76
49 78
49 79
50 61
50 66
50 70
51 67
51 69
51 74
51 75
51 76
53 60
53 68
53 72
53 75
54 59
54 77
55 80
56 69
57 70
57 73
58 68
58 71
58 73
58 80
59 65
59 68
59 69
59 75
59 77
59 79
60 70
61 68
62 67
63 75
63 76
64 70
65 80
66 69
66 75
68 72
68 77
68 80
69 77
71 73
71 80
