c random_80_948
80 948
1 10
1 26
1 29
1 31
1 34
1 36
1 39
1 41
1 42
1 43
1 44
1 45
1 47
1 54
1 55
1 60
1 65
1 67
1 70
1 75
1 76
1 80
2 4
2 5
2 11
2 18
2 22
2 23
2 24
2 34
2 39
2 40
2 42
2 43
2 47
2 48
2 50
2 53
2 54
2 55
2 57
2 63
2 64
2 65
2 67
2 70
2 72
2 74
2 78
2 79
3 5
3 8
3 19
3 22
3 25
3 27
3 29
3 30
3 31
3 32
3 34
3 35
3 39
3 40
3 43
3 46
3 50
3 51
3 53
3 57
3 58
3 59
3 74
3 75
4 6
4 7
4 11
4 12
4 16
4 20
4 22
4 25
4 26
4 28
4 31
4 33
4 34
4 35
4 38
4 43
4 44
4 45
4 47
4 51
4 52
4 56
4 59
4 65
4 66
4 70
4 71
4 73
4 76
4 78
4 79
5 8
5 12
5 13
5 19
5 21
5 22
5 25
5 28
5 39
5 40
5 42
5 53
5 55
5 61
5 65
5 67
5 73
5 74
5 78
5 79
6 8
6 9
6 21
6 29
6 30
6 31
6 33
6 34
6 39
6 41
6 45
6 46
6 52
6 53
6 56
6 59
6 61
6 70
6 71
6 74
6 79
7 8
7 14
7 19
7 21
7 27
7 28
7 31
7 32
7 33
7 37
7 38
7 39
7 43
7 51
7 60
7 64
7 67
7 77
8 10
8 12
8 14
8 15
8 19
8 20
8 21
8 24
8 25
8 27
8 31
8 32
8 34
8 35
8 36
8 37
8 38
8 48
8 50
8 53
8 61
8 62
8 63
8 64
8 66
8 68
8 70
8 71
8 73
9 11
9 12
9 13
9 14
9 15
9 16
9 18
9 19
9 23
9 34
9 40
9 46
9 47
9 56
9 57
9 58
9 62
9 65
9 68
9 69
9 70
9 71
9 73
9 75
10 12
10 14
10 18
10 19
10 22
10 27
10 30
10 31
10 34
10 35
10 45
10 49
10 55
10 58
10 61
10 67
10 69
10 71
10 74
10 77
10 78
10 80
11 13
11 18
11 20
11 22
11 23
11 26
11 28
11 31
11 33
11 36
11 38
11 44
11 47
11 49
11 51
11 52
11 57
11 65
11 69
11 70
11 79
12 19
12 23
12 25
12 30
12 31
12 41
12 44
12 45
12 50
12 56
12 60
12 67
12 69
12 72
12 73
12 75
12 79
13 17
13 18
13 28
13 29
13 32
13 33
13 35
13 36
13 41
13 43
13 44
13 45
13 47
13 51
13 52
13 54
13 55
13 57
13 66
13 68
13 69
13 70
13 75
13 78
14 28
14 32
14 34
14 36
14 40
14 42
14 43
14 45
14 49
14 55
14 56
14 57
14 59
14 61
14 64
14 65
14 66
14 67
14 68
14 70
14 74
14 77
14 79
15 19
15 25
15 26
15 27
15 31
15 37
15 43
15 48
15 49
15 51
15 52
15 54
15 59
15 61
15 69
15 72
15 73
15 75
15 80
16 19
16 23
16 28
16 32
16 33
16 36
16 38
16 43
16 44
16 48
16 53
16 56
16 59
16 63
16 66
16 73
16 76
17 21
17 30
17 31
17 35
17 37
17 39
17 40
17 45
17 50
17 61
17 64
17 65
17 70
17 76
18 19
18 20
18 22
18 24
18 26
18 28
18 32
18 33
18 35
18 37
18 43
18 47
18 48
18 54
18 60
18 65
18 67
18 69
18 71
18 78
18 79
19 20
19 23
19 24
19 34
19 35
19 37
19 38
19 41
19 44
19 46
19 51
19 52
19 55
19 59
19 62
19 67
19 68
19 78
20 24
20 26
20 28
20 35
20 43
20 46
20 49
20 56
20 57
20 58
20 59
20 61
20 65
20 67
20 68
20 69
20 71
20 76
20 77
20 80
21 25
21 27
21 29
21 31
21 32
21 37
21 42
21 48
21 51
21 52
21 53
21 58
21 59
21 71
21 72
21 77
22 25
22 30
22 33
22 36
22 37
22 38
22 44
22 45
22 53
22 56
22 61
22 66
22 69
22 77
23 25
23 28
23 30
23 31
23 33
23 35
23 36
23 37
23 41
23 46
23 49
23 53
23 54
23 56
23 64
23 72
23 73
23 80
24 31
24 45
24 46
24 48
24 58
24 60
24 63
24 70
24 73
24 77
25 30
25 33
25 34
25 35
25 39
25 41
25 48
25 56
25 58
25 60
25 67
25 68
25 72
25 74
25 76
25 77
26 27
26 28
26 36
26 37
26 40
26 41
26 44
26 55
26 59
26 60
26 64
26 65
26 67
26 70
26 74
26 78
26 79
27 32
27 33
27 34
27 47
27 57
27 59
27 63
27 64
27 66
27 70
27 73
27 74
27 76
27 78
28 29
28 32
28 33
28 34
28 35
28 36
28 37
28 38
28 42
28 45
28 47
28 50
28 57
28 58
28 61
28 62
28 65
28 78
29 30
29 35
29 37
29 38
29 39
29 42
29 47
29 48
29 55
29 61
29 74
30 31
30 34
30 38
30 39
30 40
30 42
30 47
30 52
30 54
30 57
30 58
30 62
30 65
30 71
30 72
30 78
30 80
31 40
31 41
31 45
31 46
31 47
31 50
31 57
31 61
31 72
31 79
32 33
32 34
32 37
32 41
32 45
32 47
32 51
32 52
32 53
32 55
32 57
32 60
32 63
32 64
32 70
32 71
32 78
33 36
33 38
33 42
33 44
33 50
33 51
33 55
33 58
33 60
33 62
33 67
33 69
33 72
33 73
33 77
33 78
33 80
34 37
34 39
34 40
34 48
34 49
34 56
34 60
34 62
34 67
34 78
34 80
35 37
35 38
35 40
35 41
35 44
35 45
35 48
35 53
35 55
35 57
35 58
35 60
35 61
35 64
35 67
35 75
35 76
35 77
36 40
36 41
36 46
36 47
36 50
36 53
36 56
36 58
36 59
36 62
36 63
36 66
36 69
36 74
36 75
37 44
37 57
37 59
37 63
37 64
37 69
37 78
37 79
38 41
38 51
38 52
38 63
38 69
38 72
38 73
38 76
38 77
38 78
39 41
39 46
39 47
39 51
39 52
39 55
39 58
39 60
39 61
39 68
39 70
39 75
39 78
39 79
40 42
40 43
40 44
40 45
40 46
40 47
40 50
40 54
40 60
40 61
40 62
40 63
40 66
40 69
40 70
40 72
40 74
40 75
40 76
40 77
40 78
40 80
41 43
41 44
41 46
41 47
41 60
41 63
41 67
41 69
41 76
42 43
42 45
42 49
42 51
42 52
42 54
42 55
42 63
42 64
42 67
42 69
42 73
43 46
43 48
43 50
43 53
43 58
43 60
43 65
43 67
43 68
43 69
43 78
44 62
44 63
44 64
44 65
44 77
44 79
44 80
45 49
45 50
45 53
45 58
45 62
45 63
45 66
45 67
45 68
45 70
45 71
45 74
45 76
45 78
45 79
45 80
46 54
46 55
46 64
46 65
46 66
46 72
46 77
46 80
47 53
47 57
47 60
47 61
47 63
47 66
47 69
47 77
48 49
48 50
48 52
48 55
48 57
48 58
48 62
48 64
48 66
48 67
48 69
48 71
48 73
48 74
48 76
48 79
49 54
49 58
49 73
50 52
50 57
50 59
50 64
50 65
50 67
50 73
50 75
50 77
50 79
50 80
51 55
51 56
51 58
51 66
51 69
51 72
51 74
51 75
51 76
51 79
52 55
52 60
52 63
52 65
52 69
52 75
53 59
53 61
53 64
53 69
53 77
54 59
54 60
54 62
54 66
54 73
54 77
54 79
55 56
55 57
55 58
55 62
55 64
55 67
55 69
55 71
55 72
55 73
55 74
55 77
56 57
56 61
56 64
56 67
56 79
57 60
57 62
57 65
57 67
57 69
57 70
57 72
57 76
57 79
58 59
58 61
58 62
58 63
58 72
58 74
58 76
58 79
59 62
59 77
59 80
60 61
60 64
60 65
60 66
60 73
60 74
60 79
61 68
61 72
61 73
61 78
61 79
61 80
62 63
62 65
62 66
62 67
62 68
62 70
62 77
62 78
62 79
62 80
63 69
63 71
63 72
63 78
64 68
64 71
64 75
64 79
65 73
65 76
66 73
66 79
67 74
67 75
68 74
68 78
69 75
70 77
70 78
70 80
71 72
71 75
71 80
72 76
72 77
73 74
73 75
73 76
73 80
74 75
74 79
74 80
78 79
