c random_80_316
80 316
1 12
1 28
1 36
1 43
1 50
1 52
1 53
1 55
1 57
2 16
2 31
2 33
2 34
2 39
2 44
2 70
2 77
2 80
3 4
3 13
3 38
3 62
3 66
3 73
3 77
3 78
4 5
4 40
4 55
4 58
4 64
4 68
4 69
5 6
5 11
5 27
5 39
5 56
5 68
5 77
5 80
6 16
6 37
6 61
6 62
7 8
7 11
7 26
7 30
7 31
7 56
8 20
8 27
8 34
8 35
8 37
8 50
8 67
8 69
8 73
9 19
9 51
9 54
9 64
10 13
10 18
10 34
10 66
11 14
11 16
11 18
11 25
11 27
11 33
11 43
11 57
11 68
11 73
12 14
12 23
12 31
12 32
12 39
12 52
12 61
12 67
12 68
13 18
13 29
13 32
13 38
13 41
13 52
13 56
13 61
13 66
14 25
14 28
14 46
14 52
14 71
15 34
15 49
15 55
15 57
16 41
16 42
16 46
16 47
16 53
16 61
17 18
17 22
17 34
17 45
17 60
17 61
17 69
17 74
18 51
18 57
18 58
18 72
18 74
19 29
19 36
19 40
19 41
19 45
19 55
19 56
19 72
19 73
20 38
20 42
20 48
20 52
20 63
21 25
21 37
21 43
21 54
22 27
22 30
22 37
22 46
22 50
22 62
22 66
22 73
23 32
23 37
23 53
23 65
23 76
23 77
24 26
24 54
24 55
24 66
24 69
24 70
24 73
25 30
25 31
25 42
25 61
25 63
25 69
25 70
25 75
25 76
25 78
26 39
26 45
26 46
26 51
27 42
27 44
27 54
27 58
27 72
27 75
28 32
28 35
28 51
29 42
29 46
29 56
29 66
29 70
30 45
30 47
30 51
31 43
31 50
31 55
31 57
31 72
31 80
32 34
32 40
32 54
32 60
32 62
32 63
32 67
32 73
33 46
33 47
33 69
33 75
34 38
34 56
34 69
34 79
35 39
35 47
35 48
35 51
35 52
35 64
35 74
36 42
37 42
37 46
37 64
37 71
38 43
38 46
38 55
38 58
38 59
38 71
39 49
39 60
39 80
40 41
40 51
40 54
40 61
40 72
40 76
41 49
41 54
42 62
43 44
44 59
44 65
45 47
45 53
45 74
46 53
47 49
47 68
48 60
48 69
49 55
49 65
49 75
49 80
50 53
50 66
50 69
51 53
51 56
51 60
52 57
52 61
52 67
53 70
53 72
54 57
54 59
54 66
54 73
54 75
54 80
55 61
55 63
55 69
55 70
56 71
57 75
57 77
58 70
59 61
59 64
59 78
59 80
60 72
60 77
61 67
61 70
61 73
62 63
62 65
62 72
64 72
65 69
66 70
66 73
66 76
66 79
68 75
69 71
69 72
69 78
70 79
71 72
72 76
72 78
73 78
73 80
78 79
78 80
