c random_80_1580
80 1580
1 6
1 9
1 11
1 12
1 15
1 20
1 22
1 23
1 25
1 26
1 30
1 32
1 36
1 37
1 39
1 42
1 44
1 45
1 46
1 47
1 49
1 50
1 51
1 54
1 58
1 61
1 64
1 65
1 67
1 69
1 71
1 72
1 73
1 76
1 77
1 78
1 79
1 80
2 4
2 5
2 6
2 8
2 9
2 14
2 15
2 20
2 25
2 26
2 30
2 31
2 44
2 46
2 47
2 50
2 52
2 53
2 54
2 55
2 58
2 59
2 60
2 61
2 63
2 64
2 65
2 66
2 68
2 69
2 70
2 71
2 72
2 74
2 75
2 76
2 78
2 79
2 80
3 4
3 6
3 9
3 13
3 16
3 19
3 21
3 24
3 25
3 26
3 28
3 33
3 35
3 37
3 38
3 39
3 40
3 43
3 44
3 45
3 46
3 50
3 52
3 54
3 57
3 58
3 59
3 63
3 64
3 65
3 66
3 68
3 69
3 71
3 73
3 74
3 78
3 79
4 7
4 8
4 10
4 14
4 18
4 19
4 22
4 24
4 25
4 28
4 31
4 32
4 33
4 34
4 35
4 36
4 39
4 41
4 44
4 47
4 48
4 54
4 55
4 58
4 59
4 63
4 64
4 65
4 66
4 74
4 76
4 77
4 78
5 6
5 8
5 9
5 12
5 13
5 14
5 16
5 17
5 19
5 21
5 22
5 26
5 27
5 28
5 29
5 32
5 41
5 42
5 44
5 45
5 48
5 49
5 50
5 56
5 57
5 58
5 60
5 61
5 62
5 63
5 64
5 65
5 66
5 68
5 69
5 73
5 74
5 75
5 76
5 77
6 13
6 15
6 16
6 17
6 20
6 21
6 22
6 23
6 25
6 26
6 27
6 29
6 30
6 31
6 32
6 33
6 36
6 38
6 43
6 46
6 47
6 48
6 51
6 55
6 56
6 57
6 59
6 60
6 62
6 66
6 68
6 69
6 71
6 72
6 75
6 77
6 78
6 80
7 9
7 10
7 11
7 19
7 23
7 27
7 28
7 31
7 39
7 41
7 43
7 44
7 45
7 46
7 47
7 48
7 49
7 51
7 53
7 54
7 55
7 58
7 59
7 60
7 64
7 66
7 67
7 72
7 78
7 80
8 12
8 14
8 15
8 16
8 17
8 18
8 22
8 23
8 24
8 26
8 27
8 28
8 29
8 31
8 33
8 36
8 41
8 42
8 43
8 45
8 46
8 47
8 48
8 50
8 51
8 53
8 54
8 56
8 58
8 61
8 63
8 65
8 68
8 70
8 71
8 74
8 76
8 78
8 79
8 80
9 14
9 15
9 18
9 19
9 20
9 21
9 22
9 23
9 24
9 25
9 26
9 27
9 28
9 30
9 33
9 34
9 35
9 36
9 37
9 39
9 43
9 46
9 47
9 48
9 52
9 55
9 56
9 57
9 59
9 62
9 64
9 65
9 67
9 69
9 70
9 71
9 72
9 73
9 74
9 77
9 78
9 79
10 13
10 15
10 17
10 22
10 23
10 24
10 25
10 28
10 29
10 30
10 34
10 37
10 39
10 41
10 43
10 45
10 47
10 51
10 52
10 54
10 57
10 59
10 61
10 62
10 65
10 66
10 68
10 76
10 80
11 12
11 16
11 18
11 19
11 21
11 22
11 23
11 24
11 25
11 26
11 27
11 32
11 33
11 37
11 41
11 42
11 47
11 48
11 49
11 50
11 55
11 58
11 59
11 62
11 63
11 65
11 66
11 68
11 69
11 70
11 75
11 80
12 14
12 17
12 18
12 19
12 22
12 23
12 24
12 25
12 26
12 27
12 30
12 34
12 35
12 37
12 39
12 41
12 46
12 47
12 48
12 50
12 52
12 53
12 54
12 56
12 58
12 59
12 60
12 62
12 66
12 68
12 77
13 15
13 19
13 22
13 24
13 26
13 27
13 31
13 32
13 33
13 35
13 36
13 37
13 38
13 40
13 42
13 43
13 44
13 45
13 47
13 53
13 54
13 60
13 62
13 64
13 65
13 67
13 75
13 76
13 78
13 79
14 15
14 17
14 18
14 20
14 22
14 23
14 24
14 26
14 29
14 33
14 34
14 40
14 41
14 44
14 46
14 50
14 51
14 54
14 56
14 58
14 61
14 64
14 66
14 67
14 69
14 74
14 76
14 78
14 79
14 80
15 16
15 17
15 19
15 20
15 22
15 23
15 26
15 28
15 30
15 32
15 34
15 36
15 37
15 42
15 43
15 44
15 46
15 55
15 56
15 57
15 58
15 59
15 60
15 61
15 63
15 64
15 66
15 68
15 69
15 70
15 71
15 74
15 77
16 17
16 18
16 19
16 21
16 24
16 25
16 30
16 31
16 34
16 42
16 44
16 46
16 47
16 49
16 50
16 51
16 54
16 58
16 59
16 60
16 64
16 66
16 69
16 74
16 76
16 77
16 78
16 79
16 80
17 20
17 21
17 22
17 23
17 24
17 25
17 27
17 28
17 29
17 34
17 35
17 37
17 39
17 40
17 42
17 44
17 45
17 46
17 47
17 48
17 51
17 53
17 55
17 56
17 57
17 63
17 66
17 68
17 70
17 73
17 76
17 77
18 25
18 26
18 27
18 28
18 34
18 36
18 37
18 38
18 44
18 45
18 47
18 49
18 51
18 53
18 60
18 62
18 63
18 64
18 65
18 67
18 69
18 70
18 71
18 76
18 77
18 79
18 80
19 24
19 26
19 27
19 28
19 30
19 33
19 34
19 35
19 36
19 39
19 41
19 44
19 46
19 47
19 50
19 52
19 53
19 56
19 61
19 63
19 65
19 66
19 67
19 69
19 71
19 73
19 76
19 79
19 80
20 22
20 23
20 24
20 27
20 31
20 35
20 37
20 38
20 40
20 41
20 42
20 44
20 46
20 49
20 50
20 52
20 53
20 54
20 55
20 58
20 59
20 60
20 63
20 65
20 67
20 70
20 73
20 77
20 78
20 79
21 22
21 23
21 26
21 27
21 28
21 29
21 33
21 35
21 36
21 37
21 39
21 40
21 41
21 42
21 48
21 49
21 50
21 51
21 56
21 57
21 58
21 60
21 63
21 68
21 69
21 70
21 71
21 72
21 73
21 74
21 77
21 78
21 79
22 24
22 25
22 30
22 32
22 33
22 37
22 38
22 39
22 40
22 42
22 47
22 53
22 55
22 56
22 58
22 59
22 61
22 63
22 66
22 67
22 68
22 70
22 71
22 72
22 75
22 76
22 77
22 79
23 26
23 28
23 29
23 30
23 31
23 32
23 33
23 35
23 36
23 42
23 43
23 44
23 48
23 49
23 50
23 53
23 55
23 58
23 60
23 61
23 64
23 68
23 69
23 70
23 71
23 72
23 73
23 77
23 80
24 25
24 26
24 30
24 33
24 38
24 40
24 42
24 46
24 47
24 51
24 53
24 55
24 56
24 58
24 59
24 61
24 63
24 64
24 66
24 67
24 68
24 69
24 70
24 72
24 75
24 77
24 78
25 26
25 27
25 28
25 29
25 30
25 32
25 35
25 37
25 38
25 39
25 41
25 42
25 43
25 45
25 47
25 48
25 50
25 51
25 52
25 53
25 56
25 58
25 59
25 60
25 62
25 63
25 64
25 65
25 66
25 68
25 70
25 71
25 74
25 78
25 79
26 30
26 35
26 36
26 37
26 38
26 39
26 44
26 45
26 48
26 49
26 50
26 52
26 53
26 54
26 55
26 56
26 59
26 60
26 61
26 65
26 67
26 68
26 69
26 70
26 71
26 74
26 75
26 77
26 78
27 28
27 31
27 33
27 35
27 40
27 41
27 44
27 46
27 47
27 48
27 49
27 50
27 51
27 54
27 57
27 58
27 59
27 60
27 61
27 62
27 64
27 65
27 66
27 67
27 68
27 72
27 77
27 78
27 79
27 80
28 29
28 30
28 34
28 35
28 37
28 39
28 40
28 41
28 43
28 44
28 46
28 47
28 49
28 51
28 52
28 55
28 56
28 59
28 60
28 63
28 64
28 67
28 72
28 74
28 76
28 78
28 79
29 30
29 31
29 32
29 38
29 39
29 41
29 44
29 45
29 46
29 53
29 54
29 56
29 57
29 58
29 59
29 60
29 62
29 63
29 65
29 66
29 67
29 70
29 71
29 72
29 74
29 76
29 77
29 78
30 31
30 34
30 36
30 38
30 39
30 41
30 47
30 48
30 54
30 55
30 57
30 59
30 61
30 62
30 63
30 66
30 68
30 71
30 72
30 74
30 76
30 78
31 32
31 34
31 35
31 36
31 39
31 40
31 42
31 43
31 46
31 47
31 50
31 54
31 56
31 58
31 59
31 62
31 63
31 64
31 66
31 67
31 71
31 73
31 74
31 78
31 79
31 80
32 36
32 37
32 38
32 39
32 41
32 43
32 45
32 49
32 50
32 54
32 57
32 62
32 63
32 65
32 67
32 69
32 70
32 72
32 74
32 77
33 34
33 35
33 36
33 37
33 44
33 49
33 50
33 52
33 53
33 54
33 55
33 57
33 59
33 63
33 67
33 68
33 71
33 72
33 74
33 75
33 77
33 79
33 80
34 35
34 38
34 39
34 40
34 41
34 45
34 48
34 52
34 53
34 54
34 55
34 56
34 58
34 59
34 61
34 62
34 67
34 68
34 69
34 70
34 73
34 74
34 75
34 79
34 80
35 36
35 39
35 42
35 43
35 45
35 48
35 50
35 54
35 57
35 59
35 60
35 62
35 63
35 71
35 72
35 76
35 77
35 78
35 80
36 38
36 40
36 42
36 44
36 46
36 47
36 48
36 52
36 55
36 56
36 57
36 58
36 59
36 60
36 61
36 63
36 65
36 70
36 75
36 76
36 77
36 79
36 80
37 41
37 42
37 44
37 46
37 48
37 51
37 56
37 57
37 58
37 60
37 63
37 64
37 66
37 69
37 70
37 71
37 73
37 74
37 75
37 79
38 39
38 42
38 46
38 47
38 48
38 49
38 50
38 52
38 54
38 55
38 56
38 57
38 59
38 61
38 64
38 65
38 66
38 67
38 69
38 70
38 71
38 74
38 75
38 79
39 41
39 42
39 45
39 46
39 47
39 48
39 54
39 55
39 56
39 58
39 60
39 61
39 63
39 66
39 68
39 69
39 70
39 71
39 74
39 75
39 76
39 77
39 79
40 41
40 42
40 43
40 44
40 46
40 48
40 49
40 50
40 54
40 56
40 58
40 60
40 65
40 66
40 68
40 69
40 72
40 73
40 74
40 76
40 78
40 80
41 42
41 43
41 44
41 53
41 57
41 58
41 59
41 62
41 64
41 65
41 70
41 71
41 72
41 73
41 77
42 43
42 46
42 48
42 49
42 50
42 51
42 52
42 55
42 57
42 61
42 63
42 67
42 68
42 69
42 70
42 71
42 74
42 76
42 77
42 78
42 79
42 80
43 50
43 51
43 54
43 55
43 56
43 57
43 59
43 65
43 66
43 70
43 72
43 77
43 78
43 79
43 80
44 45
44 46
44 47
44 48
44 50
44 51
44 53
44 54
44 56
44 57
44 59
44 61
44 64
44 65
44 69
44 70
44 72
44 73
44 76
44 77
44 78
44 80
45 46
45 47
45 48
45 49
45 50
45 52
45 56
45 57
45 59
45 61
45 62
45 63
45 65
45 68
45 69
45 70
46 48
46 52
46 53
46 54
46 56
46 61
46 62
46 66
46 70
46 75
46 76
46 77
47 50
47 53
47 54
47 55
47 58
47 61
47 63
47 65
47 68
47 72
47 76
47 78
47 79
48 54
48 55
48 61
48 62
48 63
48 66
48 67
48 68
48 69
48 70
48 71
48 72
48 73
48 75
48 76
48 79
48 80
49 51
49 52
49 54
49 56
49 57
49 59
49 60
49 61
49 62
49 65
49 66
49 67
49 68
49 75
49 76
49 79
50 51
50 54
50 55
50 56
50 59
50 60
50 63
50 64
50 66
50 69
50 70
50 72
50 75
50 76
50 77
50 78
50 79
50 80
51 52
51 55
51 57
51 58
51 61
51 63
51 64
51 66
51 67
51 68
51 69
51 73
51 76
51 79
52 53
52 54
52 55
52 56
52 58
52 59
52 63
52 65
52 67
52 69
52 72
52 74
52 75
52 78
52 79
53 54
53 55
53 56
53 57
53 58
53 59
53 60
53 62
53 71
53 72
53 73
53 74
53 75
53 77
53 79
54 55
54 57
54 58
54 60
54 62
54 63
54 64
54 65
54 68
54 71
54 73
54 75
54 76
54 77
54 80
55 56
55 57
55 58
55 59
55 60
55 62
55 65
55 68
55 69
55 70
55 73
55 75
55 76
55 77
55 78
55 79
55 80
56 57
56 64
56 65
56 67
56 68
56 69
56 70
56 72
56 74
56 75
56 76
56 77
56 78
56 80
57 58
57 60
57 61
57 64
57 65
57 66
57 68
57 70
57 71
57 72
57 75
57 76
57 77
57 80
58 59
58 60
58 64
58 65
58 66
58 68
58 71
58 73
58 76
58 78
58 80
59 60
59 62
59 64
59 66
59 67
59 69
59 70
59 71
59 72
59 74
59 75
59 78
59 79
60 61
60 64
60 66
60 67
60 72
60 75
60 76
60 77
60 78
60 79
61 62
61 63
61 64
61 65
61 68
61 70
61 71
61 72
61 76
61 77
62 63
62 65
62 67
62 68
62 69
62 70
62 74
62 76
62 77
62 79
62 80
63 64
63 66
63 67
63 69
63 71
63 72
63 75
63 78
63 79
63 80
64 65
64 67
64 74
64 78
64 79
65 67
65 68
65 69
65 70
65 72
65 77
65 79
65 80
66 67
66 69
66 72
66 73
66 74
66 75
66 78
67 68
67 71
67 72
67 73
67 74
67 79
67 80
68 69
68 71
68 75
68 76
68 77
68 80
69 72
69 73
69 74
69 77
69 78
70 72
70 75
70 77
70 78
70 80
71 73
71 74
71 76
71 79
72 74
72 76
72 77
72 78
72 80
73 79
73 80
74 75
74 79
75 76
75 78
76 78
77 79
78 79
78 80
