c random_80_948
80 948
1 2
1 13
1 17
1 18
1 23
1 24
1 29
1 39
1 41
1 42
1 46
1 50
1 55
1 56
1 59
1 60
1 61
1 63
1 72
1 75
2 5
2 7
2 11
2 15
2 18
2 19
2 24
2 25
2 26
2 28
2 32
2 34
2 38
2 43
2 48
2 50
2 51
2 53
2 55
2 56
2 57
2 59
2 62
2 71
2 74
2 75
2 78
3 4
3 22
3 25
3 30
3 34
3 35
3 38
3 39
3 45
3 46
3 47
3 53
3 56
3 59
3 60
3 66
3 72
4 5
4 8
4 11
4 13
4 15
4 20
4 25
4 26
4 28
4 29
4 36
4 38
4 39
4 40
4 42
4 45
4 47
4 50
4 53
4 63
4 64
4 68
4 71
4 73
4 77
5 6
5 10
5 11
5 12
5 24
5 29
5 43
5 47
5 53
5 56
5 57
5 59
5 60
5 63
5 65
5 66
5 76
5 79
6 9
6 11
6 13
6 17
6 26
6 27
6 33
6 35
6 37
6 38
6 41
6 44
6 52
6 56
6 57
7 9
7 14
7 19
7 20
7 33
7 38
7 39
7 42
7 45
7 49
7 54
7 57
7 64
7 67
7 70
7 71
7 74
7 77
7 79
8 9
8 22
8 23
8 24
8 26
8 27
8 33
8 34
8 36
8 40
8 41
8 45
8 51
8 54
8 58
8 60
8 65
8 68
8 70
8 76
8 77
9 11
9 12
9 13
9 14
9 15
9 21
9 22
9 28
9 30
9 31
9 32
9 33
9 34
9 35
9 36
9 37
9 40
9 43
9 47
9 48
9 51
9 53
9 54
9 59
9 67
9 69
9 70
9 71
9 73
9 74
9 79
10 12
10 13
10 14
10 20
10 22
10 25
10 27
10 28
10 29
10 31
10 35
10 37
10 41
10 42
10 50
10 56
10 62
10 64
10 66
10 70
10 75
10 79
10 80
11 12
11 14
11 15
11 19
11 22
11 23
11 25
11 26
11 27
11 28
11 29
11 30
11 35
11 37
11 43
11 45
11 48
11 49
11 50
11 52
11 55
11 57
11 59
11 66
11 71
11 74
12 13
12 14
12 15
12 17
12 22
12 25
12 30
12 32
12 37
12 43
12 44
12 47
12 52
12 55
12 56
12 59
12 62
12 63
12 65
12 70
12 71
12 72
12 73
12 77
12 78
13 17
13 21
13 25
13 27
13 30
13 35
13 36
13 39
13 40
13 43
13 45
13 48
13 49
13 52
13 55
13 57
13 58
13 62
13 63
13 64
13 67
13 69
13 71
13 74
13 76
13 77
13 79
14 17
14 20
14 22
14 27
14 28
14 32
14 41
14 42
14 47
14 49
14 53
14 60
14 61
14 62
14 71
14 79
15 16
15 17
15 21
15 22
15 26
15 29
15 32
15 34
15 37
15 39
15 42
15 47
15 51
15 62
15 65
15 66
15 70
15 71
15 72
15 77
15 79
15 80
16 17
16 27
16 30
16 33
16 41
16 45
16 46
16 54
16 55
16 59
16 60
16 62
16 65
16 78
17 19
17 21
17 24
17 26
17 29
17 30
17 37
17 42
17 47
17 48
17 49
17 51
17 53
17 55
17 58
17 62
17 64
17 68
17 72
17 78
17 80
18 19
18 20
18 27
18 30
18 32
18 34
18 36
18 37
18 38
18 44
18 46
18 47
18 51
18 56
18 57
18 61
18 69
18 74
18 80
19 20
19 21
19 29
19 30
19 37
19 38
19 41
19 45
19 48
19 50
19 53
19 59
19 60
19 61
19 62
19 69
19 73
19 75
19 76
20 21
20 22
20 23
20 27
20 28
20 29
20 37
20 39
20 41
20 61
20 70
20 71
20 78
20 79
21 25
21 26
21 27
21 30
21 34
21 37
21 38
21 41
21 43
21 46
21 48
21 51
21 55
21 56
21 57
21 61
21 63
21 64
21 66
21 70
21 72
21 73
21 75
21 77
21 80
22 25
22 31
22 33
22 35
22 43
22 51
22 62
22 64
22 74
22 75
22 76
23 26
23 30
23 35
23 38
23 39
23 40
23 41
23 43
23 45
23 48
23 61
23 62
23 63
23 65
23 69
23 72
23 73
23 76
23 78
24 27
24 29
24 31
24 42
24 49
24 51
24 53
24 56
24 57
24 63
24 65
24 66
24 69
24 71
24 73
24 75
24 78
24 79
25 29
25 30
25 31
25 33
25 35
25 37
25 39
25 40
25 43
25 50
25 54
25 57
25 58
25 65
25 71
25 77
25 78
26 27
26 32
26 34
26 37
26 38
26 41
26 43
26 46
26 47
26 51
26 52
26 58
26 60
26 65
26 68
26 77
26 78
27 29
27 32
27 44
27 47
27 48
27 50
27 52
27 59
27 64
27 66
27 74
27 75
28 29
28 32
28 33
28 38
28 47
28 49
28 50
28 51
28 52
28 58
28 61
28 73
28 74
28 75
29 30
29 31
29 36
29 38
29 39
29 41
29 45
29 46
29 47
29 49
29 52
29 58
29 60
29 62
29 64
29 71
29 72
29 77
30 40
30 42
30 44
30 47
30 53
30 56
30 59
30 62
30 69
30 72
30 74
30 76
30 77
30 78
30 79
31 33
31 42
31 44
31 47
31 52
31 54
31 55
31 63
31 71
31 72
31 73
31 77
32 34
32 36
32 37
32 38
32 40
32 43
32 44
32 47
32 59
32 64
32 65
32 67
32 74
32 76
32 80
33 35
33 36
33 37
33 39
33 44
33 45
33 49
33 54
33 56
33 58
33 60
33 62
33 64
34 35
34 40
34 41
34 46
34 50
34 51
34 61
34 62
34 64
34 65
34 69
34 70
34 71
34 72
34 73
34 74
34 76
35 38
35 40
35 49
35 55
35 56
35 57
35 62
35 63
35 73
35 76
35 78
35 80
36 37
36 39
36 41
36 43
36 44
36 45
36 50
36 51
36 52
36 55
36 56
36 61
36 68
36 73
36 79
37 38
37 42
37 45
37 53
37 58
37 60
37 62
37 63
37 65
37 69
37 71
37 73
37 74
37 79
38 39
38 40
38 45
38 46
38 49
38 55
38 56
38 60
38 64
38 65
38 72
38 73
38 78
38 80
39 41
39 47
39 51
39 59
39 61
39 62
39 66
39 69
39 73
39 74
39 75
39 76
40 41
40 44
40 45
40 48
40 50
40 51
40 52
40 53
40 57
40 61
40 64
40 73
40 74
40 77
40 79
41 48
41 49
41 51
41 56
41 64
41 66
41 68
41 69
41 70
41 71
41 73
41 79
42 43
42 45
42 54
42 58
42 62
42 63
42 64
42 69
42 75
42 76
42 79
42 80
43 44
43 46
43 47
43 50
43 55
43 57
43 61
43 65
43 67
43 71
43 72
43 73
43 74
43 75
43 78
44 47
44 50
44 54
44 56
44 64
44 66
44 67
44 68
44 69
44 77
45 47
45 49
45 52
45 53
45 54
45 57
45 65
45 67
45 72
45 77
45 78
46 50
46 52
46 54
46 57
46 58
46 61
46 63
46 64
46 66
46 70
47 51
47 56
47 62
47 63
47 64
47 67
47 70
47 71
47 78
47 79
48 51
48 53
48 58
48 59
48 62
48 66
48 67
48 72
48 74
48 77
49 50
49 51
49 53
49 56
49 57
49 59
49 63
49 64
49 67
49 72
49 78
49 80
50 53
50 54
50 56
50 57
50 66
50 73
51 52
51 61
51 63
51 73
51 74
51 80
52 53
52 54
52 56
52 62
52 63
52 73
53 66
53 69
53 70
53 77
53 80
54 57
54 67
54 68
54 74
54 79
55 61
55 70
55 73
55 76
55 77
55 78
56 60
56 71
56 73
56 74
56 75
56 78
57 70
57 77
57 78
57 79
58 61
58 64
58 72
58 76
58 77
59 61
59 64
59 69
59 70
59 77
59 80
60 67
60 71
60 76
60 77
60 78
61 62
61 64
61 65
61 66
61 69
61 75
61 79
61 80
62 64
62 67
62 70
62 71
62 74
63 71
63 72
63 76
64 65
64 66
64 68
64 70
64 72
64 73
64 78
65 66
65 69
65 71
65 76
65 79
66 73
66 75
66 79
66 80
67 68
67 69
67 74
67 75
68 69
68 71
68 73
68 78
68 79
69 70
69 76
69 78
70 73
70 74
70 77
70 79
71 73
71 75
72 76
73 76
73 77
74 79
75 77
75 78
75 79
76 77
76 78
76 80
77 79
77 80
