c random_80_1580
80 1580
1 9
1 11
1 12
1 17
1 18
1 19
1 20
1 24
1 26
1 27
1 30
1 32
1 34
1 37
1 38
1 39
1 40
1 42
1 44
1 45
1 48
1 49
1 50
1 55
1 56
1 60
1 64
1 68
1 70
1 72
1 75
1 77
1 78
1 79
2 3
2 4
2 5
2 6
2 9
2 11
2 12
2 15
2 18
2 25
2 27
2 28
2 29
2 30
2 31
2 33
2 34
2 35
2 38
2 41
2 42
2 43
2 44
2 45
2 47
2 53
2 54
2 58
2 59
2 61
2 62
2 63
2 65
2 68
2 69
2 70
2 71
2 78
2 79
3 5
3 6
3 7
3 10
3 13
3 14
3 15
3 16
3 17
3 19
3 21
3 23
3 30
3 31
3 32
3 33
3 35
3 37
3 38
3 46
3 49
3 50
3 51
3 52
3 54
3 55
3 56
3 57
3 59
3 65
3 66
3 77
3 79
4 5
4 7
4 8
4 9
4 10
4 12
4 13
4 15
4 16
4 17
4 19
4 20
4 21
4 22
4 23
4 24
4 25
4 26
4 29
4 30
4 32
4 33
4 35
4 40
4 41
4 42
4 44
4 46
4 50
4 51
4 55
4 57
4 58
4 59
4 60
4 61
4 62
4 70
4 73
4 74
4 75
4 76
4 78
4 80
5 6
5 7
5 8
5 9
5 17
5 20
5 23
5 24
5 26
5 27
5 30
5 31
5 34
5 38
5 40
5 41
5 42
5 43
5 44
5 49
5 50
5 52
5 54
5 55
5 57
5 58
5 59
5 63
5 69
5 71
5 73
5 77
6 7
6 8
6 14
6 16
6 17
6 18
6 20
6 21
6 22
6 25
6 27
6 29
6 33
6 34
6 35
6 36
6 37
6 40
6 41
6 42
6 43
6 45
6 49
6 52
6 53
6 54
6 57
6 58
6 59
6 62
6 63
6 64
6 66
6 73
6 74
6 75
6 77
6 78
6 79
6 80
7 8
7 9
7 10
7 11
7 14
7 16
7 19
7 21
7 22
7 24
7 25
7 26
7 27
7 29
7 30
7 31
7 35
7 38
7 39
7 40
7 42
7 44
7 49
7 56
7 58
7 59
7 60
7 65
7 69
7 72
7 74
7 75
7 76
7 77
7 79
7 80
8 10
8 12
8 14
8 18
8 20
8 21
8 22
8 23
8 26
8 29
8 30
8 32
8 35
8 37
8 38
8 40
8 42
8 43
8 44
8 46
8 47
8 48
8 49
8 50
8 54
8 57
8 58
8 60
8 61
8 65
8 67
8 71
8 72
8 75
8 78
9 10
9 13
9 15
9 16
9 17
9 19
9 24
9 27
9 32
9 33
9 34
9 40
9 47
9 50
9 51
9 52
9 53
9 54
9 55
9 57
9 58
9 62
9 63
9 66
9 69
9 70
9 71
9 72
9 73
9 77
9 79
9 80
10 12
10 14
10 17
10 19
10 21
10 22
10 27
10 38
10 39
10 41
10 42
10 43
10 44
10 46
10 47
10 48
10 52
10 54
10 55
10 56
10 58
10 61
10 64
10 66
10 70
10 72
10 76
10 77
10 78
11 12
11 13
11 16
11 18
11 19
11 21
11 22
11 23
11 26
11 27
11 29
11 30
11 32
11 36
11 37
11 39
11 40
11 42
11 44
11 46
11 48
11 49
11 50
11 55
11 57
11 59
11 60
11 61
11 62
11 67
11 69
11 71
11 72
11 73
11 80
12 13
12 15
12 16
12 17
12 20
12 21
12 22
12 23
12 25
12 26
12 27
12 30
12 32
12 36
12 38
12 39
12 43
12 46
12 47
12 48
12 49
12 50
12 52
12 54
12 60
12 61
12 63
12 64
12 66
12 74
12 75
12 76
12 79
12 80
13 15
13 16
13 18
13 19
13 21
13 22
13 24
13 26
13 28
13 29
13 30
13 31
13 32
13 34
13 35
13 38
13 41
13 42
13 44
13 46
13 47
13 48
13 49
13 50
13 51
13 53
13 55
13 56
13 57
13 59
13 60
13 61
13 63
13 65
13 66
13 70
13 71
13 72
13 73
13 75
13 78
14 16
14 19
14 20
14 21
14 22
14 23
14 28
14 29
14 31
14 32
14 34
14 35
14 36
14 37
14 38
14 42
14 43
14 45
14 47
14 48
14 49
14 50
14 51
14 52
14 53
14 54
14 57
14 58
14 63
14 70
14 72
14 73
14 75
15 16
15 17
15 18
15 22
15 23
15 25
15 27
15 28
15 29
15 30
15 33
15 35
15 36
15 40
15 43
15 44
15 45
15 46
15 50
15 54
15 55
15 56
15 57
15 58
15 59
15 60
15 61
15 62
15 64
15 65
15 67
15 69
15 74
15 76
15 77
16 17
16 18
16 23
16 24
16 25
16 26
16 30
16 32
16 33
16 34
16 36
16 37
16 40
16 42
16 43
16 44
16 46
16 49
16 50
16 53
16 58
16 59
16 61
16 62
16 63
16 65
16 66
16 69
16 71
16 73
16 76
16 77
16 80
17 19
17 22
17 23
17 24
17 26
17 27
17 28
17 33
17 34
17 35
17 39
17 40
17 42
17 44
17 46
17 51
17 53
17 54
17 55
17 56
17 58
17 62
17 64
17 66
17 68
17 70
17 71
17 75
17 76
17 77
17 79
18 20
18 21
18 22
18 24
18 26
18 28
18 29
18 30
18 31
18 32
18 33
18 34
18 35
18 36
18 37
18 38
18 41
18 42
18 44
18 45
18 47
18 48
18 51
18 53
18 56
18 57
18 61
18 63
18 64
18 67
18 71
18 72
18 75
18 78
19 22
19 23
19 25
19 26
19 27
19 29
19 31
19 36
19 37
19 39
19 40
19 44
19 51
19 53
19 55
19 56
19 58
19 59
19 63
19 65
19 68
19 69
19 70
19 72
19 73
19 74
19 78
19 79
19 80
20 22
20 23
20 24
20 26
20 27
20 28
20 30
20 31
20 32
20 33
20 35
20 37
20 38
20 39
20 40
20 41
20 42
20 45
20 46
20 47
20 48
20 49
20 56
20 57
20 60
20 61
20 63
20 64
20 67
20 73
20 74
20 77
20 78
20 79
20 80
21 26
21 31
21 35
21 38
21 39
21 40
21 41
21 45
21 46
21 47
21 51
21 55
21 56
21 59
21 60
21 63
21 64
21 65
21 69
21 71
21 74
21 78
21 80
22 23
22 24
22 25
22 26
22 28
22 29
22 30
22 32
22 33
22 35
22 36
22 39
22 41
22 42
22 43
22 44
22 47
22 49
22 52
22 54
22 58
22 63
22 67
22 68
22 69
22 70
22 71
22 73
22 74
22 75
22 76
22 79
23 25
23 27
23 29
23 31
23 33
23 34
23 35
23 36
23 37
23 39
23 40
23 41
23 42
23 50
23 51
23 53
23 56
23 57
23 62
23 64
23 66
23 69
23 70
23 71
23 73
23 75
23 76
23 78
23 79
24 25
24 26
24 29
24 30
24 31
24 34
24 35
24 37
24 39
24 41
24 42
24 44
24 45
24 48
24 49
24 51
24 54
24 56
24 57
24 58
24 59
24 60
24 62
24 64
24 67
24 68
24 70
24 73
24 74
24 75
24 76
24 79
24 80
25 26
25 27
25 28
25 29
25 30
25 33
25 36
25 37
25 38
25 45
25 47
25 48
25 50
25 52
25 55
25 56
25 57
25 59
25 63
25 64
25 68
25 72
25 75
25 76
25 77
25 78
25 79
25 80
26 29
26 30
26 33
26 34
26 35
26 36
26 37
26 39
26 40
26 42
26 44
26 46
26 48
26 49
26 50
26 51
26 56
26 58
26 59
26 63
26 64
26 65
26 67
26 68
26 69
26 70
26 72
26 75
26 76
26 79
27 34
27 36
27 39
27 40
27 41
27 47
27 48
27 53
27 54
27 57
27 58
27 61
27 63
27 65
27 66
27 70
27 71
27 75
27 76
27 77
27 79
27 80
28 31
28 32
28 33
28 38
28 39
28 40
28 42
28 43
28 46
28 50
28 53
28 54
28 55
28 60
28 61
28 62
28 65
28 67
28 68
28 69
28 73
28 74
28 75
29 33
29 34
29 36
29 40
29 41
29 42
29 45
29 46
29 48
29 50
29 53
29 54
29 56
29 58
29 61
29 67
29 69
29 70
29 71
29 72
29 73
29 74
29 76
29 78
29 79
30 32
30 33
30 34
30 39
30 42
30 43
30 47
30 48
30 49
30 52
30 55
30 56
30 57
30 58
30 60
30 61
30 64
30 65
30 66
30 67
30 68
30 70
30 72
30 73
30 74
30 75
30 76
30 77
30 79
30 80
31 33
31 38
31 39
31 40
31 42
31 44
31 45
31 46
31 49
31 50
31 51
31 53
31 59
31 62
31 63
31 65
31 66
31 71
31 72
31 73
31 74
31 76
31 78
32 34
32 38
32 39
32 43
32 44
32 45
32 46
32 47
32 48
32 49
32 51
32 53
32 54
32 55
32 57
32 59
32 60
32 61
32 62
32 63
32 65
32 67
32 70
32 77
32 80
33 36
33 38
33 40
33 41
33 42
33 43
33 47
33 51
33 52
33 53
33 55
33 56
33 57
33 59
33 65
33 67
33 68
33 74
33 75
33 76
34 35
34 36
34 38
34 40
34 45
34 46
34 47
34 48
34 52
34 54
34 55
34 56
34 57
34 58
34 59
34 61
34 64
34 67
34 68
34 72
34 73
34 75
34 77
35 36
35 38
35 40
35 42
35 43
35 44
35 45
35 46
35 49
35 51
35 52
35 53
35 54
35 58
35 59
35 62
35 63
35 64
35 66
35 68
35 69
35 71
35 72
35 73
35 74
35 75
35 76
35 77
35 78
35 79
36 37
36 38
36 41
36 42
36 44
36 46
36 49
36 50
36 61
36 63
36 66
36 67
36 69
36 71
36 72
36 73
36 74
36 76
36 77
37 38
37 43
37 46
37 47
37 49
37 50
37 51
37 52
37 55
37 57
37 59
37 62
37 65
37 69
37 70
37 71
37 72
37 77
37 78
37 80
38 43
38 45
38 48
38 49
38 51
38 52
38 55
38 57
38 59
38 61
38 62
38 64
38 65
38 66
38 67
38 68
38 70
38 73
38 79
38 80
39 40
39 45
39 46
39 50
39 52
39 55
39 56
39 57
39 58
39 59
39 61
39 64
39 65
39 68
39 69
39 75
39 78
39 79
39 80
40 44
40 45
40 46
40 47
40 49
40 53
40 54
40 55
40 56
40 57
40 62
40 66
40 67
40 70
40 71
40 73
40 74
40 76
40 79
40 80
41 42
41 43
41 48
41 50
41 52
41 53
41 54
41 55
41 57
41 58
41 60
41 63
41 66
41 72
41 73
41 74
41 76
41 78
41 79
42 43
42 44
42 45
42 46
42 47
42 48
42 50
42 54
42 58
42 59
42 60
42 67
42 68
42 69
42 70
42 71
42 72
42 74
42 75
42 77
42 78
43 45
43 48
43 50
43 51
43 52
43 54
43 55
43 56
43 59
43 61
43 63
43 67
43 68
43 70
43 71
43 73
43 74
43 75
43 78
43 79
44 47
44 53
44 54
44 56
44 57
44 63
44 66
44 69
44 70
44 73
44 75
44 76
44 79
45 46
45 48
45 50
45 52
45 53
45 54
45 55
45 56
45 57
45 58
45 60
45 61
45 63
45 65
45 69
45 72
45 76
46 47
46 49
46 53
46 55
46 58
46 60
46 61
46 63
46 69
46 70
46 72
46 73
46 74
46 75
46 77
46 78
47 48
47 49
47 50
47 52
47 53
47 55
47 56
47 58
47 60
47 65
47 66
47 68
47 73
47 75
47 77
47 78
47 79
47 80
48 49
48 52
48 55
48 57
48 58
48 60
48 61
48 63
48 71
48 77
48 79
48 80
49 51
49 52
49 53
49 54
49 55
49 58
49 60
49 61
49 63
49 66
49 67
49 68
49 70
49 71
49 73
49 75
49 76
49 79
50 51
50 52
50 53
50 55
50 56
50 58
50 59
50 60
50 64
50 67
50 68
50 69
50 70
50 76
50 77
50 78
51 54
51 56
51 58
51 59
51 63
51 64
51 65
51 70
51 72
51 75
51 76
51 78
52 53
52 54
52 55
52 57
52 58
52 59
52 61
52 62
52 63
52 64
52 65
52 67
52 68
52 71
52 74
52 75
52 76
52 77
52 78
52 79
53 55
53 57
53 58
53 59
53 60
53 62
53 63
53 65
53 67
53 70
53 71
53 72
53 75
53 76
53 77
54 56
54 57
54 59
54 61
54 67
54 70
54 71
54 75
54 76
54 78
54 79
54 80
55 57
55 58
55 61
55 74
55 76
55 79
56 57
56 58
56 59
56 61
56 67
56 68
56 69
56 73
56 74
56 78
56 79
56 80
57 58
57 63
57 64
57 65
57 68
57 69
57 70
57 71
57 72
57 73
57 74
57 80
58 61
58 62
58 64
58 66
58 67
58 68
58 71
58 72
58 73
58 76
58 77
58 79
58 80
59 60
59 63
59 64
59 66
59 67
59 70
59 72
59 73
59 74
59 76
60 61
60 64
60 65
60 68
60 69
60 73
60 75
60 76
60 77
60 80
61 62
61 64
61 65
61 67
61 72
61 73
61 78
61 79
62 63
62 64
62 65
62 66
62 72
62 73
62 74
62 75
62 76
62 77
62 79
62 80
63 64
63 65
63 67
63 68
63 70
63 71
63 73
63 74
63 75
63 77
63 78
63 79
63 80
64 65
64 67
64 68
64 69
64 76
64 77
65 66
65 67
65 69
65 71
65 72
65 73
65 76
65 77
65 79
65 80
66 71
66 73
66 74
66 75
66 76
66 78
66 79
67 70
67 73
67 75
67 76
67 77
67 79
67 80
68 69
68 71
68 74
68 78
68 79
68 80
69 70
69 73
69 74
69 79
69 80
70 71
70 72
70 73
70 76
70 80
71 72
71 73
71 76
72 73
72 75
72 79
72 80
73 76
73 77
73 79
74 76
74 77
74 78
74 79
75 77
75 78
75 79
75 80
76 77
77 78
78 80
