c random_80_948
80 948
1 3
1 7
1 8
1 10
1 28
1 30
1 32
1 35
1 39
1 40
1 42
1 46
1 48
1 51
1 56
1 57
1 58
1 63
1 64
1 68
1 69
1 70
1 74
1 75
2 5
2 13
2 15
2 18
2 19
2 23
2 25
2 26
2 28
2 31
2 38
2 40
2 49
2 50
2 53
2 54
2 63
2 69
2 71
2 72
2 74
2 77
2 78
3 4
3 9
3 25
3 26
3 33
3 34
3 38
3 39
3 44
3 45
3 47
3 48
3 55
3 56
3 63
3 68
3 72
3 74
3 79
4 9
4 12
4 14
4 17
4 20
4 23
4 31
4 37
4 40
4 42
4 43
4 44
4 46
4 57
4 60
4 61
4 62
4 64
4 66
4 67
4 68
4 69
5 7
5 8
5 13
5 14
5 16
5 25
5 27
5 32
5 38
5 39
5 41
5 46
5 47
5 50
5 51
5 55
5 56
6 8
6 9
6 12
6 15
6 16
6 17
6 19
6 21
6 23
6 24
6 25
6 29
6 30
6 36
6 41
6 42
6 44
6 50
6 54
6 55
6 56
6 57
6 60
6 63
6 64
6 80
7 12
7 22
7 23
7 24
7 27
7 36
7 39
7 40
7 44
7 45
7 52
7 60
7 62
7 66
7 67
7 68
7 71
7 73
7 75
7 76
8 13
8 19
8 23
8 26
8 27
8 32
8 35
8 38
8 39
8 41
8 42
8 43
8 45
8 46
8 49
8 52
8 53
8 57
8 63
8 67
8 68
8 73
8 76
8 77
9 15
9 16
9 20
9 23
9 25
9 26
9 27
9 37
9 42
9 46
9 48
9 49
9 53
9 55
9 57
9 59
9 63
9 65
9 66
9 67
9 68
9 71
9 73
9 74
9 79
10 12
10 13
10 16
10 17
10 25
10 27
10 29
10 31
10 32
10 38
10 50
10 52
10 54
10 55
10 56
10 57
10 58
10 59
10 67
10 70
10 72
10 76
10 77
10 78
10 80
11 15
11 19
11 21
11 23
11 25
11 26
11 28
11 37
11 42
11 46
11 53
11 56
11 59
11 62
11 65
11 66
11 70
11 72
11 73
11 74
11 76
11 78
12 16
12 19
12 21
12 24
12 34
12 37
12 41
12 44
12 45
12 52
12 53
12 56
12 57
12 58
12 61
12 65
12 69
12 71
12 79
13 17
13 22
13 25
13 26
13 30
13 31
13 32
13 33
13 35
13 37
13 48
13 51
13 52
13 53
13 56
13 59
13 61
13 63
13 67
13 68
13 69
13 71
13 72
13 76
13 77
14 31
14 40
14 50
14 54
14 57
14 58
14 61
14 66
14 67
14 69
15 20
15 23
15 27
15 28
15 33
15 37
15 41
15 43
15 47
15 53
15 58
15 65
15 67
15 70
15 71
15 73
15 77
15 79
16 20
16 21
16 26
16 30
16 33
16 34
16 35
16 37
16 38
16 42
16 50
16 51
16 54
16 55
16 56
16 57
16 66
16 74
16 80
17 19
17 20
17 22
17 23
17 25
17 28
17 29
17 36
17 38
17 39
17 50
17 51
17 54
17 62
17 63
17 67
17 69
17 71
17 72
18 21
18 22
18 24
18 26
18 27
18 29
18 36
18 37
18 40
18 41
18 42
18 46
18 47
18 48
18 49
18 50
18 51
18 53
18 56
18 59
18 60
18 64
18 65
18 66
18 67
18 69
18 72
18 73
18 75
19 22
19 23
19 27
19 29
19 31
19 32
19 36
19 38
19 39
19 51
19 52
19 53
19 57
19 59
19 64
19 68
19 71
19 73
19 78
19 79
19 80
20 28
20 35
20 37
20 42
20 50
20 52
20 54
20 56
20 58
20 62
20 66
20 77
20 78
21 22
21 24
21 26
21 30
21 31
21 34
21 43
21 52
21 57
21 58
21 62
21 64
21 68
22 28
22 29
22 31
22 32
22 34
22 40
22 42
22 45
22 47
22 48
22 50
22 52
22 57
22 58
22 61
22 63
22 70
22 74
22 76
22 78
23 30
23 37
23 39
23 41
23 50
23 55
23 59
23 60
23 63
23 68
23 73
23 75
23 80
24 26
24 31
24 32
24 38
24 44
24 45
24 46
24 47
24 51
24 53
24 55
24 66
24 70
24 74
24 76
24 78
24 79
25 26
25 27
25 28
25 29
25 30
25 34
25 35
25 41
25 46
25 51
25 53
25 56
25 59
25 62
25 63
25 65
25 71
25 74
25 78
26 32
26 36
26 38
26 40
26 43
26 46
26 48
26 57
26 58
26 61
26 63
26 67
26 69
26 73
26 76
27 31
27 35
27 39
27 41
27 44
27 48
27 50
27 60
27 66
27 68
27 69
27 71
27 72
27 78
27 80
28 31
28 38
28 39
28 40
28 42
28 43
28 44
28 45
28 47
28 56
28 57
28 59
28 64
28 65
28 75
28 76
28 78
28 80
29 33
29 34
29 36
29 38
29 40
29 42
29 45
29 52
29 54
29 58
29 59
29 60
29 61
29 62
29 63
29 66
29 71
29 75
29 78
30 43
30 44
30 52
30 53
30 58
30 59
30 63
30 69
30 71
30 74
30 75
30 76
31 34
31 35
31 48
31 51
31 53
31 56
31 57
31 59
31 60
31 61
31 66
31 75
31 80
32 36
32 39
32 41
32 50
32 55
32 56
32 57
32 58
32 61
32 62
32 65
32 68
32 72
32 80
33 35
33 55
33 57
33 58
33 62
33 70
33 72
33 75
33 77
33 78
33 79
33 80
34 38
34 40
34 50
34 51
34 53
34 54
34 59
34 61
34 62
34 64
34 66
34 68
34 69
34 71
34 75
34 78
35 41
35 49
35 51
35 57
35 65
35 67
35 69
35 73
35 74
35 75
35 76
36 41
36 48
36 50
36 53
36 54
36 56
36 66
36 68
36 69
36 72
36 77
36 78
36 79
37 38
37 40
37 43
37 44
37 48
37 49
37 55
37 61
37 65
37 69
37 73
37 78
38 39
38 42
38 43
38 50
38 53
38 55
38 58
38 59
38 62
38 63
38 65
38 68
38 71
38 72
38 73
38 77
38 79
38 80
39 42
39 44
39 45
39 47
39 49
39 51
39 52
39 53
39 54
39 60
39 62
39 69
39 76
39 80
40 41
40 52
40 54
40 60
40 74
40 79
40 80
41 42
41 47
41 50
41 55
41 57
41 63
41 67
41 71
41 73
41 74
41 75
41 76
41 77
41 78
41 79
41 80
42 47
42 48
42 50
42 55
42 60
42 66
42 72
42 75
42 80
43 48
43 49
43 54
43 56
43 58
43 65
43 66
43 72
43 79
43 80
44 47
44 49
44 50
44 60
44 61
44 64
44 65
44 67
44 70
44 72
44 73
44 75
44 80
45 47
45 51
45 54
45 55
45 57
45 62
45 65
45 72
45 75
46 48
46 50
46 51
46 52
46 57
46 63
46 64
46 65
46 67
46 69
46 72
46 79
47 56
47 60
47 70
47 78
47 79
48 53
48 56
48 60
48 61
48 65
48 72
48 74
48 78
48 79
48 80
49 52
49 53
49 54
49 62
49 64
49 67
49 68
49 71
49 74
49 80
50 58
50 64
50 66
50 70
50 79
50 80
51 59
51 63
51 65
51 66
51 68
51 69
51 76
51 77
51 78
52 56
52 57
52 58
52 64
52 67
52 69
52 74
52 75
52 78
52 79
53 57
53 59
53 60
53 64
53 66
53 67
53 71
53 73
53 75
54 55
54 58
54 65
54 66
54 67
54 68
54 70
54 71
54 72
54 79
54 80
55 59
55 60
55 62
55 63
55 70
55 71
55 80
56 59
56 64
56 66
56 68
56 71
56 74
56 77
57 60
57 63
57 64
57 68
57 69
57 71
57 72
57 73
57 77
57 78
58 62
58 69
58 70
58 80
59 67
59 69
59 71
59 73
59 79
59 80
60 63
60 66
60 72
60 79
60 80
61 67
61 68
61 76
61 77
61 78
62 73
62 74
62 76
62 77
62 78
63 64
63 65
63 68
63 69
63 74
63 75
63 77
63 78
63 79
64 67
64 69
64 70
64 72
65 70
65 73
65 78
65 80
66 69
66 71
66 73
66 78
66 79
67 77
67 80
68 71
68 75
68 76
68 78
69 73
69 74
70 71
70 73
70 76
70 77
70 78
71 75
71 77
72 75
73 74
73 77
74 77
74 78
74 79
74 80
75 80
76 77
76 79
76 80
77 80
