c random_80_316
80 316
1 20
1 24
1 32
1 41
1 47
1 51
1 69
1 73
1 75
1 80
2 14
2 16
2 18
2 40
2 57
2 59
2 62
2 63
2 70
2 77
3 4
3 13
3 16
3 20
3 22
3 32
3 33
3 34
3 40
3 44
3 56
4 15
4 29
4 36
4 39
4 45
4 48
4 80
5 9
5 30
5 35
5 52
5 62
5 66
5 70
6 7
6 15
6 25
6 27
6 39
6 40
6 42
6 47
6 64
6 70
6 79
7 18
7 23
7 53
7 64
7 66
8 15
8 29
8 42
8 43
8 57
8 62
9 11
9 12
9 15
9 17
9 23
9 26
9 41
9 44
9 57
9 72
9 79
9 80
10 17
10 19
10 28
10 29
10 58
10 59
10 62
10 76
11 16
11 26
11 29
11 40
11 41
11 59
11 64
12 15
12 29
12 63
12 66
12 69
12 79
13 39
13 57
13 61
13 64
13 79
14 48
14 55
14 67
14 68
14 75
15 18
15 32
15 49
15 65
15 79
16 18
16 32
16 37
16 40
16 44
16 56
16 62
16 63
16 66
17 22
17 23
17 24
17 28
17 34
17 38
17 39
17 51
17 60
17 72
17 76
18 44
18 58
19 30
19 48
19 57
19 69
20 64
20 77
21 25
21 30
21 31
21 54
21 70
23 26
23 28
23 30
23 35
23 64
23 67
23 69
24 27
24 28
24 36
24 45
24 53
25 29
25 39
25 46
25 61
25 75
26 29
26 44
26 54
26 67
26 75
26 79
27 34
27 40
27 53
27 54
27 68
27 74
27 75
27 79
27 80
28 29
28 40
28 41
28 69
28 71
29 40
29 58
29 62
29 73
29 80
30 37
30 58
30 64
30 65
30 68
31 48
31 49
31 53
31 69
32 42
32 56
32 57
32 64
32 80
33 40
33 45
33 57
33 60
33 71
33 76
34 41
34 55
34 56
34 61
34 65
34 69
35 38
35 40
35 43
35 58
35 70
36 43
36 59
36 61
36 70
36 76
37 63
37 71
38 50
38 57
38 64
38 71
38 77
38 79
39 40
39 54
39 67
39 71
40 42
40 54
40 59
40 63
40 64
40 80
41 51
41 64
41 67
41 68
42 53
42 58
42 65
42 79
43 57
43 59
43 60
43 68
43 72
43 78
44 48
44 59
44 64
44 68
44 70
44 72
45 55
45 64
45 65
46 75
46 79
47 59
47 64
47 69
47 79
48 58
48 73
49 53
49 64
49 66
49 71
49 76
50 56
50 76
50 78
51 52
51 66
51 70
51 76
52 59
53 61
54 67
54 73
55 60
55 66
56 61
56 64
56 78
57 63
57 79
58 63
59 63
59 72
59 73
60 75
61 75
61 80
63 68
64 68
65 66
65 69
65 76
68 69
69 76
69 79
70 79
71 77
72 76
