LINE 15
DIMENSOES 100 4455
N cortes 1
Found feasible solution after 0.00 sec.  Objective = 0.0000
Clique table members: 610.
MIP emphasis: balance optimality and feasibility.
MIP search method: traditional branch-and-cut.
Parallel mode: none, using 1 thread.
Root relaxation solution time =    0.03 sec.

        Nodes                                         Cuts/
   Node  Left     Objective  IInf  Best Integer    Best Bound    ItCnt     Gap         Variable B NodeID Parent  Depth

*     0+    0                            0.0000                    435     --- 
*     0+    0                            5.0000                    435     --- 
*     0+    0                            7.0000                    435     --- 
      0     0       13.4134   102        7.0000       13.4134      435   91.62%
      0     0       13.1730   102        7.0000       User: 4      538   88.19%
      0     0       12.9193    94        7.0000       User: 4      675   84.56%
      0     0       12.7418   110        7.0000       User: 4      804   82.03%
      0     0       12.5985   108        7.0000       User: 4      912   79.98%
      0     0       12.4651   110        7.0000       User: 4     1094   78.07%
      0     0       12.3542   114        7.0000       User: 4     1251   76.49%
      0     0       12.2736   106        7.0000       User: 4     1386   75.34%
      0     0       12.2256   108        7.0000       User: 4     1485   74.65%
      0     0       12.1768   114        7.0000       User: 4     1579   73.95%
      0     0       12.1538   112        7.0000       User: 4     1637   73.63%
      0     0       12.1405   118        7.0000       User: 4     1688   73.44%
      0     0       12.1023   126        7.0000       User: 4     1781   72.89%
      0     0       12.0424   126        7.0000       User: 4     1894   72.03%
      0     0       12.0131   124        7.0000       User: 4     1987   71.62%
      0     0       11.9896   124        7.0000       User: 4     2071   71.28%
      0     0       11.9644   126        7.0000       User: 4     2155   70.92%
      0     0       11.9321   132        7.0000       User: 4     2245   70.46%
      0     0       11.9223   130        7.0000       User: 4     2312   70.32%
      0     0       11.9063   132        7.0000       User: 4     2386   70.09%
      0     0       11.8935   134        7.0000       User: 4     2459   69.91%
      0     0       11.8610   128        7.0000       User: 4     2588   69.44%
      0     0       11.8229   134        7.0000       User: 4     2692   68.90%
      0     0       11.7989   129        7.0000       User: 4     2753   68.56%
      0     0       11.7627   126        7.0000       User: 4     2849   68.04%
      0     0       11.7368   130        7.0000       User: 4     2938   67.67%
      0     0       11.7040   126        7.0000       User: 4     3035   67.20%
      0     0       11.6834   122        7.0000       User: 4     3137   66.91%
      0     0       11.6662   125        7.0000       User: 4     3221   66.66%
      0     0       11.6424   131        7.0000       User: 4     3303   66.32%
      0     0       11.6210   133        7.0000       User: 4     3382   66.01%
      0     0       11.6111   131        7.0000       User: 4     3437   65.87%
      0     0       11.5758   126        7.0000       User: 4     3535   65.37%
      0     0       11.5352   125        7.0000       User: 4     3608   64.79%
      0     0       11.5091   131        7.0000       User: 4     3698   64.42%
      0     0       11.4769   138        7.0000       User: 4     3782   63.96%
      0     0       11.4478   134        7.0000       User: 4     3861   63.54%
      0     0       11.4175   129        7.0000       User: 4     3932   63.11%
      0     0       11.3711   135        7.0000       User: 4     4023   62.44%
      0     0       11.3475   134        7.0000       User: 4     4093   62.11%
      0     0       11.3190   135        7.0000       User: 4     4163   61.70%
      0     0       11.3071   135        7.0000       User: 4     4214   61.53%
      0     0       11.2858   135        7.0000       User: 4     4279   61.23%
      0     0       11.2689   132        7.0000       User: 4     4335   60.98%
      0     0       11.2521   130        7.0000       User: 4     4387   60.74%
      0     0       11.2399   132        7.0000       User: 4     4440   60.57%
      0     0       11.2240   133        7.0000       User: 4     4494   60.34%
      0     0       11.2056   133        7.0000       User: 4     4541   60.08%
      0     0       11.1950   136        7.0000       User: 4     4586   59.93%
      0     0       11.1849   137        7.0000       User: 4     4638   59.78%
      0     0       11.1773   139        7.0000       User: 4     4675   59.68%
      0     0       11.1668   142        7.0000       User: 4     4714   59.53%
      0     0       11.1413   142        7.0000       User: 4     4790   59.16%
      0     0       11.1125   140        7.0000       User: 4     4864   58.75%
      0     0       11.0853   143        7.0000       User: 4     4943   58.36%
      0     0       11.0699   145        7.0000       User: 4     4997   58.14%
      0     0       11.0401   141        7.0000       User: 4     5070   57.72%
      0     0       11.0156   144        7.0000       User: 4     5135   57.37%
      0     0       11.0049   141        7.0000       User: 4     5177   57.21%
      0     0       10.9958   140        7.0000       User: 4     5222   57.08%
*     0+    0                            8.0000       10.9958     5222   37.45%
      0     0       10.9906   145        8.0000       User: 4     5262   37.38%
      0     0       10.9807   147        8.0000       User: 4     5302   37.26%
      0     0       10.9717   143        8.0000       User: 4     5358   37.15%
      0     0       10.9584   150        8.0000       User: 4     5400   36.98%
      0     0       10.9511   144        8.0000       User: 4     5449   36.89%
      0     0       10.9391   148        8.0000       User: 4     5518   36.74%
      0     0       10.9354   150        8.0000       User: 4     5550   36.69%
      0     0       10.9300   150        8.0000       User: 4     5602   36.63%
      0     0       10.9255   146        8.0000       User: 4     5647   36.57%
      0     0       10.9220   152        8.0000       User: 4     5685   36.52%
      0     0       10.9135   150        8.0000       User: 4     5751   36.42%
      0     0       10.9019   151        8.0000       User: 4     5805   36.27%
      0     0       10.8863   155        8.0000       User: 4     5884   36.08%
      0     0       10.8737   157        8.0000       User: 4     5933   35.92%
      0     0       10.8541   158        8.0000       User: 4     6005   35.68%
      0     0       10.8465   157        8.0000       User: 4     6043   35.58%
      0     0       10.8321   155        8.0000       User: 4     6103   35.40%
      0     0       10.8186   154        8.0000       User: 4     6162   35.23%
      0     0       10.8090   161        8.0000       User: 4     6220   35.11%
      0     0       10.7962   152        8.0000       User: 4     6284   34.95%
      0     0       10.7802   155        8.0000       User: 4     6355   34.75%
      0     0       10.7547   150        8.0000       User: 4     6427   34.43%
      0     0       10.7410   151        8.0000       User: 4     6477   34.26%
      0     0       10.7224   153        8.0000       User: 4     6540   34.03%
      0     0       10.6967   152        8.0000       User: 4     6604   33.71%
      0     0       10.6911   157        8.0000       User: 4     6651   33.64%
      0     0       10.6826   154        8.0000       User: 4     6688   33.53%
      0     0       10.6744   153        8.0000       User: 4     6732   33.43%
      0     0       10.6604   151        8.0000       User: 4     6795   33.25%
      0     0       10.6466   153        8.0000       User: 4     6859   33.08%
      0     0       10.6309   160        8.0000       User: 4     6919   32.89%
      0     0       10.6142   154        8.0000       User: 4     6990   32.68%
      0     0       10.5963   155        8.0000       User: 4     7050   32.45%
      0     0       10.5845   148        8.0000       User: 4     7107   32.31%
      0     0       10.5724   152        8.0000       User: 4     7172   32.15%
      0     0       10.5589   155        8.0000       User: 4     7232   31.99%
      0     0       10.5488   155        8.0000       User: 4     7292   31.86%
      0     0       10.5406   155        8.0000       User: 4     7344   31.76%
      0     0       10.5338   159        8.0000       User: 4     7386   31.67%
      0     0       10.5237   158        8.0000       User: 4     7437   31.55%
      0     0       10.5075   162        8.0000       User: 4     7496   31.34%
      0     0       10.4906   156        8.0000       User: 4     7554   31.13%
      0     0       10.4820   161        8.0000       User: 4     7605   31.02%
      0     0       10.4734   154        8.0000       User: 4     7676   30.92%
      0     0       10.4654   154        8.0000       User: 4     7723   30.82%
      0     0       10.4610   154        8.0000       User: 4     7769   30.76%
      0     0       10.4538   155        8.0000       User: 4     7817   30.67%
      0     0       10.4349   157        8.0000       User: 4     7861   30.44%
      0     0       10.4239   155        8.0000       User: 4     7914   30.30%
      0     0       10.4169   156        8.0000       User: 4     7955   30.21%
      0     0       10.4078   158        8.0000       User: 4     8011   30.10%
      0     0       10.4020   158        8.0000       User: 4     8066   30.02%
      0     0       10.3951   158        8.0000       User: 4     8114   29.94%
      0     0       10.3861   159        8.0000       User: 4     8168   29.83%
      0     0       10.3840   163        8.0000       User: 4     8202   29.80%
      0     0       10.3804   163        8.0000       User: 4     8249   29.75%
      0     0       10.3744   165        8.0000       User: 4     8308   29.68%
      0     0       10.3647   159        8.0000       User: 4     8371   29.56%
      0     0       10.3561   158        8.0000       User: 4     8420   29.45%
      0     0       10.3492   156        8.0000       User: 4     8473   29.37%
      0     0       10.3434   162        8.0000       User: 4     8523   29.29%
      0     0       10.3388   163        8.0000       User: 4     8571   29.24%
      0     0       10.3283   163        8.0000       User: 4     8646   29.10%
      0     0       10.3201   164        8.0000       User: 4     8701   29.00%
      0     0       10.3132   169        8.0000       User: 4     8763   28.91%
      0     0       10.3080   165        8.0000       User: 4     8794   28.85%
      0     0       10.3012   162        8.0000       User: 4     8853   28.76%
      0     0       10.2916   163        8.0000       User: 4     8929   28.65%
      0     0       10.2812   165        8.0000       User: 4     8981   28.51%
      0     0       10.2750   170        8.0000       User: 4     9027   28.44%
      0     0       10.2666   165        8.0000       User: 4     9075   28.33%
      0     0       10.2574   168        8.0000       User: 4     9129   28.22%
      0     0       10.2449   160        8.0000       User: 4     9217   28.06%
      0     0       10.2312   161        8.0000       User: 4     9292   27.89%
      0     0       10.2286   161        8.0000       User: 4     9338   27.86%
      0     0       10.2234   164        8.0000       User: 4     9396   27.79%
      0     0       10.2180   165        8.0000       User: 4     9451   27.72%
      0     0       10.2104   169        8.0000       User: 4     9514   27.63%
      0     0       10.2025   167        8.0000       User: 4     9581   27.53%
      0     0       10.1941   171        8.0000       User: 4     9636   27.43%
      0     0       10.1894   166        8.0000       User: 4     9689   27.37%
      0     0       10.1797   174        8.0000       User: 4     9741   27.25%
      0     0       10.1698   171        8.0000       User: 4     9806   27.12%
      0     0       10.1616   174        8.0000       User: 4     9860   27.02%
      0     0       10.1502   173        8.0000       User: 4     9917   26.88%
      0     0       10.1357   170        8.0000       User: 4     9988   26.70%
      0     0       10.1222   168        8.0000       User: 4    10061   26.53%
      0     0       10.1070   169        8.0000       User: 4    10128   26.34%
      0     0       10.0972   173        8.0000       User: 4    10191   26.22%
      0     0       10.0789   169        8.0000       User: 4    10279   25.99%
      0     0       10.0678   171        8.0000       User: 4    10338   25.85%
      0     0       10.0582   172        8.0000       User: 4    10391   25.73%
      0     0       10.0505   167        8.0000       User: 4    10455   25.63%
      0     0       10.0469   168        8.0000       User: 4    10500   25.59%
      0     0       10.0445   167        8.0000       User: 4    10542   25.56%
      0     0       10.0377   164        8.0000       User: 4    10605   25.47%
      0     0       10.0313   162        8.0000       User: 4    10665   25.39%
      0     0       10.0259   169        8.0000       User: 4    10718   25.32%
      0     0       10.0201   164        8.0000       User: 4    10761   25.25%
      0     0       10.0090   168        8.0000       User: 4    10830   25.11%
      0     0       10.0015   162        8.0000       User: 4    10882   25.02%
      0     0        9.9956   161        8.0000       User: 4    10940   24.95%
      0     0        9.9876   160        8.0000       User: 4    10986   24.84%
      0     0        9.9853   163        8.0000       User: 4    11020   24.82%
      0     0        9.9804   166        8.0000       User: 4    11076   24.76%
      0     0        9.9743   170        8.0000       User: 4    11141   24.68%
      0     0        9.9638   167        8.0000       User: 4    11217   24.55%
      0     0        9.9570   169        8.0000       User: 4    11279   24.46%
      0     0        9.9507   176        8.0000       User: 4    11350   24.38%
      0     0        9.9392   171        8.0000       User: 4    11416   24.24%
      0     0        9.9312   171        8.0000       User: 4    11485   24.14%
      0     0        9.9262   170        8.0000       User: 4    11526   24.08%
      0     0        9.9229   171        8.0000       User: 4    11567   24.04%
      0     0        9.9211   174        8.0000       User: 4    11602   24.01%
      0     0        9.9179   179        8.0000       User: 4    11640   23.97%
      0     0        9.9126   169        8.0000       User: 4    11695   23.91%
      0     0        9.9095   170        8.0000       User: 4    11740   23.87%
      0     0        9.9060   178        8.0000       User: 4    11794   23.82%
      0     0        9.9036   176        8.0000       User: 4    11836   23.80%
      0     0        9.9018   177        8.0000       User: 4    11880   23.77%
      0     0        9.8967   175        8.0000       User: 4    11944   23.71%
      0     0        9.8890   178        8.0000       User: 4    12002   23.61%
      0     0        9.8811   174        8.0000       User: 4    12051   23.51%
      0     0        9.8723   176        8.0000       User: 4    12109   23.40%
      0     0        9.8696   173        8.0000       User: 4    12147   23.37%
      0     0        9.8630   173        8.0000       User: 4    12201   23.29%
      0     0        9.8579   177        8.0000       User: 4    12244   23.22%
      0     0        9.8540   173        8.0000       User: 4    12293   23.18%
      0     0        9.8456   175        8.0000       User: 4    12356   23.07%
      0     0        9.8401   174        8.0000       User: 4    12406   23.00%
      0     0        9.8343   175        8.0000       User: 4    12446   22.93%
      0     0        9.8212   168        8.0000       User: 4    12513   22.77%
      0     0        9.8154   173        8.0000       User: 4    12562   22.69%
      0     0        9.8112   170        8.0000       User: 4    12608   22.64%
      0     0        9.8042   170        8.0000       User: 4    12672   22.55%
      0     0        9.7993   171        8.0000       User: 4    12722   22.49%
      0     0        9.7939   173        8.0000       User: 4    12774   22.42%
      0     0        9.7889   173        8.0000       User: 4    12829   22.36%
      0     0        9.7804   176        8.0000       User: 4    12899   22.25%
      0     0        9.7700   173        8.0000       User: 4    12982   22.12%
      0     0        9.7674   170        8.0000       User: 4    13014   22.09%
      0     0        9.7637   179        8.0000       User: 4    13054   22.05%
      0     0        9.7594   177        8.0000       User: 4    13098   21.99%
      0     0        9.7484   177        8.0000       User: 4    13154   21.86%
      0     0        9.7454   179        8.0000       User: 4    13193   21.82%
      0     0        9.7383   177        8.0000       User: 4    13256   21.73%
      0     0        9.7341   180        8.0000       User: 4    13301   21.68%
      0     0        9.7213   176        8.0000       User: 4    13375   21.52%
      0     0        9.7183   173        8.0000       User: 4    13413   21.48%
      0     0        9.7107   178        8.0000       User: 4    13463   21.38%
      0     0        9.7020   176        8.0000       User: 4    13516   21.27%
      0     0        9.6925   171        8.0000       User: 4    13578   21.16%
      0     0        9.6912   175        8.0000       User: 4    13614   21.14%
      0     0        9.6837   174        8.0000       User: 4    13682   21.05%
      0     0        9.6784   174        8.0000       User: 4    13732   20.98%
      0     0        9.6740   175        8.0000       User: 4    13779   20.93%
      0     0        9.6719   178        8.0000       User: 4    13805   20.90%
      0     0        9.6676   173        8.0000       User: 4    13861   20.84%
      0     0        9.6596   173        8.0000       User: 4    13927   20.75%
      0     0        9.6576   178        8.0000       User: 4    13964   20.72%
      0     0        9.6533   176        8.0000       User: 4    14021   20.67%
      0     0        9.6479   173        8.0000       User: 4    14079   20.60%
      0     0        9.6376   176        8.0000       User: 4    14148   20.47%
      0     0        9.6333   173        8.0000       User: 4    14203   20.42%
      0     0        9.6282   173        8.0000       User: 4    14252   20.35%
      0     0        9.6243   180        8.0000       User: 4    14302   20.30%
      0     0        9.6215   178        8.0000       User: 4    14344   20.27%
      0     0        9.6164   178        8.0000       User: 4    14398   20.20%
      0     0        9.6069   175        8.0000       User: 4    14485   20.09%
      0     0        9.6027   173        8.0000       User: 4    14536   20.03%
      0     0        9.5969   171        8.0000       User: 4    14584   19.96%
      0     0        9.5957   170        8.0000       User: 4    14612   19.95%
      0     0        9.5944   172        8.0000       User: 4    14645   19.93%
      0     0        9.5876   171        8.0000       User: 4    14701   19.84%
      0     0        9.5852   171        8.0000       User: 4    14751   19.81%
      0     0        9.5821   178        8.0000       User: 4    14800   19.78%
      0     0        9.5792   180        8.0000       User: 4    14841   19.74%
      0     0        9.5767   177        8.0000       User: 4    14889   19.71%
      0     0        9.5698   175        8.0000       User: 4    14960   19.62%
      0     0        9.5601   172        8.0000       User: 4    15022   19.50%
      0     0        9.5578   177        8.0000       User: 4    15065   19.47%
      0     0        9.5557   176        8.0000       User: 4    15103   19.45%
      0     0        9.5529   180        8.0000       User: 4    15144   19.41%
      0     0        cutoff              8.0000        8.0000    15184    0.00%                        0             0
Elapsed real time =  12.63 sec. (tree size =  0.00 MB, solutions = 4)

User cuts applied:  972

Root node processing (before b&c):
  Real time             =   12.63
Sequential b&c:
  Real time             =    0.00
                          -------
Total (root+branch&cut) =   12.63 sec.
Solution status = Optimal
Solution value  = 8
GAP             = 0%
Heuristica 1 : 183
Heuristica 2 : 60
A = [ 1 0 0 0 1 0 0 0 0 0 0 0 0 0 0 0 0 0 0 0 0 0 0 0 0 0 0 0 0 0 0 0 0 0 0 0 0 0 0 0 0 0 0 0 0 0 0 0 0 0 0 0 0 0 0 0 0 0 0 0 0 0 0 0 0 0 0 0 0 0 0 0 0 0 0 0 0 0 0 1 0 0 0 0 0 0 0 0 0 0 1 0 0 0 0 0 0 0 0 0 ]
B = [ 0 0 0 0 0 0 0 0 0 0 0 0 0 0 0 1 0 0 0 0 0 0 0 0 0 0 0 0 0 0 0 0 0 0 0 0 0 0 0 0 0 0 0 0 0 0 0 0 0 0 1 0 0 0 0 0 0 0 0 1 0 0 0 0 0 0 0 0 0 0 0 0 0 0 0 0 0 0 0 0 0 0 0 0 0 0 0 0 0 0 0 0 0 1 0 0 0 0 0 0 ]
