LINE 15
DIMENSOES 100 4455
N cortes 1
Found feasible solution after 0.00 sec.  Objective = 0.0000
Clique table members: 602.
MIP emphasis: balance optimality and feasibility.
MIP search method: traditional branch-and-cut.
Parallel mode: none, using 1 thread.
Root relaxation solution time =    0.02 sec.

        Nodes                                         Cuts/
   Node  Left     Objective  IInf  Best Integer    Best Bound    ItCnt     Gap         Variable B NodeID Parent  Depth

*     0+    0                            0.0000                    309     --- 
*     0+    0                            6.0000                    309     --- 
      0     0       13.4218   102        6.0000       13.4218      309  123.70%
      0     0       13.1141    98        6.0000       User: 4      411  118.57%
      0     0       12.6268    96        6.0000       User: 4      637  110.45%
      0     0       12.5013    86        6.0000       User: 4      733  108.36%
      0     0       12.3140   100        6.0000       User: 4      852  105.23%
      0     0       12.2407   100        6.0000       User: 4      934  104.01%
      0     0       12.0807   101        6.0000       User: 4     1068  101.35%
      0     0       11.9194   102        6.0000       User: 4     1166   98.66%
      0     0       11.8771    97        6.0000       User: 4     1227   97.95%
      0     0       11.7847    99        6.0000       User: 4     1310   96.41%
      0     0       11.7499   101        6.0000       User: 4     1369   95.83%
      0     0       11.7044   106        6.0000       User: 4     1428   95.07%
      0     0       11.6667   108        6.0000       User: 4     1490   94.45%
*     0+    0                            8.0000       11.6667     1490   45.83%
      0     0       11.6384   106        8.0000       User: 4     1552   45.48%
      0     0       11.6183   109        8.0000       User: 4     1615   45.23%
      0     0       11.5813   111        8.0000       User: 4     1676   44.77%
      0     0       11.5647   112        8.0000       User: 4     1726   44.56%
      0     0       11.5412   113        8.0000       User: 4     1775   44.26%
      0     0       11.5247   117        8.0000       User: 4     1826   44.06%
      0     0       11.5062   119        8.0000       User: 4     1883   43.83%
      0     0       11.4938   120        8.0000       User: 4     1932   43.67%
      0     0       11.4797   123        8.0000       User: 4     1998   43.50%
      0     0       11.4567   124        8.0000       User: 4     2065   43.21%
      0     0       11.4417   126        8.0000       User: 4     2119   43.02%
      0     0       11.4285   120        8.0000       User: 4     2179   42.86%
      0     0       11.4189   121        8.0000       User: 4     2228   42.74%
      0     0       11.4040   128        8.0000       User: 4     2304   42.55%
      0     0       11.3933   131        8.0000       User: 4     2368   42.42%
      0     0       11.3791   130        8.0000       User: 4     2437   42.24%
      0     0       11.3613   123        8.0000       User: 4     2498   42.02%
      0     0       11.3446   126        8.0000       User: 4     2559   41.81%
      0     0       11.3287   129        8.0000       User: 4     2637   41.61%
      0     0       11.3086   130        8.0000       User: 4     2692   41.36%
      0     0       11.2921   132        8.0000       User: 4     2763   41.15%
      0     0       11.2753   132        8.0000       User: 4     2822   40.94%
      0     0       11.2568   126        8.0000       User: 4     2887   40.71%
      0     0       11.2369   131        8.0000       User: 4     2943   40.46%
      0     0       11.2207   134        8.0000       User: 4     3009   40.26%
      0     0       11.1987   130        8.0000       User: 4     3075   39.98%
      0     0       11.1832   132        8.0000       User: 4     3130   39.79%
      0     0       11.1707   136        8.0000       User: 4     3188   39.63%
      0     0       11.1562   134        8.0000       User: 4     3265   39.45%
      0     0       11.1351   138        8.0000       User: 4     3330   39.19%
      0     0       11.1198   136        8.0000       User: 4     3399   39.00%
      0     0       11.1016   139        8.0000       User: 4     3472   38.77%
      0     0       11.0819   131        8.0000       User: 4     3570   38.52%
      0     0       11.0690   137        8.0000       User: 4     3637   38.36%
      0     0       11.0552   136        8.0000       User: 4     3688   38.19%
      0     0       11.0400   141        8.0000       User: 4     3749   38.00%
      0     0       11.0205   139        8.0000       User: 4     3799   37.76%
      0     0       11.0077   141        8.0000       User: 4     3858   37.60%
      0     0       10.9769   143        8.0000       User: 4     3938   37.21%
      0     0       10.9544   139        8.0000       User: 4     3985   36.93%
      0     0       10.9464   142        8.0000       User: 4     4034   36.83%
      0     0       10.9267   137        8.0000       User: 4     4103   36.58%
      0     0       10.9072   138        8.0000       User: 4     4177   36.34%
      0     0       10.8815   141        8.0000       User: 4     4264   36.02%
      0     0       10.8600   140        8.0000       User: 4     4325   35.75%
      0     0       10.8334   140        8.0000       User: 4     4391   35.42%
      0     0       10.8242   134        8.0000       User: 4     4447   35.30%
      0     0       10.8012   136        8.0000       User: 4     4506   35.02%
      0     0       10.7606   138        8.0000       User: 4     4617   34.51%
      0     0       10.7444   138        8.0000       User: 4     4688   34.31%
      0     0       10.7337   138        8.0000       User: 4     4761   34.17%
      0     0       10.7242   140        8.0000       User: 4     4818   34.05%
      0     0       10.7133   144        8.0000       User: 4     4882   33.92%
      0     0       10.7012   143        8.0000       User: 4     4947   33.76%
      0     0       10.6893   145        8.0000       User: 4     5015   33.62%
      0     0       10.6807   142        8.0000       User: 4     5088   33.51%
      0     0       10.6705   140        8.0000       User: 4     5161   33.38%
      0     0       10.6570   145        8.0000       User: 4     5225   33.21%
      0     0       10.6516   146        8.0000       User: 4     5276   33.15%
      0     0       10.6423   151        8.0000       User: 4     5344   33.03%
      0     0       10.6323   145        8.0000       User: 4     5412   32.90%
      0     0       10.6258   145        8.0000       User: 4     5464   32.82%
      0     0       10.6186   146        8.0000       User: 4     5526   32.73%
      0     0       10.6111   149        8.0000       User: 4     5611   32.64%
      0     0       10.6059   151        8.0000       User: 4     5669   32.57%
      0     0       10.5962   149        8.0000       User: 4     5748   32.45%
      0     0       10.5890   153        8.0000       User: 4     5805   32.36%
      0     0       10.5784   147        8.0000       User: 4     5863   32.23%
      0     0       10.5671   148        8.0000       User: 4     5913   32.09%
      0     0       10.5592   145        8.0000       User: 4     5973   31.99%
      0     0       10.5498   153        8.0000       User: 4     6017   31.87%
      0     0       10.5383   149        8.0000       User: 4     6076   31.73%
      0     0       10.5288   148        8.0000       User: 4     6137   31.61%
      0     0       10.5156   145        8.0000       User: 4     6201   31.45%
      0     0       10.5086   150        8.0000       User: 4     6246   31.36%
      0     0       10.5026   154        8.0000       User: 4     6295   31.28%
      0     0       10.4968   152        8.0000       User: 4     6355   31.21%
      0     0       10.4881   156        8.0000       User: 4     6416   31.10%
      0     0       10.4787   153        8.0000       User: 4     6482   30.98%
      0     0       10.4721   149        8.0000       User: 4     6554   30.90%
      0     0       10.4561   150        8.0000       User: 4     6631   30.70%
      0     0       10.4375   148        8.0000       User: 4     6706   30.47%
      0     0       10.4286   148        8.0000       User: 4     6761   30.36%
      0     0       10.4208   148        8.0000       User: 4     6820   30.26%
      0     0       10.4120   147        8.0000       User: 4     6872   30.15%
      0     0       10.3994   151        8.0000       User: 4     6935   29.99%
      0     0       10.3930   151        8.0000       User: 4     6987   29.91%
      0     0       10.3735   152        8.0000       User: 4     7064   29.67%
      0     0       10.3633   151        8.0000       User: 4     7130   29.54%
      0     0       10.3572   157        8.0000       User: 4     7189   29.46%
      0     0       10.3509   159        8.0000       User: 4     7264   29.39%
      0     0       10.3468   158        8.0000       User: 4     7308   29.33%
      0     0       10.3430   159        8.0000       User: 4     7364   29.29%
      0     0       10.3394   156        8.0000       User: 4     7412   29.24%
      0     0       10.3337   160        8.0000       User: 4     7472   29.17%
      0     0       10.3283   162        8.0000       User: 4     7507   29.10%
      0     0       10.3252   161        8.0000       User: 4     7557   29.06%
      0     0       10.3182   163        8.0000       User: 4     7616   28.98%
      0     0       10.3108   158        8.0000       User: 4     7675   28.89%
      0     0       10.3024   160        8.0000       User: 4     7728   28.78%
      0     0       10.2958   159        8.0000       User: 4     7792   28.70%
      0     0       10.2924   164        8.0000       User: 4     7843   28.65%
      0     0       10.2871   160        8.0000       User: 4     7904   28.59%
      0     0       10.2829   165        8.0000       User: 4     7956   28.54%
      0     0       10.2799   162        8.0000       User: 4     8006   28.50%
      0     0       10.2723   158        8.0000       User: 4     8077   28.40%
      0     0       10.2659   162        8.0000       User: 4     8132   28.32%
      0     0       10.2554   159        8.0000       User: 4     8211   28.19%
      0     0       10.2440   161        8.0000       User: 4     8272   28.05%
      0     0       10.2375   164        8.0000       User: 4     8327   27.97%
      0     0       10.2306   159        8.0000       User: 4     8380   27.88%
      0     0       10.2252   164        8.0000       User: 4     8428   27.81%
      0     0       10.2110   164        8.0000       User: 4     8513   27.64%
      0     0       10.2005   162        8.0000       User: 4     8578   27.51%
      0     0       10.1942   160        8.0000       User: 4     8625   27.43%
      0     0       10.1881   163        8.0000       User: 4     8670   27.35%
      0     0       10.1842   168        8.0000       User: 4     8723   27.30%
      0     0       10.1755   167        8.0000       User: 4     8780   27.19%
      0     0       10.1699   158        8.0000       User: 4     8832   27.12%
      0     0       10.1615   161        8.0000       User: 4     8873   27.02%
      0     0       10.1537   162        8.0000       User: 4     8913   26.92%
      0     0       10.1492   168        8.0000       User: 4     8956   26.86%
      0     0       10.1430   165        8.0000       User: 4     9023   26.79%
      0     0       10.1359   160        8.0000       User: 4     9081   26.70%
      0     0       10.1318   167        8.0000       User: 4     9134   26.65%
      0     0       10.1260   168        8.0000       User: 4     9185   26.58%
      0     0       10.1239   166        8.0000       User: 4     9215   26.55%
      0     0       10.1150   162        8.0000       User: 4     9277   26.44%
      0     0       10.1065   164        8.0000       User: 4     9337   26.33%
      0     0       10.1000   167        8.0000       User: 4     9393   26.25%
      0     0       10.0951   167        8.0000       User: 4     9426   26.19%
      0     0       10.0865   167        8.0000       User: 4     9473   26.08%
      0     0       10.0797   167        8.0000       User: 4     9534   26.00%
      0     0       10.0726   165        8.0000       User: 4     9593   25.91%
      0     0       10.0682   162        8.0000       User: 4     9646   25.85%
      0     0       10.0633   163        8.0000       User: 4     9701   25.79%
      0     0       10.0570   162        8.0000       User: 4     9764   25.71%
      0     0       10.0539   166        8.0000       User: 4     9822   25.67%
      0     0       10.0465   166        8.0000       User: 4     9881   25.58%
      0     0       10.0415   169        8.0000       User: 4     9932   25.52%
      0     0       10.0378   172        8.0000       User: 4     9976   25.47%
      0     0       10.0277   164        8.0000       User: 4    10051   25.35%
      0     0       10.0192   162        8.0000       User: 4    10127   25.24%
      0     0       10.0072   161        8.0000       User: 4    10224   25.09%
      0     0        9.9969   162        8.0000       User: 4    10300   24.96%
      0     0        9.9907   168        8.0000       User: 4    10356   24.88%
      0     0        9.9852   169        8.0000       User: 4    10418   24.82%
      0     0        9.9817   167        8.0000       User: 4    10474   24.77%
      0     0        9.9737   165        8.0000       User: 4    10546   24.67%
      0     0        9.9658   168        8.0000       User: 4    10603   24.57%
      0     0        9.9587   169        8.0000       User: 4    10660   24.48%
      0     0        9.9541   169        8.0000       User: 4    10699   24.43%
      0     0        9.9507   170        8.0000       User: 4    10739   24.38%
      0     0        9.9448   169        8.0000       User: 4    10802   24.31%
      0     0        9.9398   167        8.0000       User: 4    10852   24.25%
      0     0        9.9311   164        8.0000       User: 4    10944   24.14%
      0     0        9.9279   165        8.0000       User: 4    10990   24.10%
      0     0        9.9198   164        8.0000       User: 4    11051   24.00%
      0     0        9.9142   166        8.0000       User: 4    11098   23.93%
      0     0        9.9012   168        8.0000       User: 4    11169   23.77%
      0     0        9.8932   168        8.0000       User: 4    11228   23.67%
      0     0        9.8872   169        8.0000       User: 4    11282   23.59%
      0     0        9.8817   168        8.0000       User: 4    11328   23.52%
      0     0        9.8777   168        8.0000       User: 4    11365   23.47%
      0     0        9.8761   171        8.0000       User: 4    11394   23.45%
      0     0        9.8701   169        8.0000       User: 4    11439   23.38%
      0     0        9.8652   171        8.0000       User: 4    11492   23.31%
      0     0        9.8579   173        8.0000       User: 4    11568   23.22%
      0     0        9.8495   175        8.0000       User: 4    11622   23.12%
      0     0        9.8441   171        8.0000       User: 4    11672   23.05%
      0     0        9.8361   169        8.0000       User: 4    11729   22.95%
      0     0        9.8255   169        8.0000       User: 4    11808   22.82%
      0     0        9.8181   169        8.0000       User: 4    11857   22.73%
      0     0        9.8133   171        8.0000       User: 4    11906   22.67%
      0     0        9.8072   173        8.0000       User: 4    11956   22.59%
      0     0        9.8026   173        8.0000       User: 4    12012   22.53%
      0     0        9.7978   172        8.0000       User: 4    12056   22.47%
      0     0        9.7929   174        8.0000       User: 4    12104   22.41%
      0     0        9.7908   177        8.0000       User: 4    12140   22.39%
      0     0        9.7844   174        8.0000       User: 4    12188   22.30%
      0     0        9.7766   169        8.0000       User: 4    12241   22.21%
      0     0        9.7700   168        8.0000       User: 4    12293   22.13%
      0     0        9.7650   172        8.0000       User: 4    12342   22.06%
      0     0        9.7611   173        8.0000       User: 4    12399   22.01%
      0     0        9.7580   179        8.0000       User: 4    12450   21.98%
      0     0        9.7551   172        8.0000       User: 4    12498   21.94%
      0     0        9.7487   171        8.0000       User: 4    12569   21.86%
      0     0        9.7427   172        8.0000       User: 4    12637   21.78%
      0     0        9.7361   172        8.0000       User: 4    12709   21.70%
      0     0        9.7324   177        8.0000       User: 4    12782   21.65%
      0     0        9.7280   173        8.0000       User: 4    12838   21.60%
      0     0        9.7240   177        8.0000       User: 4    12889   21.55%
      0     0        9.7207   172        8.0000       User: 4    12941   21.51%
      0     0        9.7188   174        8.0000       User: 4    12981   21.48%
      0     0        9.7158   179        8.0000       User: 4    13042   21.45%
      0     0        9.7148   178        8.0000       User: 4    13070   21.43%
      0     0        9.7130   171        8.0000       User: 4    13108   21.41%
      0     0        9.7110   176        8.0000       User: 4    13152   21.39%
      0     0        9.7080   173        8.0000       User: 4    13211   21.35%
      0     0        9.7065   176        8.0000       User: 4    13242   21.33%
      0     0        9.7033   180        8.0000       User: 4    13294   21.29%
      0     0        9.6984   177        8.0000       User: 4    13347   21.23%
      0     0        9.6950   178        8.0000       User: 4    13400   21.19%
      0     0        9.6930   178        8.0000       User: 4    13443   21.16%
      0     0        9.6890   179        8.0000       User: 4    13497   21.11%
      0     0        9.6822   178        8.0000       User: 4    13557   21.03%
      0     0        9.6776   171        8.0000       User: 4    13611   20.97%
      0     0        9.6748   176        8.0000       User: 4    13662   20.94%
      0     0        9.6660   174        8.0000       User: 4    13719   20.82%
      0     0        9.6615   178        8.0000       User: 4    13761   20.77%
      0     0        9.6547   173        8.0000       User: 4    13818   20.68%
      0     0        9.6523   177        8.0000       User: 4    13855   20.65%
      0     0        9.6518   175        8.0000       User: 4    13876   20.65%
      0     0        9.6467   175        8.0000       User: 4    13919   20.58%
      0     0        9.6412   176        8.0000       User: 4    13983   20.51%
      0     0        9.6367   181        8.0000       User: 4    14031   20.46%
      0     0        9.6335   178        8.0000       User: 4    14083   20.42%
      0     0        9.6316   176        8.0000       User: 4    14120   20.40%
      0     0        9.6292   179        8.0000       User: 4    14159   20.36%
      0     0        cutoff              8.0000        8.0000    14189    0.00%                        0             0
Elapsed real time =  11.62 sec. (tree size =  0.00 MB, solutions = 3)

User cuts applied:  928

Root node processing (before b&c):
  Real time             =   11.62
Sequential b&c:
  Real time             =    0.00
                          -------
Total (root+branch&cut) =   11.62 sec.
Solution status = Optimal
Solution value  = 8
GAP             = 0%
Heuristica 1 : 170
Heuristica 2 : 62
A = [ 0 0 0 0 0 0 0 1 0 0 0 0 0 0 0 0 0 0 0 0 0 0 0 0 0 0 0 0 0 0 0 0 0 0 0 0 0 0 0 1 0 0 0 0 0 0 0 0 0 0 0 1 0 0 0 0 0 0 0 0 0 0 0 0 0 0 0 0 0 0 0 0 0 0 0 0 0 0 0 0 0 0 0 0 0 0 0 0 0 0 0 1 0 0 0 0 0 0 0 0 ]
B = [ 0 0 0 0 0 0 0 0 0 0 0 0 0 0 0 0 0 0 0 0 0 0 0 0 0 1 0 0 0 0 0 0 0 0 0 0 0 0 0 0 0 0 0 0 0 0 0 0 0 0 0 0 0 0 0 0 0 0 0 1 0 0 0 0 0 0 0 0 0 0 0 0 0 0 0 0 0 0 0 0 0 0 0 0 0 0 0 0 0 0 1 0 0 0 1 0 0 0 0 0 ]
