LINE 15
DIMENSOES 100 2475
N cortes 1
Found feasible solution after 0.00 sec.  Objective = 0.0000
Clique table members: 1066.
MIP emphasis: balance optimality and feasibility.
MIP search method: traditional branch-and-cut.
Parallel mode: none, using 1 thread.
Root relaxation solution time =    0.09 sec.

        Nodes                                         Cuts/
   Node  Left     Objective  IInf  Best Integer    Best Bound    ItCnt     Gap         Variable B NodeID Parent  Depth

*     0+    0                            0.0000                    902     --- 
*     0+    0                           13.0000                    902     --- 
*     0+    0                           14.0000                    902     --- 
      0     0       36.0095   191       14.0000       36.0095      902  157.21%
      0     0       35.6530   194       14.0000       User: 4     1023  154.66%
      0     0       35.5219   196       14.0000       User: 4     1067  153.73%
      0     0       35.1713   194       14.0000       User: 4     1188  151.22%
      0     0       34.9168   192       14.0000       User: 4     1284  149.41%
*     0+    0                           15.0000       34.9168     1284  132.78%
      0     0       34.7060   196       15.0000       User: 4     1383  131.37%
      0     0       34.6050   192       15.0000       User: 4     1446  130.70%
*     0+    0                           16.0000       34.6050     1446  116.28%
      0     0       34.5244   192       16.0000       User: 4     1482  115.78%
      0     0       34.4568   194       16.0000       User: 4     1529  115.36%
      0     0       34.3423   194       16.0000       User: 4     1593  114.64%
      0     0       34.1598   196       16.0000       User: 4     1664  113.50%
      0     0       33.9836   192       16.0000       User: 4     1759  112.40%
      0     0       33.8178   192       16.0000       User: 4     1819  111.36%
      0     0       33.6640   193       16.0000       User: 4     1915  110.40%
      0     0       33.4728   196       16.0000       User: 4     2011  109.20%
      0     0       33.4221   191       16.0000       User: 4     2065  108.89%
      0     0       33.3856   192       16.0000       User: 4     2094  108.66%
      0     0       33.2787   188       16.0000       User: 4     2186  107.99%
      0     0       33.2600   190       16.0000       User: 4     2206  107.87%
      0     0       33.2595   190       16.0000       User: 4     2211  107.87%
      0     0       33.2560   188       16.0000       User: 4     2224  107.85%
      0     0       33.2208   188       16.0000       User: 4     2261  107.63%
      0     0       33.2046   188       16.0000       User: 4     2288  107.53%
      0     0       33.1575   192       16.0000       User: 4     2327  107.23%
      0     0       33.1194   192       16.0000       User: 4     2366  107.00%
      0     0       33.1090   194       16.0000       User: 4     2397  106.93%
      0     0       33.0314   192       16.0000       User: 4     2508  106.45%
      0     0       33.0085   192       16.0000       User: 4     2556  106.30%
      0     0       32.9353   190       16.0000       User: 4     2612  105.85%
      0     0       32.8938   194       16.0000       User: 4     2652  105.59%
      0     0       32.8310   184       16.0000       User: 4     2720  105.19%
      0     0       32.6968   188       16.0000       User: 4     2820  104.36%
      0     0       32.6474   189       16.0000       User: 4     2850  104.05%
      0     0       32.5938   190       16.0000       User: 4     2896  103.71%
      0     0       32.5765   192       16.0000       User: 4     2934  103.60%
      0     0       32.5225   194       16.0000       User: 4     2990  103.27%
      0     0       32.5040   193       16.0000       User: 4     3034  103.15%
      0     0       32.4498   191       16.0000       User: 4     3121  102.81%
      0     0       32.4403   189       16.0000       User: 4     3155  102.75%
      0     0       32.3613   191       16.0000       User: 4     3236  102.26%
      0     0       32.3146   189       16.0000       User: 4     3296  101.97%
      0     0       32.2606   191       16.0000       User: 4     3371  101.63%
      0     0       32.2221   187       16.0000       User: 4     3416  101.39%
      0     0       32.0997   189       16.0000       User: 4     3469  100.62%
      0     0       32.0529   188       16.0000       User: 4     3513  100.33%
      0     0       32.0084   188       16.0000       User: 4     3562  100.05%
      0     0       31.9327   189       16.0000       User: 4     3627   99.58%
      0     0       31.8665   191       16.0000       User: 4     3694   99.17%
      0     0       31.7024   195       16.0000       User: 4     3782   98.14%
      0     0       31.6714   189       16.0000       User: 4     3840   97.95%
      0     0       31.6263   193       16.0000       User: 4     3895   97.66%
      0     0       31.5969   193       16.0000       User: 4     3929   97.48%
      0     0       31.5730   195       16.0000       User: 4     3968   97.33%
      0     0       31.5467   191       16.0000       User: 4     4021   97.17%
      0     0       31.5019   195       16.0000       User: 4     4068   96.89%
      0     0       31.4701   193       16.0000       User: 4     4130   96.69%
      0     0       31.4585   193       16.0000       User: 4     4164   96.62%
      0     0       31.4524   195       16.0000       User: 4     4193   96.58%
      0     0       31.4470   195       16.0000       User: 4     4212   96.54%
      0     0       31.4201   197       16.0000       User: 4     4258   96.38%
      0     0       31.3493   193       16.0000       User: 4     4342   95.93%
      0     0       31.3114   189       16.0000       User: 4     4410   95.70%
      0     0       31.3018   191       16.0000       User: 4     4464   95.64%
      0     0       31.2546   193       16.0000       User: 4     4526   95.34%
      0     0       31.2082   197       16.0000       User: 4     4596   95.05%
      0     0       31.0918   190       16.0000       User: 4     4719   94.32%
      0     0       31.0553   188       16.0000       User: 4     4769   94.10%
      0     0       31.0267   189       16.0000       User: 4     4813   93.92%
      0     0       31.0102   183       16.0000       User: 4     4860   93.81%
      0     0       30.9901   189       16.0000       User: 4     4905   93.69%
      0     0       30.8964   191       16.0000       User: 4     5035   93.10%
      0     0       30.8825   193       16.0000       User: 4     5073   93.02%
      0     0       30.8709   192       16.0000       User: 4     5121   92.94%
      0     0       30.8564   186       16.0000       User: 4     5170   92.85%
      0     0       30.8220   192       16.0000       User: 4     5223   92.64%
      0     0       30.8085   188       16.0000       User: 4     5263   92.55%
      0     0       30.8056   188       16.0000       User: 4     5295   92.54%
      0     0       30.7660   191       16.0000       User: 4     5340   92.29%
      0     0       30.7351   195       16.0000       User: 4     5382   92.09%
      0     0       30.7049   194       16.0000       User: 4     5436   91.91%
      0     0       30.6713   193       16.0000       User: 4     5492   91.70%
      0     0       30.6472   191       16.0000       User: 4     5545   91.55%
      0     0       30.6286   198       16.0000       User: 4     5593   91.43%
      0     0       30.6218   194       16.0000       User: 4     5623   91.39%
      0     0       30.6111   192       16.0000       User: 4     5662   91.32%
      0     0       30.6073   196       16.0000       User: 4     5683   91.30%
      0     0       30.6001   198       16.0000       User: 4     5705   91.25%
      0     0       30.5935   197       16.0000       User: 4     5726   91.21%
      0     0       30.5884   197       16.0000       User: 4     5755   91.18%
      0     0       30.5584   199       16.0000       User: 4     5819   90.99%
      0     0       30.5289   199       16.0000       User: 4     5865   90.81%
      0     0       30.4968   196       16.0000       User: 4     5901   90.61%
      0     0       30.4853   194       16.0000       User: 4     5937   90.53%
      0     0       30.4811   196       16.0000       User: 4     5953   90.51%
      0     0       30.4608   194       16.0000       User: 4     5988   90.38%
      0     0       30.4184   197       16.0000       User: 4     6062   90.11%
      0     0       30.4097   193       16.0000       User: 4     6088   90.06%
      0     0       30.3896   197       16.0000       User: 4     6142   89.94%
      0     0       30.3829   199       16.0000       User: 4     6175   89.89%
      0     0       30.3778   197       16.0000       User: 4     6196   89.86%
      0     0       30.3692   197       16.0000       User: 4     6238   89.81%
      0     0       30.3611   195       16.0000       User: 4     6270   89.76%
      0     0       30.3545   199       16.0000       User: 4     6299   89.72%
      0     0       30.3470   197       16.0000       User: 4     6329   89.67%
      0     0       30.3463   197       16.0000       User: 4     6347   89.66%
      0     0       30.3453   199       16.0000       User: 4     6360   89.66%
      0     0       30.3451   197       16.0000       User: 4     6369   89.66%
      0     0       30.3419   197       16.0000       User: 4     6397   89.64%
      0     0       30.3226   197       16.0000       User: 4     6453   89.52%
      0     0       30.2685   199       16.0000       User: 4     6513   89.18%
      0     0       30.2419   191       16.0000       User: 4     6574   89.01%
      0     0       30.2263   189       16.0000       User: 4     6608   88.91%
      0     0       30.2216   187       16.0000       User: 4     6624   88.88%
      0     0       30.2133   195       16.0000       User: 4     6648   88.83%
      0     0       30.2058   193       16.0000       User: 4     6677   88.79%
      0     0       30.1820   197       16.0000       User: 4     6715   88.64%
      0     0       30.1685   197       16.0000       User: 4     6752   88.55%
      0     0       30.1563   195       16.0000       User: 4     6781   88.48%
      0     0       30.1539   199       16.0000       User: 4     6797   88.46%
      0     0       30.1393   199       16.0000       User: 4     6828   88.37%
      0     0       30.1376   199       16.0000       User: 4     6839   88.36%
      0     0       30.1325   197       16.0000       User: 4     6851   88.33%
      0     0       30.1227   199       16.0000       User: 4     6876   88.27%
      0     0       30.0974   197       16.0000       User: 4     6926   88.11%
      0     0       30.0960   197       16.0000       User: 4     6934   88.10%
      0     0       30.0884   197       16.0000       User: 4     6965   88.05%
      0     0       30.0869   197       16.0000       User: 4     6980   88.04%
      0     0       30.0718   199       16.0000       User: 4     7020   87.95%
      0     0       30.0718   199       16.0000       User: 4     7024   87.95%
      0     0       30.0707   201       16.0000       User: 4     7035   87.94%
      0     0       30.0610   201       16.0000       User: 4     7064   87.88%
      0     0       30.0341   193       16.0000       User: 4     7133   87.71%
      0     0       29.9934   195       16.0000       User: 4     7194   87.46%
      0     0       29.9870   193       16.0000       User: 4     7239   87.42%
      0     0       29.9763   195       16.0000       User: 4     7270   87.35%
      0     0       29.9568   199       16.0000       User: 4     7313   87.23%
      0     0       29.8983   199       16.0000       User: 4     7373   86.86%
      0     0       29.8752   197       16.0000       User: 4     7407   86.72%
      0     0       29.8578   197       16.0000       User: 4     7434   86.61%
      0     0       29.8273   199       16.0000       User: 4     7502   86.42%
      0     0       29.8137   197       16.0000       User: 4     7535   86.34%
      0     0       29.7967   199       16.0000       User: 4     7585   86.23%
      0     0       29.7948   199       16.0000       User: 4     7593   86.22%
      0     0       29.7921   199       16.0000       User: 4     7607   86.20%
      0     0       29.7749   195       16.0000       User: 4     7638   86.09%
      0     0       29.7688   195       16.0000       User: 4     7658   86.06%
      0     2       29.7688   195       16.0000       29.7688     7658   86.06%                        0             0
Elapsed real time =   6.56 sec. (tree size =  0.00 MB, solutions = 5)
      2     4       25.5559   149       16.0000       29.3394    10187   83.37%           id180 U      2      0      1
      4     6       25.8547   153       16.0000       28.8833    11358   80.52%           id109 U      4      1      2
      9    11       28.3042   195       16.0000       28.6520    13639   79.07%           id151 D      9      8      6
     16    18       27.5015   187       16.0000       28.6520    15573   79.07%            id80 D     16     14     12
     20    22       26.9925   183       16.0000       28.6520    16463   79.07%             id1 D     20     19     16
     29    31       25.8399   174       16.0000       28.6520    18906   79.07%            id15 D     29     28     24
     36    38       22.0881   125       16.0000       28.6520    20694   79.07%           id156 U     36     34     30
     48    50       23.6638   154       16.0000       28.6520    21906   79.07%            id84 D     48     47     42
     51    53       20.6189   115       16.0000       28.6520    23409   79.07%            id44 U     51     48     43
     96    98       17.5596    93       16.0000       28.6520    30542   79.07%            id52 U     96     94     81
Elapsed real time =  12.59 sec. (tree size =  1.19 MB, solutions = 5)
    139   135       21.6921   127       16.0000       28.5837    37092   78.65%            id99 D    139    138     22
    194   184       22.4488   127       16.0000       28.4724    42945   77.95%            id54 D    194    193     14
    240   226       22.4478   130       16.0000       28.3010    47722   76.88%            id84 D    240    239     13
    292   274       22.7188   132       16.0000       28.2545    54213   76.59%            id71 D    292    291     18
*   320+  263                           17.0000       28.2545    57431   66.20%
    333   274       24.9145   154       17.0000       28.0538    59545   65.02%           id198 U    333     10      8
    374   315       19.7805   115       17.0000       28.0538    64085   65.02%           id108 D    374    373     45
    431   362       19.0923   108       17.0000       27.9482    68179   64.40%            id48 D    431    430     45
    484   407       23.6971   137       17.0000       27.4994    72747   61.76%            id80 U    484     14     12
    529   449       22.4420   135       17.0000       27.3491    76430   60.88%            id52 D    529    528     15
    578   494       19.7108   108       17.0000       27.3032    80588   60.61%            id95 U    578    576     25
Elapsed real time =  30.86 sec. (tree size = 16.77 MB, solutions = 6)
    622   528       22.5068   135       17.0000       27.0784    84027   59.28%            id71 D    622    621     21
    676   579       20.5143   120       17.0000       26.9894    88401   58.76%           id147 D    676    675     31
    720   619       20.5938   123       17.0000       26.6906    92604   57.00%           id171 D    720    719     35
    761   656       20.9706   126       17.0000       26.5586    97318   56.23%            id55 D    761    760     35
    803   691       23.0254   138       17.0000       26.4911   102136   55.83%           id170 U    803     23     20
    849   733       22.7505   134       17.0000       26.2007   106090   54.12%           id178 U    849     24     21
    893   773       19.7064   110       17.0000       26.1567   110496   53.86%            id84 U    893    892     26
    940   810       23.9182   150       17.0000       25.8294   114211   51.94%            id64 D    940    939      6
    963   833       19.1160    90       17.0000       25.8294   117339   51.94%            id81 D    963    962     26
   1000   864       18.1319   103       17.0000       25.8145   120914   51.85%            id53 D   1000    999     49
Elapsed real time =  50.70 sec. (tree size = 30.92 MB, solutions = 6)
   1030   891       18.9149    91       17.0000       25.7236   124972   51.32%            id98 D   1030   1029     28
   1063   915       21.3226   124       17.0000       25.5481   129505   50.28%            id44 D   1063   1062     32
   1105   953       18.3355    67       17.0000       25.5336   133271   50.20%            id93 U   1105   1103     13
   1155   997       20.9129   124       17.0000       25.4567   136547   49.75%            id20 D   1155   1154     26
   1202  1040       21.7717   132       17.0000       25.4401   140338   49.65%           id118 D   1202   1201     24
   1256  1090       19.5472   105       17.0000       25.4216   143893   49.54%             id8 D   1256   1255     23
   1291  1121       18.9996   111       17.0000       25.3348   147707   49.03%            id25 D   1291   1290     47
   1332  1150       20.8581   125       17.0000       24.9339   151859   46.67%           id155 D   1332   1331     35
   1369  1183       20.6399   122       17.0000       24.9040   154833   46.49%            id87 D   1369   1368     43
   1425  1231       21.4508   114       17.0000       24.7510   158139   45.59%            id84 D   1425   1424      8
Elapsed real time =  70.28 sec. (tree size = 51.06 MB, solutions = 6)
   1461  1263       18.3912    82       17.0000       24.7258   161576   45.45%             id5 U   1461   1459     43
   1500  1291       18.9336    92       17.0000       24.7217   165803   45.42%           id118 D   1500   1499     17
   1529  1312       19.9413   113       17.0000       24.6079   169665   44.75%            id99 D   1529   1528     17
   1564  1339       21.3436   129       17.0000       24.5490   173672   44.41%           id188 U   1564     39     34
   1598  1366       21.7678   116       17.0000       24.5423   177030   44.37%            id84 D   1598   1597      8
   1613  1381       19.9887   107       17.0000       24.5423   179504   44.37%             id8 D   1613   1612     23
   1646  1410       19.2684   112       17.0000       24.5365   182900   44.33%            id70 D   1646   1645     52
   1680  1440       19.9535   121       17.0000       24.5193   186628   44.23%            id71 D   1680   1679     34
   1719  1475       18.3037    91       17.0000       24.4814   190480   44.01%            id87 D   1719   1718     31
   1754  1498       19.1220    98       17.0000       24.4315   194246   43.71%            id84 D   1754   1753     19
Elapsed real time =  91.21 sec. (tree size = 64.51 MB, solutions = 6)
   1797  1533       20.0179   115       17.0000       24.3492   197221   43.23%             id8 D   1797   1796     45
   1850  1582       18.2573    93       17.0000       24.3191   200447   43.05%           id103 D   1850   1849     39
   1884  1602       18.1429    80       17.0000       24.2594   204157   42.70%           id151 D   1884   1883     17
   1920  1626       22.2858   125       17.0000       24.1346   207401   41.97%           id170 U   1920   1184      7
   1961  1663       18.5358    84       17.0000       24.1168   211182   41.86%            id93 U   1961   1959     40
   1999  1688       21.2872   119       17.0000       24.0413   214330   41.42%            id52 D   1999   1998      5
   2033  1718       19.5805    98       17.0000       24.0399   217896   41.41%            id93 D   2033   2032      9
   2070  1745       18.5883   104       17.0000       23.9856   221254   41.09%            id44 D   2070   2069     46
   2103  1765       20.5198   106       17.0000       23.9308   225077   40.77%            id44 U   2103    340     15
   2145  1799       21.5792   117       17.0000       23.8902   228191   40.53%            id60 D   2145   2144     16
Elapsed real time = 113.06 sec. (tree size = 74.58 MB, solutions = 6)
   2157  1811       18.3889    74       17.0000       23.8902   231084   40.53%            id99 U   2157   2155     25
   2181  1827       18.0000    71       17.0000       23.8902   233751   40.53%             id4 D   2181   2180     46
   2194  1838       19.7370   108       17.0000       23.8751   236777   40.44%            id84 D   2194   2193     18
   2217  1857       21.5366   119       17.0000       23.8588   239791   40.35%            id85 D   2217   2216     10
   2261  1893       21.1076   120       17.0000       23.8104   243966   40.06%           id164 U   2261    124     10
   2291  1919       20.7272   113       17.0000       23.8048   247096   40.03%            id84 D   2291   2290      9
   2317  1943       18.0345    79       17.0000       23.8048   250003   40.03%            id48 D   2317   2316     32
   2349  1963       18.4134    92       17.0000       23.7217   252761   39.54%           id151 D   2349   2348     13
   2383  1986       18.1442    81       17.0000       23.7102   255892   39.47%            id81 D   2383   2382     20
   2416  2009       19.2948   101       17.0000       23.6918   258989   39.36%             id9 D   2416   2415     17
Elapsed real time = 135.60 sec. (tree size = 92.75 MB, solutions = 6)
   2448  2037       19.0565    99       17.0000       23.6823   262087   39.31%           id154 D   2448   2447     29
   2483  2064       21.0133   120       17.0000       23.6595   264904   39.17%           id178 D   2483   2482     18
   2527  2094       19.3322    95       17.0000       23.6322   267907   39.01%            id73 D   2527   2526     19
   2565  2120       19.1635   100       17.0000       23.6160   270627   38.92%            id52 D   2565   2564     11
   2601  2139       19.0994    88       17.0000       23.5764   273510   38.68%            id60 D   2601   2600     12
   2643  2173       18.3325    87       17.0000       23.5391   276465   38.47%             id8 D   2643   2642     27
   2662  2186       19.8884    90       17.0000       23.5219   279367   38.36%           id124 D   2662   2660     28
   2689  2205       19.1836    94       17.0000       23.5004   282044   38.24%           id155 D   2689   2688     15
   2707  2219       18.7865    90       17.0000       23.4953   284710   38.21%            id99 D   2707   2706     28
   2738  2241       18.1341    91       17.0000       23.4862   287457   38.15%           id118 D   2738   2737     25
Elapsed real time = 157.48 sec. (tree size = 106.99 MB, solutions = 6)
   2778  2266       18.9674    94       17.0000       23.4471   290562   37.92%            id54 U   2778    286     13
   2815  2293        cutoff             17.0000       23.4285   294186   37.81%            id73 D   2815   2814     13
   2850  2315       21.6046   130       17.0000       23.3799   297238   37.53%            id15 D   2850     27     23
   2889  2350       19.2768   105       17.0000       23.3486   300016   37.34%           id124 D   2889   2888     27
   2912  2369       18.5550   102       17.0000       23.3434   302708   37.31%            id98 D   2912   2911     54
   2932  2385       19.4033   105       17.0000       23.3368   305437   37.28%            id73 D   2932   2931     19
   2949  2398       19.5254   100       17.0000       23.3312   308163   37.24%            id93 D   2949   2948     22
   2980  2421       18.3839    91       17.0000       23.3267   311166   37.22%            id44 D   2980   2979     11
   3014  2442       19.4885    95       17.0000       23.2954   314933   37.03%            id44 U   3014    287     14
   3044  2461       20.6814   112       17.0000       23.2873   317635   36.98%            id54 U   3044    486     15
Elapsed real time = 180.42 sec. (tree size = 123.10 MB, solutions = 6)
   3075  2486       19.9679    99       17.0000       23.2657   320037   36.86%            id52 D   3075   3074     24
   3101  2505       19.8008    97       17.0000       23.2640   322556   36.85%            id54 D   3101   3100     18
   3133  2530       19.2641    99       17.0000       23.2466   325724   36.74%            id52 U   3133    705     21
   3158  2547       19.3933    95       17.0000       23.2192   328762   36.58%             id1 D   3158   3157     16
   3193  2574       18.9720    97       17.0000       23.1999   331394   36.47%           id124 D   3193   3192     29
   3220  2594       18.8002    84       17.0000       23.1720   334350   36.31%             id8 U   3220    188      9
   3260  2624       19.3649   105       17.0000       23.1507   336957   36.18%            id15 D   3260   3259     33
   3300  2649       18.6079    94       17.0000       23.1291   339542   36.05%           id171 D   3300   3299     25
   3336  2671        cutoff             17.0000       23.1138   342449   35.96%            id71 U   3336   3334     15
   3450  2753       20.6885   105       17.0000       23.0451   353524   35.56%           id129 U   3450    130     16
Elapsed real time = 210.15 sec. (tree size = 143.93 MB, solutions = 6)
Nodefile size = 16.09 MB (12.93 MB after compression)
   3579  2839       20.8770   110       17.0000       22.9810   364347   35.18%            id73 U   3579    487     16
   3731  2947       18.8683    89       17.0000       22.9036   376184   34.73%            id44 U   3731    190     11
   3870  3056       18.9560    91       17.0000       22.8665   386190   34.51%             id1 D   3870   3869     25
   4026  3165       19.7671    95       17.0000       22.7928   397026   34.08%            id55 D   4026   4025     27
   4142  3243       18.0207    82       17.0000       22.7447   407359   33.79%            id71 D   4142   4141     20
   4255  3327       18.0234    98       17.0000       22.6981   417253   33.52%           id124 D   4255   4254     35
   4370  3402       19.7796   104       17.0000       22.6317   428555   33.13%           id170 D   4370   4369     25
   4476  3463       18.5892    87       17.0000       22.5567   439466   32.69%            id15 U   4476    352     25
   4598  3531       18.5237    93       17.0000       22.4461   450567   32.04%            id44 U   4598    240     14
   4710  3596       18.0164    83       17.0000       22.3755   460519   31.62%            id51 D   4710   4709     36
Elapsed real time = 303.37 sec. (tree size = 240.31 MB, solutions = 6)
Nodefile size = 112.57 MB (90.27 MB after compression)
   4833  3672       18.9015    93       17.0000       22.3019   471462   31.19%             id8 D   4833   4832     22
   4924  3737        cutoff             17.0000       22.2786   480885   31.05%           id123 D   4924   4923     26
   5027  3795       18.6352    86       17.0000       22.2323   491618   30.78%           id156 U   5027    624     24
   5157  3874       18.4310    96       17.0000       22.1459   501101   30.27%            id95 U   5157    354     27
   5223  3915       18.5551    80       17.0000       22.1171   508903   30.10%            id52 U   5223   1596      7
   5324  3977        cutoff             17.0000       22.0685   518525   29.81%            id64 U   5324   1093      4
   5419  4035       18.7912    88       17.0000       22.0167   528145   29.51%            id93 U   5419   1359     34
   5505  4081       18.6158    79       17.0000       21.9762   537637   29.27%            id73 D   5505   5504     11
   5614  4130        cutoff             17.0000       21.9285   548070   28.99%            id52 U   5614    788     21
   5735  4195        cutoff             17.0000       21.8742   557817   28.67%            id52 U   5735   2215      9
Elapsed real time = 397.94 sec. (tree size = 309.86 MB, solutions = 6)
Nodefile size = 182.51 MB (146.04 MB after compression)
   5852  4252        cutoff             17.0000       21.8207   567572   28.36%            id60 U   5852   1095      6
*  5857  2532      integral     0       18.0000       21.8157   568002   21.20%           id185 U   5857   5855     30
   5920  2528       19.8102   103       18.0000       21.7200   577060   20.67%           id154 D   5920   5919     31
   6008  2571        cutoff             18.0000       21.6664   586038   20.37%            id44 U   6008    790     23
   6085  2589        cutoff             18.0000       21.6062   595345   20.03%             id5 U   6085    713     29
   6170  2618       19.6274   109       18.0000       21.5386   604595   19.66%            id54 D   6170   6169     28
   6246  2630        cutoff             18.0000       21.4505   613882   19.17%            id52 U   6246   1998      5
   6337  2659        cutoff             18.0000       21.3976   622586   18.88%             id9 U   6337   2218     12
   6428  2696       20.1481   102       18.0000       21.3319   631451   18.51%            id52 D   6428   6427     11
   6502  2713       19.5172   103       18.0000       21.2731   641046   18.18%            id99 D   6502   6500     19
Elapsed real time = 487.42 sec. (tree size = 216.95 MB, solutions = 7)
Nodefile size = 89.44 MB (71.45 MB after compression)
   6577  2706       20.4143   105       18.0000       21.1860   650339   17.70%            id85 U   6577   2481     17
   6680  2742       20.2330   104       18.0000       21.1268   659455   17.37%           id178 D   6680   6679     17
   6763  2755       19.8002   104       18.0000       21.0467   668832   16.93%            id84 U   6763   1304     30
   6828  2755        cutoff             18.0000       20.9915   677170   16.62%            id60 U   6828   3752      8
   6899  2730        cutoff             18.0000       20.9018   685478   16.12%            id87 U   6899    418     33
   6990  2738        cutoff             18.0000       20.8485   694304   15.82%           id154 U   6990   6988     35
   7077  2738        cutoff             18.0000       20.7896   703297   15.50%             id8 U   7077    797     29
   7157  2715       19.9445   101       18.0000       20.7055   711893   15.03%           id160 U   7157   3179     16
   7233  2708        cutoff             18.0000       20.6586   720578   14.77%            id99 U   7233   4876     29
   7327  2709       19.3808    91       18.0000       20.5894   728923   14.39%           id156 D   7327   7326     25
Elapsed real time = 587.92 sec. (tree size = 229.73 MB, solutions = 7)
Nodefile size = 102.62 MB (81.79 MB after compression)
   7423  2716        cutoff             18.0000       20.5297   737080   14.05%            id60 U   7423   4020     22
   7503  2674        cutoff             18.0000       20.4619   745230   13.68%            id95 U   7503   1608     19
   7586  2624        cutoff             18.0000       20.3656   753110   13.14%            id87 U   7586    919     34
   7666  2604       19.4926    93       18.0000       20.3084   761121   12.82%             id8 D   7666   7665     21
   7766  2572        cutoff             18.0000       20.2554   769526   12.53%             id9 U   7766   1747     13
   7856  2526       19.2140   100       18.0000       20.1798   777177   12.11%           id170 D   7856   7855     24
   7954  2476        cutoff             18.0000       20.1155   785284   11.75%           id155 U   7954   7055     21
   8056  2404        cutoff             18.0000       20.0432   793729   11.35%            id54 U   8056   6373     21
   8171  2341       19.4305    85       18.0000       19.9717   803979   10.95%           id156 D   8171   8170     25
   8275  2289        cutoff             18.0000       19.9219   811453   10.68%           id170 U   8275   6581     22
Elapsed real time = 693.94 sec. (tree size = 203.27 MB, solutions = 7)
Nodefile size = 105.45 MB (84.04 MB after compression)
   8391  2207        cutoff             18.0000       19.8566   820669   10.31%            id99 U   8391   5535     24
   8494  2130        cutoff             18.0000       19.7897   828292    9.94%           id154 U   8494   6062     36
   8613  2068       19.3162    90       18.0000       19.7422   835563    9.68%            id55 D   8613   8612     21
   8735  1984        cutoff             18.0000       19.6831   842363    9.35%           id155 U   8735   3352     24
   8852  1906        cutoff             18.0000       19.6398   849077    9.11%             id8 U   8852   7004     21
   8997  1769        cutoff             18.0000       19.5717   855706    8.73%            id85 U   8997   3526     18
   9132  1682       19.1865    94       18.0000       19.5290   862501    8.49%           id147 U   9132   3458     25
   9274  1566        cutoff             18.0000       19.4844   869007    8.25%           id164 U   9274   3014     15
   9464  1378        cutoff             18.0000       19.4109   876003    7.84%            id49 U   9464   1312     38
   9653  1197        cutoff             18.0000       19.3417   883116    7.45%            id60 U   9653   5017     25
Elapsed real time = 799.28 sec. (tree size = 108.24 MB, solutions = 7)
Nodefile size = 95.04 MB (75.89 MB after compression)
   9860  1002        cutoff             18.0000       19.2734   891169    7.07%           id124 U   9860   3791     28
  10121   708        cutoff             18.0000       19.1872   898216    6.60%            id84 U  10121   3740     25
  10479   200        cutoff             18.0000       19.0559   903628    5.87%             id5 U  10479   7544     26

User cuts applied:  13442

Root node processing (before b&c):
  Real time             =    6.21
Sequential b&c:
  Real time             =  819.12
                          -------
Total (root+branch&cut) =  825.34 sec.
Solution status = Optimal
Solution value  = 18
GAP             = 0%
Heuristica 1 : 5575
Heuristica 2 : 938
A = [ 1 0 0 0 0 0 0 0 0 0 0 1 0 0 0 0 0 0 0 0 0 0 0 0 0 0 0 0 0 0 0 0 0 0 1 0 0 0 0 0 0 0 0 0 0 0 0 0 0 1 0 0 0 0 0 0 0 0 0 0 0 0 0 0 0 0 0 0 0 1 0 0 0 0 0 1 0 1 0 0 0 1 0 0 0 0 0 0 0 0 1 0 0 0 0 0 0 0 0 0 ]
B = [ 0 0 0 0 0 0 0 0 0 0 0 0 0 0 1 0 0 1 0 0 0 1 0 0 0 0 0 0 0 0 0 0 0 0 0 0 0 0 0 0 0 0 0 0 0 0 0 0 0 0 0 0 0 0 0 0 0 0 0 0 0 1 0 0 0 0 0 0 0 0 0 0 0 1 0 0 0 0 0 0 0 0 1 1 1 0 0 0 0 0 0 0 0 0 0 0 1 0 0 0 ]
