LINE 15
DIMENSOES 100 3465
N cortes 1
Found feasible solution after 0.00 sec.  Objective = 0.0000
Clique table members: 860.
MIP emphasis: balance optimality and feasibility.
MIP search method: traditional branch-and-cut.
Parallel mode: none, using 1 thread.
Root relaxation solution time =    0.06 sec.

        Nodes                                         Cuts/
   Node  Left     Objective  IInf  Best Integer    Best Bound    ItCnt     Gap         Variable B NodeID Parent  Depth

*     0+    0                            0.0000                    556     --- 
*     0+    0                            9.0000                    556     --- 
      0     0       24.2004   170        9.0000       24.2004      556  168.89%
      0     0       23.8953   168        9.0000       User: 4      695  165.50%
*     0+    0                           10.0000       23.8953      695  138.95%
      0     0       23.6312   168       10.0000       User: 4      829  136.31%
      0     0       23.4063   174       10.0000       User: 4      985  134.06%
      0     0       23.2827   172       10.0000       User: 4     1053  132.83%
      0     0       23.1519   166       10.0000       User: 4     1119  131.52%
      0     0       22.9624   176       10.0000       User: 4     1197  129.62%
*     0+    0                           11.0000       22.9624     1197  108.75%
      0     0       22.7910   170       11.0000       User: 4     1291  107.19%
      0     0       22.5509   170       11.0000       User: 4     1397  105.01%
      0     0       22.4444   160       11.0000       User: 4     1480  104.04%
      0     0       22.3180   164       11.0000       User: 4     1574  102.89%
      0     0       22.1325   166       11.0000       User: 4     1648  101.20%
      0     0       21.9897   162       11.0000       User: 4     1750   99.91%
      0     0       21.9006   158       11.0000       User: 4     1829   99.10%
      0     0       21.8318   162       11.0000       User: 4     1900   98.47%
      0     0       21.7688   168       11.0000       User: 4     1975   97.90%
      0     0       21.7282   164       11.0000       User: 4     2010   97.53%
      0     0       21.6218   164       11.0000       User: 4     2101   96.56%
      0     0       21.5495   160       11.0000       User: 4     2166   95.90%
      0     0       21.4896   166       11.0000       User: 4     2249   95.36%
      0     0       21.4747   172       11.0000       User: 4     2307   95.22%
      0     0       21.4169   164       11.0000       User: 4     2393   94.70%
      0     0       21.3363   162       11.0000       User: 4     2486   93.97%
      0     0       21.2457   172       11.0000       User: 4     2583   93.14%
      0     0       21.2062   166       11.0000       User: 4     2644   92.78%
      0     0       21.0915   166       11.0000       User: 4     2775   91.74%
      0     0       21.0501   158       11.0000       User: 4     2856   91.36%
      0     0       21.0363   156       11.0000       User: 4     2891   91.24%
      0     0       21.0316   160       11.0000       User: 4     2938   91.20%
      0     0       20.9827   166       11.0000       User: 4     3032   90.75%
      0     0       20.9623   170       11.0000       User: 4     3083   90.57%
      0     0       20.9563   172       11.0000       User: 4     3112   90.51%
      0     0       20.9429   172       11.0000       User: 4     3161   90.39%
      0     0       20.9235   166       11.0000       User: 4     3215   90.21%
      0     0       20.9156   170       11.0000       User: 4     3263   90.14%
      0     0       20.9023   172       11.0000       User: 4     3315   90.02%
      0     0       20.8916   174       11.0000       User: 4     3374   89.92%
      0     0       20.8601   170       11.0000       User: 4     3471   89.64%
      0     0       20.7390   158       11.0000       User: 4     3559   88.54%
      0     0       20.6780   160       11.0000       User: 4     3625   87.98%
      0     0       20.6359   160       11.0000       User: 4     3688   87.60%
      0     0       20.6104   170       11.0000       User: 4     3756   87.37%
      0     0       20.5819   164       11.0000       User: 4     3807   87.11%
      0     0       20.5563   166       11.0000       User: 4     3870   86.88%
      0     0       20.5501   170       11.0000       User: 4     3911   86.82%
      0     0       20.5425   172       11.0000       User: 4     3958   86.75%
      0     0       20.5367   172       11.0000       User: 4     3988   86.70%
      0     0       20.4801   166       11.0000       User: 4     4060   86.18%
      0     0       20.4596   168       11.0000       User: 4     4101   86.00%
      0     0       20.4346   166       11.0000       User: 4     4158   85.77%
      0     0       20.4231   164       11.0000       User: 4     4193   85.66%
      0     0       20.3968   164       11.0000       User: 4     4241   85.43%
      0     0       20.3785   168       11.0000       User: 4     4287   85.26%
      0     0       20.3367   168       11.0000       User: 4     4355   84.88%
      0     0       20.3204   164       11.0000       User: 4     4401   84.73%
      0     0       20.2945   166       11.0000       User: 4     4450   84.50%
      0     0       20.2705   168       11.0000       User: 4     4508   84.28%
      0     0       20.2639   170       11.0000       User: 4     4546   84.22%
      0     0       20.2508   168       11.0000       User: 4     4596   84.10%
      0     0       20.2420   164       11.0000       User: 4     4636   84.02%
      0     0       20.2342   166       11.0000       User: 4     4681   83.95%
      0     0       20.2301   168       11.0000       User: 4     4718   83.91%
      0     0       20.2104   174       11.0000       User: 4     4772   83.73%
      0     0       20.1978   176       11.0000       User: 4     4818   83.62%
      0     0       20.1949   170       11.0000       User: 4     4838   83.59%
      0     0       20.1784   168       11.0000       User: 4     4904   83.44%
      0     0       20.1657   180       11.0000       User: 4     4972   83.32%
      0     0       20.1626   176       11.0000       User: 4     5019   83.30%
      0     0       20.1587   182       11.0000       User: 4     5042   83.26%
      0     0       20.1512   174       11.0000       User: 4     5080   83.19%
      0     0       20.1445   172       11.0000       User: 4     5123   83.13%
      0     0       20.1399   178       11.0000       User: 4     5170   83.09%
      0     0       20.1213   174       11.0000       User: 4     5231   82.92%
      0     0       20.1120   178       11.0000       User: 4     5275   82.84%
      0     0       20.1087   182       11.0000       User: 4     5306   82.81%
      0     0       20.0889   180       11.0000       User: 4     5376   82.63%
      0     0       20.0801   178       11.0000       User: 4     5425   82.55%
      0     0       20.0744   182       11.0000       User: 4     5460   82.49%
      0     0       20.0675   180       11.0000       User: 4     5506   82.43%
      0     0       20.0648   182       11.0000       User: 4     5527   82.41%
      0     0       20.0631   182       11.0000       User: 4     5549   82.39%
      0     0       20.0580   176       11.0000       User: 4     5575   82.35%
      0     0       20.0534   180       11.0000       User: 4     5614   82.30%
      0     0       20.0503   180       11.0000       User: 4     5632   82.28%
      0     0       20.0491   182       11.0000       User: 4     5642   82.26%
      0     0       20.0402   180       11.0000       User: 4     5678   82.18%
      0     0       20.0364   180       11.0000       User: 4     5715   82.15%
      0     0       20.0201   178       11.0000       User: 4     5781   82.00%
      0     0       20.0032   186       11.0000       User: 4     5837   81.85%
      0     0       19.9968   188       11.0000       User: 4     5878   81.79%
      0     0       19.9887   186       11.0000       User: 4     5928   81.72%
      0     0       19.9794   184       11.0000       User: 4     5968   81.63%
      0     0       19.9683   186       11.0000       User: 4     6004   81.53%
      0     0       19.9018   186       11.0000       User: 4     6080   80.93%
      0     0       19.8831   182       11.0000       User: 4     6123   80.76%
      0     0       19.8597   192       11.0000       User: 4     6181   80.54%
      0     0       19.8582   190       11.0000       User: 4     6198   80.53%
      0     0       19.8508   188       11.0000       User: 4     6232   80.46%
      0     0       19.8440   190       11.0000       User: 4     6292   80.40%
      0     0       19.8351   186       11.0000       User: 4     6327   80.32%
      0     0       19.8343   184       11.0000       User: 4     6340   80.31%
      0     0       19.8293   186       11.0000       User: 4     6376   80.27%
      0     0       19.8204   186       11.0000       User: 4     6415   80.19%
      0     0       19.8070   190       11.0000       User: 4     6469   80.06%
      0     0       19.8039   188       11.0000       User: 4     6496   80.04%
      0     0       19.7988   192       11.0000       User: 4     6526   79.99%
      0     0       19.7893   188       11.0000       User: 4     6559   79.90%
      0     0       19.7822   184       11.0000       User: 4     6583   79.84%
      0     0       19.7737   182       11.0000       User: 4     6612   79.76%
      0     0       19.7716   188       11.0000       User: 4     6634   79.74%
      0     0       19.7378   190       11.0000       User: 4     6697   79.43%
      0     0       19.7303   184       11.0000       User: 4     6725   79.37%
      0     0       19.7286   184       11.0000       User: 4     6742   79.35%
      0     0       19.7064   182       11.0000       User: 4     6829   79.15%
      0     0       19.6997   184       11.0000       User: 4     6853   79.09%
      0     0       19.6941   192       11.0000       User: 4     6877   79.04%
      0     0       19.6191   190       11.0000       User: 4     6944   78.36%
      0     0       19.5759   190       11.0000       User: 4     6999   77.96%
      0     0       19.5738   190       11.0000       User: 4     7030   77.94%
      0     0       19.5649   188       11.0000       User: 4     7055   77.86%
      0     0       19.5568   192       11.0000       User: 4     7089   77.79%
      0     0       19.5294   192       11.0000       User: 4     7133   77.54%
      0     0       19.5107   190       11.0000       User: 4     7182   77.37%
      0     0       19.5037   194       11.0000       User: 4     7216   77.31%
      0     0       19.4962   192       11.0000       User: 4     7252   77.24%
      0     0       19.4714   192       11.0000       User: 4     7308   77.01%
      0     0       19.4197   188       11.0000       User: 4     7396   76.54%
      0     0       19.4082   184       11.0000       User: 4     7422   76.44%
      0     0       19.3949   188       11.0000       User: 4     7450   76.32%
      0     0       19.3916   190       11.0000       User: 4     7473   76.29%
      0     0       19.3819   190       11.0000       User: 4     7514   76.20%
      0     0       19.3782   188       11.0000       User: 4     7542   76.17%
      0     0       19.3697   188       11.0000       User: 4     7592   76.09%
      0     0       19.3652   188       11.0000       User: 4     7623   76.05%
      0     0       19.3580   192       11.0000       User: 4     7659   75.98%
      0     0       19.3507   188       11.0000       User: 4     7683   75.92%
      0     0       19.3503   188       11.0000       User: 4     7699   75.91%
      0     0       19.3369   184       11.0000       User: 4     7747   75.79%
      0     0       19.3322   188       11.0000       User: 4     7768   75.75%
      0     0       19.3282   188       11.0000       User: 4     7797   75.71%
      0     0       19.3200   188       11.0000       User: 4     7835   75.64%
      0     0       19.3166   192       11.0000       User: 4     7850   75.61%
      0     0       19.3071   192       11.0000       User: 4     7880   75.52%
      0     0       19.3047   192       11.0000       User: 4     7899   75.50%
      0     0       19.2972   190       11.0000       User: 4     7932   75.43%
      0     0       19.2962   194       11.0000       User: 4     7942   75.42%
      0     0       19.2945   194       11.0000       User: 4     7957   75.40%
      0     0       19.2818   190       11.0000       User: 4     8018   75.29%
      0     0       19.2768   190       11.0000       User: 4     8049   75.24%
      0     0       19.2766   190       11.0000       User: 4     8059   75.24%
      0     0       19.2690   188       11.0000       User: 4     8103   75.17%
      0     0       19.2608   188       11.0000       User: 4     8137   75.10%
      0     0       19.2593   188       11.0000       User: 4     8155   75.08%
      0     0       19.2555   190       11.0000       User: 4     8171   75.05%
      0     0       19.2553   188       11.0000       User: 4     8179   75.05%
      0     0       19.2481   188       11.0000       User: 4     8232   74.98%
      0     0       19.2433   194       11.0000       User: 4     8261   74.94%
      0     0       19.2405   190       11.0000       User: 4     8285   74.91%
      0     0       19.2306   196       11.0000       User: 4     8339   74.82%
      0     0       19.2189   192       11.0000       User: 4     8382   74.72%
      0     0       19.1969   188       11.0000       User: 4     8454   74.52%
      0     0       19.1845   190       11.0000       User: 4     8497   74.40%
      0     0       19.1806   186       11.0000       User: 4     8519   74.37%
      0     0       19.1805   186       11.0000       User: 4     8526   74.37%
      0     0       19.1715   192       11.0000       User: 4     8561   74.29%
      0     0       19.1432   198       11.0000       User: 4     8629   74.03%
      0     0       19.1405   192       11.0000       User: 4     8652   74.00%
      0     0       19.1349   194       11.0000       User: 4     8693   73.95%
      0     0       19.1175   192       11.0000       User: 4     8749   73.80%
      0     0       19.0934   192       11.0000       User: 4     8829   73.58%
      0     0       19.0753   186       11.0000       User: 4     8874   73.41%
      0     0       19.0508   192       11.0000       User: 4     8924   73.19%
      0     0       19.0368   194       11.0000       User: 4     8960   73.06%
      0     0       18.9882   188       11.0000       User: 4     9031   72.62%
      0     0       18.9753   190       11.0000       User: 4     9067   72.50%
      0     0       18.9705   190       11.0000       User: 4     9105   72.46%
      0     0       18.9619   192       11.0000       User: 4     9145   72.38%
      0     0       18.9483   184       11.0000       User: 4     9196   72.26%
      0     0       18.9300   186       11.0000       User: 4     9251   72.09%
      0     0       18.9210   192       11.0000       User: 4     9302   72.01%
      0     0       18.9178   194       11.0000       User: 4     9339   71.98%
      0     0       18.9001   196       11.0000       User: 4     9407   71.82%
      0     0       18.8963   188       11.0000       User: 4     9455   71.78%
      0     0       18.8883   192       11.0000       User: 4     9502   71.71%
      0     0       18.8804   196       11.0000       User: 4     9530   71.64%
      0     0       18.8770   196       11.0000       User: 4     9540   71.61%
      0     0       18.8763   196       11.0000       User: 4     9554   71.60%
      0     0       18.8757   196       11.0000       User: 4     9567   71.60%
      0     0       18.8726   192       11.0000       User: 4     9594   71.57%
      0     0       18.8726   194       11.0000       User: 4     9598   71.57%
      0     0       18.8724   198       11.0000       User: 4     9607   71.57%
      0     0       18.8675   200       11.0000       User: 4     9642   71.52%
      0     0       18.8572   196       11.0000       User: 4     9665   71.43%
      0     0       18.8560   194       11.0000       User: 4     9679   71.42%
      0     0       18.8417   188       11.0000       User: 4     9725   71.29%
      0     0       18.8282   193       11.0000       User: 4     9773   71.17%
      0     0       18.8252   191       11.0000       User: 4     9799   71.14%
      0     0       18.8221   193       11.0000       User: 4     9831   71.11%
      0     0       18.8221   193       11.0000       User: 4     9834   71.11%
      0     0       18.8199   194       11.0000       User: 4     9862   71.09%
      0     0       18.8189   195       11.0000       User: 4     9884   71.08%
      0     0       18.8167   194       11.0000       User: 4     9916   71.06%
      0     0       18.8151   199       11.0000       User: 4     9945   71.05%
      0     0       18.8130   197       11.0000       User: 4     9969   71.03%
      0     0       18.8088   199       11.0000       User: 4     9992   70.99%
      0     0       18.8060   201       11.0000       User: 4    10011   70.96%
      0     0       18.8049   199       11.0000       User: 4    10024   70.95%
      0     0       18.8038   199       11.0000       User: 4    10042   70.94%
      0     0       18.8011   197       11.0000       User: 4    10061   70.92%
      0     0       18.7821   195       11.0000       User: 4    10110   70.75%
      0     0       18.7800   197       11.0000       User: 4    10134   70.73%
      0     0       18.7780   197       11.0000       User: 4    10150   70.71%
      0     0       18.7660   197       11.0000       User: 4    10192   70.60%
      0     0       18.7654   197       11.0000       User: 4    10202   70.59%
      0     0       18.7624   201       11.0000       User: 4    10231   70.57%
      0     0       18.7534   197       11.0000       User: 4    10262   70.49%
      0     0       18.7450   193       11.0000       User: 4    10304   70.41%
      0     0       18.7371   193       11.0000       User: 4    10331   70.34%
      0     0       18.7365   193       11.0000       User: 4    10345   70.33%
      0     0       18.7310   191       11.0000       User: 4    10382   70.28%
      0     0       18.7267   195       11.0000       User: 4    10417   70.24%
      0     0       18.7254   195       11.0000       User: 4    10432   70.23%
      0     0       18.7241   195       11.0000       User: 4    10445   70.22%
      0     0       18.7149   195       11.0000       User: 4    10480   70.14%
      0     0       18.7061   197       11.0000       User: 4    10521   70.06%
      0     0       18.6942   189       11.0000       User: 4    10554   69.95%
      0     0       18.6934   193       11.0000       User: 4    10566   69.94%
      0     0       18.6915   189       11.0000       User: 4    10583   69.92%
      0     0       18.6887   187       11.0000       User: 4    10618   69.90%
      0     0       18.6812   199       11.0000       User: 4    10658   69.83%
      0     0       18.6731   197       11.0000       User: 4    10700   69.76%
      0     0       18.6727   197       11.0000       User: 4    10710   69.75%
      0     0       18.6705   195       11.0000       User: 4    10735   69.73%
      0     0       18.6636   196       11.0000       User: 4    10764   69.67%
      0     0       18.6627   197       11.0000       User: 4    10791   69.66%
      0     0       18.6626   197       11.0000       User: 4    10796   69.66%
      0     0       18.6606   197       11.0000       User: 4    10816   69.64%
      0     0       18.6606   197       11.0000       User: 4    10818   69.64%
      0     0       18.6597   197       11.0000       User: 4    10822   69.63%
      0     0       18.6579   197       11.0000       User: 4    10848   69.62%
      0     0       18.6494   195       11.0000       User: 4    10882   69.54%
      0     0       18.6475   195       11.0000       User: 4    10903   69.52%
      0     0       18.6427   197       11.0000       User: 4    10928   69.48%
      0     0       18.6425   195       11.0000       User: 4    10934   69.48%
      0     0       18.6407   193       11.0000       User: 4    10954   69.46%
      0     0       18.6392   193       11.0000       User: 4    10973   69.45%
      0     0       18.6242   195       11.0000       User: 4    11033   69.31%
      0     0       18.6090   197       11.0000       User: 4    11094   69.17%
      0     0       18.6024   195       11.0000       User: 4    11123   69.11%
      0     0       18.5996   197       11.0000       User: 4    11152   69.09%
      0     0       18.5993   197       11.0000       User: 4    11160   69.08%
      0     0       18.5983   197       11.0000       User: 4    11170   69.08%
      0     0       18.5965   199       11.0000       User: 4    11193   69.06%
      0     0       18.5947   197       11.0000       User: 4    11213   69.04%
      0     0       18.5943   197       11.0000       User: 4    11222   69.04%
      0     0       18.5932   197       11.0000       User: 4    11242   69.03%
      0     0       18.5932   197       11.0000       User: 4    11246   69.03%
      0     0       18.5909   197       11.0000       User: 4    11272   69.01%
      0     0       18.5900   199       11.0000       User: 4    11289   69.00%
      0     0       18.5898   199       11.0000       User: 4    11301   69.00%
      0     0       18.5802   195       11.0000       User: 4    11350   68.91%
      0     0       18.5682   197       11.0000       User: 4    11403   68.80%
      0     0       18.5675   195       11.0000       User: 4    11421   68.80%
      0     0       18.5644   199       11.0000       User: 4    11451   68.77%
      0     0       18.5643   199       11.0000       User: 4    11457   68.77%
      0     0       18.5638   197       11.0000       User: 4    11471   68.76%
      0     0       18.5630   199       11.0000       User: 4    11495   68.75%
      0     0       18.5620   197       11.0000       User: 4    11513   68.75%
      0     2       18.5620   197       11.0000       18.5620    11513   68.75%                        0             0
Elapsed real time =  15.93 sec. (tree size =  0.00 MB, solutions = 4)
      1     3       18.3903   195       11.0000       18.5586    12489   68.71%            id76 D      1      0      1
      3     5       18.3131   194       11.0000       18.5586    12765   68.71%           id199 D      3      2      3
      4     6       18.2480   194       11.0000       18.5586    13032   68.71%            id52 D      4      3      4
      6     8       18.0009   189       11.0000       18.5586    13875   68.71%           id176 D      6      5      6
     11    13       14.7571   121       11.0000       18.5586    15699   68.71%            id99 U     11      9     10
     16    18       17.3886   183       11.0000       18.5586    17191   68.71%           id122 D     16     15     15
     19    21       14.2627   113       11.0000       18.5586    19558   68.71%            id59 U     19     17     17
     21    23       14.6740   122       11.0000       18.5586    21322   68.71%           id191 U     21     18     18
     25    27       16.7215   174       11.0000       18.5586    22467   68.71%            id19 D     25     24     22
     39    41       15.8595   159       11.0000       18.5586    27472   68.71%           id101 D     39     38     35
Elapsed real time =  21.45 sec. (tree size =  0.41 MB, solutions = 4)
     55    57       14.7079   145       11.0000       18.5586    32494   68.71%            id66 D     55     54     49
     77    77       13.2615   128       11.0000       18.5586    38133   68.71%            id42 D     77     76     69
    108    92       14.7135   127       11.0000       18.3856    41936   67.14%            id71 D    108    107      3
    120   102       13.3631    93       11.0000       18.3856    45916   67.14%           id171 D    120    119     12
    146   118       14.1700   117       11.0000       18.3573    51269   66.88%           id181 U    146      1      2
    165   137       12.7892    99       11.0000       18.3573    55262   66.88%            id36 D    165    164     21
    180   148       14.4353   126       11.0000       18.2811    59623   66.19%           id159 D    180    179      4
    207   175       12.4158    87       11.0000       18.2811    62760   66.19%            id95 D    207    206     31
    223   187       14.3557   117       11.0000       18.2392    66795   65.81%           id186 D    223    222     12
    240   204       13.1264    82       11.0000       18.2392    69657   65.81%           id104 D    240    239     29
Elapsed real time =  37.52 sec. (tree size =  3.75 MB, solutions = 4)
    260   221       13.7490   116       11.0000       18.2030    72654   65.48%            id99 D    260    259      9
    275   232       12.6977   101       11.0000       18.2030    76229   65.48%            id20 D    275    274     22
    293   242       14.3155   122       11.0000       17.9991    80144   63.63%            id71 D    293    292      9
    314   263       12.7550   101       11.0000       17.9991    83705   63.63%            id60 D    314    313     30
    336   281       13.6958   114       11.0000       17.9501    87746   63.18%             id4 D    336    335     15
    358   300       14.1233   116       11.0000       17.8504    91087   62.28%           id160 U    358      7      8
    387   325       14.0568   117       11.0000       17.7437    94713   61.31%            id81 U    387      8      9
    405   339       14.1174   120       11.0000       17.6099    98190   60.09%           id116 U    405     10     11
    431   363       12.1044    87       11.0000       17.6099   100748   60.09%            id12 D    431    430     36
    440   368       14.1523   117       11.0000       17.5641   102863   59.67%            id86 D    440    439     17
Elapsed real time =  55.14 sec. (tree size = 10.05 MB, solutions = 4)
    454   382       12.9623    85       11.0000       17.5641   106443   59.67%           id152 U    454    453     31
    473   397       14.5302   121       11.0000       17.4796   110597   58.91%           id129 U    473     13     13
    487   411       13.3579   105       11.0000       17.4796   113530   58.91%            id20 D    487    486     27
    504   428       12.3287    72       11.0000       17.4796   116607   58.91%            id37 D    504    503     44
    521   441       12.9941    96       11.0000       17.4600   119620   58.73%            id83 D    521    520     24
    538   454       13.8781   116       11.0000       17.3842   122469   58.04%           id140 D    538    537     18
    562   474       14.8523   127       11.0000       17.0481   126102   54.98%           id186 U    562     16     16
    584   492       13.1465   109       11.0000       17.0481   129232   54.98%             id5 D    584    583     35
    594   496       14.1907   115       11.0000       16.9389   132095   53.99%            id79 D    594    593     21
    607   509       13.2084    97       11.0000       16.9389   135119   53.99%            id41 D    607    606     34
Elapsed real time =  73.55 sec. (tree size = 12.61 MB, solutions = 4)
    628   530       12.1226    66       11.0000       16.9389   138546   53.99%            id74 D    628    627     55
*   630   323      integral     0       12.0000       16.9389   138819   41.16%            id82 U    630    628     56
    645   334       14.4659   117       12.0000       16.8326   143147   40.27%           id152 U    645     23     21
    666   349       13.6780   109       12.0000       16.7187   146487   39.32%            id19 U    666     24     22
    676   355       13.6759   103       12.0000       16.6357   149583   38.63%           id154 D    676    675     25
    686   363        cutoff             12.0000       16.6357   151642   38.63%           id109 D    686    685     35
    703   374       13.4772   111       12.0000       16.5545   155016   37.95%           id159 D    703    702     27
    716   379       13.2880   106       12.0000       16.4086   157564   36.74%             id4 D    716    715     28
    731   382       13.2243   112       12.0000       16.1508   160415   34.59%           id171 U    731     34     31
    746   389       13.2416   112       12.0000       16.0113   164053   33.43%            id42 D    746    745     35
Elapsed real time =  90.43 sec. (tree size = 10.92 MB, solutions = 5)
    764   395       13.0178   107       12.0000       15.6924   166771   30.77%           id167 U    764     40     37
    778   395       14.6158   109       12.0000       15.3054   169799   27.54%           id176 D    778    777      6
    789   406       13.7838    96       12.0000       15.3054   172869   27.54%           id130 D    789    788     17
    802   411        cutoff             12.0000       15.1927   176026   26.61%             id2 U    802     48     43
    809   406        cutoff             12.0000       15.0005   178752   25.00%           id159 U    809    217      7
    819   408       13.4431    97       12.0000       14.9023   181218   24.19%           id186 D    819    818      7
    834   417       13.1420    94       12.0000       14.8317   184018   23.60%           id177 D    834    833     15
    848   423       13.7753    93       12.0000       14.7569   186508   22.97%            id65 D    848    847     26
    863   434       14.0160   121       12.0000       14.7552   188348   22.96%            id36 D    863    862     13
    883   450       13.0594    96       12.0000       14.7471   190589   22.89%           id154 D    883    882     18
Elapsed real time = 109.62 sec. (tree size = 14.58 MB, solutions = 5)
    906   460       13.0179    94       12.0000       14.6725   192917   22.27%            id41 D    906    905     24
    931   465        cutoff             12.0000       14.5892   196518   21.58%           id177 U    931    778      7
    941   455        cutoff             12.0000       14.4964   198419   20.80%           id191 U    941    780      9
    954   448       13.4630   101       12.0000       14.3980   200800   19.98%           id104 D    954    953     10
    972   444        cutoff             12.0000       14.3481   203091   19.57%           id171 U    972    223     13
    987   429        cutoff             12.0000       14.2628   205754   18.86%            id86 U    987    476     17
    995   435       13.4318   104       12.0000       14.2548   208200   18.79%           id130 D    995    994     24
   1007   436        cutoff             12.0000       14.2315   210677   18.60%            id71 U   1007    182      7
   1020   435       13.0477    94       12.0000       14.1908   213465   18.26%           id159 D   1020   1019     17
   1032   434        cutoff             12.0000       14.1700   216235   18.08%            id95 U   1032    594     22
Elapsed real time = 130.70 sec. (tree size = 15.73 MB, solutions = 5)
   1049   435        cutoff             12.0000       14.1341   219105   17.78%             id4 U   1049    650     27
   1065   433        cutoff             12.0000       14.1027   221426   17.52%            id36 U   1065    843     22
   1082   428        cutoff             12.0000       14.0595   224010   17.16%             id4 U   1082    297     14
   1098   434       13.1975    98       12.0000       14.0494   227107   17.08%            id52 D   1098   1097     11
   1115   435        cutoff             12.0000       14.0191   229584   16.83%            id50 U   1115     65     60
   1138   416       13.4598   100       12.0000       13.9465   232691   16.22%           id186 U   1138    887      5
   1160   421       13.4237    95       12.0000       13.9338   235936   16.12%             id4 U   1160    388     11
   1173   430       13.0614    89       12.0000       13.9266   238515   16.05%           id152 D   1173   1172     20
   1188   429       13.2398   105       12.0000       13.9077   240946   15.90%           id176 D   1188   1187     22
   1206   438       13.2350    95       12.0000       13.8990   244146   15.82%            id52 U   1206    116     10
Elapsed real time = 151.30 sec. (tree size = 15.38 MB, solutions = 5)
   1225   435       13.2693    98       12.0000       13.8760   247484   15.63%           id140 U   1225    537     18
   1250   426       13.1521    93       12.0000       13.8236   250859   15.20%           id186 D   1250   1249     19
   1283   405        cutoff             12.0000       13.7429   253804   14.52%            id86 U   1283    540     21
   1317   381       13.2558    99       12.0000       13.6597   257266   13.83%            id71 D   1317   1316     18
   1354   358        cutoff             12.0000       13.5933   260463   13.28%            id36 U   1354    337     17
   1380   344       13.1575    93       12.0000       13.5392   263488   12.83%           id116 D   1380   1379     14
   1429   305        cutoff             12.0000       13.4472   266890   12.06%           id133 U   1429    368     19
   1508   226        cutoff             12.0000       13.3095   269994   10.91%            id86 U   1508    892     10
   1574   168        cutoff             12.0000       13.2397   272822   10.33%            id60 U   1574    855     34
   1694    48        cutoff             12.0000       13.0968   274811    9.14%            id65 U   1694    707     32
Elapsed real time = 169.62 sec. (tree size =  1.17 MB, solutions = 5)

User cuts applied:  9906

Root node processing (before b&c):
  Real time             =   15.60
Sequential b&c:
  Real time             =  154.62
                          -------
Total (root+branch&cut) =  170.23 sec.
Solution status = Optimal
Solution value  = 12
GAP             = 0%
Heuristica 1 : 978
Heuristica 2 : 270
A = [ 0 0 0 0 0 1 0 0 0 0 0 0 0 0 0 0 0 1 0 0 0 0 0 0 0 0 0 0 0 0 0 0 0 0 0 0 0 0 0 0 0 0 0 1 0 0 0 0 0 0 0 0 0 0 0 0 0 1 0 0 0 0 0 0 0 0 0 0 0 0 0 0 0 0 0 0 0 0 0 0 0 1 0 0 0 0 0 0 0 0 0 0 0 1 0 0 0 0 0 0 ]
B = [ 0 0 0 0 0 0 0 0 0 0 0 0 0 0 0 0 0 0 0 0 0 0 0 0 0 0 0 0 0 1 0 0 0 0 0 0 0 0 0 0 0 0 0 0 0 0 0 0 0 0 0 0 0 0 0 0 0 0 0 0 0 0 0 0 0 0 0 0 0 0 0 1 0 0 1 0 0 0 0 0 0 0 0 0 1 0 1 0 0 0 0 0 0 0 0 0 0 0 0 1 ]
