LINE 15
DIMENSOES 100 3465
N cortes 1
Found feasible solution after 0.00 sec.  Objective = 0.0000
Clique table members: 880.
MIP emphasis: balance optimality and feasibility.
MIP search method: traditional branch-and-cut.
Parallel mode: none, using 1 thread.
Root relaxation solution time =    0.05 sec.

        Nodes                                         Cuts/
   Node  Left     Objective  IInf  Best Integer    Best Bound    ItCnt     Gap         Variable B NodeID Parent  Depth

*     0+    0                            0.0000                    559     --- 
*     0+    0                            9.0000                    559     --- 
      0     0       25.4110   176        9.0000       25.4110      559  182.34%
*     0+    0                           11.0000       25.4110      559  131.01%
      0     0       25.0107   176       11.0000       User: 4      702  127.37%
      0     0       24.6461   162       11.0000       User: 4      834  124.06%
      0     0       24.2065   166       11.0000       User: 4      993  120.06%
      0     0       23.8545   170       11.0000       User: 4     1172  116.86%
      0     0       23.6943   166       11.0000       User: 4     1308  115.40%
      0     0       23.5460   164       11.0000       User: 4     1390  114.05%
      0     0       23.4440   168       11.0000       User: 4     1475  113.13%
      0     0       23.3775   174       11.0000       User: 4     1543  112.52%
      0     0       23.2176   176       11.0000       User: 4     1668  111.07%
      0     0       23.1181   164       11.0000       User: 4     1764  110.16%
      0     0       22.9865   172       11.0000       User: 4     1876  108.97%
      0     0       22.8881   174       11.0000       User: 4     1938  108.07%
      0     0       22.8056   172       11.0000       User: 4     2061  107.32%
      0     0       22.7558   170       11.0000       User: 4     2147  106.87%
*     0+    0                           11.0000       22.7558     2147  106.87%
      0     0       22.6946   166       11.0000       User: 4     2208  106.31%
      0     0       22.6807   172       11.0000       User: 4     2251  106.19%
      0     0       22.5932   164       11.0000       User: 4     2340  105.39%
      0     0       22.5722   168       11.0000       User: 4     2402  105.20%
      0     0       22.5271   168       11.0000       User: 4     2463  104.79%
      0     0       22.4710   170       11.0000       User: 4     2529  104.28%
      0     0       22.4239   168       11.0000       User: 4     2576  103.85%
      0     0       22.3186   166       11.0000       User: 4     2655  102.90%
      0     0       22.2383   172       11.0000       User: 4     2709  102.17%
      0     0       22.1590   166       11.0000       User: 4     2789  101.45%
      0     0       22.1121   172       11.0000       User: 4     2852  101.02%
      0     0       22.0560   174       11.0000       User: 4     2926  100.51%
      0     0       21.9775   166       11.0000       User: 4     3023   99.80%
      0     0       21.9206   164       11.0000       User: 4     3101   99.28%
      0     0       21.8498   172       11.0000       User: 4     3195   98.63%
      0     0       21.8027   172       11.0000       User: 4     3278   98.21%
      0     0       21.7401   164       11.0000       User: 4     3418   97.64%
      0     0       21.7182   164       11.0000       User: 4     3503   97.44%
      0     0       21.6979   166       11.0000       User: 4     3582   97.25%
      0     0       21.6487   160       11.0000       User: 4     3710   96.81%
      0     0       21.6094   164       11.0000       User: 4     3785   96.45%
      0     0       21.5627   164       11.0000       User: 4     3888   96.02%
      0     0       21.5030   166       11.0000       User: 4     3969   95.48%
      0     0       21.4542   170       11.0000       User: 4     4056   95.04%
      0     0       21.4251   174       11.0000       User: 4     4125   94.77%
      0     0       21.3952   168       11.0000       User: 4     4175   94.50%
      0     0       21.3913   164       11.0000       User: 4     4198   94.47%
      0     0       21.3654   166       11.0000       User: 4     4270   94.23%
      0     0       21.3287   174       11.0000       User: 4     4333   93.90%
      0     0       21.3098   172       11.0000       User: 4     4391   93.73%
      0     0       21.3007   176       11.0000       User: 4     4420   93.64%
      0     0       21.2821   170       11.0000       User: 4     4467   93.47%
      0     0       21.2524   166       11.0000       User: 4     4536   93.20%
      0     0       21.2413   172       11.0000       User: 4     4574   93.10%
      0     0       21.2208   174       11.0000       User: 4     4632   92.92%
      0     0       21.2146   170       11.0000       User: 4     4656   92.86%
      0     0       21.2109   172       11.0000       User: 4     4681   92.83%
      0     0       21.1861   170       11.0000       User: 4     4727   92.60%
      0     0       21.1713   174       11.0000       User: 4     4785   92.47%
      0     0       21.1678   176       11.0000       User: 4     4805   92.43%
      0     0       21.1581   174       11.0000       User: 4     4855   92.35%
      0     0       21.1372   172       11.0000       User: 4     4925   92.16%
      0     0       21.1343   174       11.0000       User: 4     4938   92.13%
      0     0       21.1180   174       11.0000       User: 4     4989   91.98%
      0     0       21.1042   174       11.0000       User: 4     5046   91.86%
      0     0       21.0922   180       11.0000       User: 4     5084   91.75%
      0     0       21.0817   172       11.0000       User: 4     5129   91.65%
      0     0       21.0806   176       11.0000       User: 4     5142   91.64%
      0     0       21.0739   174       11.0000       User: 4     5187   91.58%
      0     0       21.0519   176       11.0000       User: 4     5221   91.38%
      0     0       21.0284   182       11.0000       User: 4     5262   91.17%
      0     0       20.9698   188       11.0000       User: 4     5324   90.63%
      0     0       20.9531   184       11.0000       User: 4     5365   90.48%
      0     0       20.9144   180       11.0000       User: 4     5448   90.13%
      0     0       20.8811   180       11.0000       User: 4     5521   89.83%
      0     0       20.8160   186       11.0000       User: 4     5589   89.24%
      0     0       20.7777   176       11.0000       User: 4     5657   88.89%
      0     0       20.7593   178       11.0000       User: 4     5726   88.72%
      0     0       20.6855   176       11.0000       User: 4     5787   88.05%
      0     0       20.6817   178       11.0000       User: 4     5813   88.02%
      0     0       20.6317   176       11.0000       User: 4     5883   87.56%
      0     0       20.6185   176       11.0000       User: 4     5932   87.44%
      0     0       20.5920   180       11.0000       User: 4     5973   87.20%
      0     0       20.5569   180       11.0000       User: 4     6041   86.88%
      0     0       20.5446   172       11.0000       User: 4     6072   86.77%
      0     0       20.5375   176       11.0000       User: 4     6120   86.70%
      0     0       20.4729   182       11.0000       User: 4     6207   86.12%
      0     0       20.4380   178       11.0000       User: 4     6267   85.80%
      0     0       20.4171   182       11.0000       User: 4     6312   85.61%
      0     0       20.3691   180       11.0000       User: 4     6389   85.17%
      0     0       20.3553   184       11.0000       User: 4     6435   85.05%
      0     0       20.3380   178       11.0000       User: 4     6478   84.89%
      0     0       20.3322   178       11.0000       User: 4     6492   84.84%
      0     0       20.3203   184       11.0000       User: 4     6541   84.73%
      0     0       20.2958   184       11.0000       User: 4     6596   84.51%
      0     0       20.2944   188       11.0000       User: 4     6612   84.49%
      0     0       20.2831   184       11.0000       User: 4     6646   84.39%
      0     0       20.2744   186       11.0000       User: 4     6680   84.31%
      0     0       20.2713   184       11.0000       User: 4     6700   84.28%
      0     0       20.2546   180       11.0000       User: 4     6743   84.13%
      0     0       20.2307   186       11.0000       User: 4     6788   83.92%
      0     0       20.2002   184       11.0000       User: 4     6830   83.64%
      0     0       20.1924   188       11.0000       User: 4     6853   83.57%
      0     0       20.1733   182       11.0000       User: 4     6892   83.39%
      0     0       20.1435   180       11.0000       User: 4     6960   83.12%
      0     0       20.1185   180       11.0000       User: 4     7024   82.90%
      0     0       20.1126   182       11.0000       User: 4     7063   82.84%
      0     0       20.0835   178       11.0000       User: 4     7126   82.58%
      0     0       20.0637   186       11.0000       User: 4     7179   82.40%
      0     0       20.0470   186       11.0000       User: 4     7236   82.25%
      0     0       20.0365   182       11.0000       User: 4     7276   82.15%
      0     0       20.0354   186       11.0000       User: 4     7290   82.14%
      0     0       20.0281   188       11.0000       User: 4     7310   82.07%
      0     0       20.0036   186       11.0000       User: 4     7364   81.85%
      0     0       19.9957   186       11.0000       User: 4     7403   81.78%
      0     0       19.9912   180       11.0000       User: 4     7422   81.74%
      0     0       19.9795   184       11.0000       User: 4     7465   81.63%
      0     0       19.9787   184       11.0000       User: 4     7478   81.62%
      0     0       19.9766   186       11.0000       User: 4     7503   81.61%
      0     0       19.9467   190       11.0000       User: 4     7577   81.33%
      0     0       19.9363   186       11.0000       User: 4     7619   81.24%
      0     0       19.9317   188       11.0000       User: 4     7650   81.20%
      0     0       19.9316   188       11.0000       User: 4     7659   81.20%
      0     0       19.9188   186       11.0000       User: 4     7724   81.08%
      0     0       19.9126   184       11.0000       User: 4     7763   81.02%
      0     0       19.9074   186       11.0000       User: 4     7809   80.98%
      0     0       19.9041   188       11.0000       User: 4     7838   80.95%
      0     0       19.8772   186       11.0000       User: 4     7902   80.70%
      0     0       19.8755   186       11.0000       User: 4     7932   80.69%
      0     0       19.8569   186       11.0000       User: 4     7985   80.52%
      0     0       19.8335   194       11.0000       User: 4     8062   80.30%
      0     0       19.8163   188       11.0000       User: 4     8119   80.15%
      0     0       19.7938   188       11.0000       User: 4     8169   79.94%
      0     0       19.7854   194       11.0000       User: 4     8223   79.87%
      0     0       19.7804   186       11.0000       User: 4     8254   79.82%
      0     0       19.7785   190       11.0000       User: 4     8270   79.80%
      0     0       19.7779   192       11.0000       User: 4     8280   79.80%
      0     0       19.7707   192       11.0000       User: 4     8307   79.73%
      0     0       19.7690   192       11.0000       User: 4     8324   79.72%
      0     0       19.7555   190       11.0000       User: 4     8364   79.60%
      0     0       19.7470   188       11.0000       User: 4     8407   79.52%
      0     0       19.7241   186       11.0000       User: 4     8459   79.31%
      0     0       19.6864   188       11.0000       User: 4     8532   78.97%
      0     0       19.6825   188       11.0000       User: 4     8545   78.93%
      0     0       19.6787   192       11.0000       User: 4     8564   78.90%
      0     0       19.6722   192       11.0000       User: 4     8591   78.84%
      0     0       19.6718   190       11.0000       User: 4     8601   78.83%
      0     0       19.6460   192       11.0000       User: 4     8669   78.60%
      0     0       19.6286   188       11.0000       User: 4     8738   78.44%
      0     0       19.6117   190       11.0000       User: 4     8805   78.29%
      0     0       19.5960   190       11.0000       User: 4     8865   78.15%
      0     0       19.5800   192       11.0000       User: 4     8911   78.00%
      0     0       19.5346   190       11.0000       User: 4     8969   77.59%
      0     0       19.5188   188       11.0000       User: 4     8995   77.44%
      0     0       19.5159   188       11.0000       User: 4     9012   77.42%
      0     0       19.5137   188       11.0000       User: 4     9037   77.40%
      0     0       19.4980   188       11.0000       User: 4     9085   77.25%
      0     0       19.4958   188       11.0000       User: 4     9117   77.23%
      0     0       19.4920   189       11.0000       User: 4     9150   77.20%
      0     0       19.4917   189       11.0000       User: 4     9155   77.20%
      0     0       19.4678   195       11.0000       User: 4     9229   76.98%
      0     0       19.4593   187       11.0000       User: 4     9266   76.90%
      0     0       19.4526   191       11.0000       User: 4     9321   76.84%
      0     0       19.4514   193       11.0000       User: 4     9341   76.83%
      0     0       19.4501   193       11.0000       User: 4     9378   76.82%
      0     0       19.4494   193       11.0000       User: 4     9397   76.81%
      0     0       19.4453   191       11.0000       User: 4     9433   76.78%
      0     0       19.4435   191       11.0000       User: 4     9466   76.76%
      0     0       19.4432   193       11.0000       User: 4     9476   76.76%
      0     0       19.4040   187       11.0000       User: 4     9564   76.40%
      0     0       19.3881   189       11.0000       User: 4     9633   76.26%
      0     0       19.3569   182       11.0000       User: 4     9727   75.97%
      0     0       19.3537   191       11.0000       User: 4     9759   75.94%
      0     0       19.3513   193       11.0000       User: 4     9776   75.92%
      0     0       19.3222   193       11.0000       User: 4     9856   75.66%
      0     0       19.3110   193       11.0000       User: 4     9900   75.55%
      0     0       19.2994   197       11.0000       User: 4     9943   75.45%
      0     0       19.2984   195       11.0000       User: 4     9959   75.44%
      0     0       19.2846   194       11.0000       User: 4    10008   75.31%
      0     0       19.2799   197       11.0000       User: 4    10037   75.27%
      0     0       19.2797   199       11.0000       User: 4    10045   75.27%
      0     0       19.2774   193       11.0000       User: 4    10079   75.25%
      0     0       19.2692   189       11.0000       User: 4    10124   75.17%
      0     0       19.2602   195       11.0000       User: 4    10177   75.09%
      0     0       19.2404   199       11.0000       User: 4    10240   74.91%
      0     0       19.2368   197       11.0000       User: 4    10266   74.88%
      0     0       19.2284   199       11.0000       User: 4    10310   74.80%
      0     0       19.2136   197       11.0000       User: 4    10368   74.67%
      0     0       19.1944   187       11.0000       User: 4    10430   74.49%
      0     0       19.1924   199       11.0000       User: 4    10455   74.48%
      0     0       19.1316   185       11.0000       User: 4    10594   73.92%
      0     0       19.1025   183       11.0000       User: 4    10674   73.66%
      0     0       19.0894   183       11.0000       User: 4    10734   73.54%
      0     0       19.0863   187       11.0000       User: 4    10783   73.51%
      0     0       19.0817   189       11.0000       User: 4    10820   73.47%
      0     0       19.0791   191       11.0000       User: 4    10856   73.45%
      0     0       19.0713   189       11.0000       User: 4    10890   73.38%
      0     0       19.0674   195       11.0000       User: 4    10938   73.34%
      0     0       19.0614   196       11.0000       User: 4    10978   73.29%
      0     0       19.0544   190       11.0000       User: 4    11020   73.22%
      0     0       19.0511   190       11.0000       User: 4    11059   73.19%
      0     0       19.0398   189       11.0000       User: 4    11113   73.09%
      0     0       19.0291   191       11.0000       User: 4    11146   72.99%
      0     0       19.0286   193       11.0000       User: 4    11158   72.99%
      0     0       19.0251   190       11.0000       User: 4    11178   72.96%
      0     0       19.0214   190       11.0000       User: 4    11206   72.92%
      0     0       19.0203   192       11.0000       User: 4    11226   72.91%
      0     0       19.0201   192       11.0000       User: 4    11234   72.91%
*     0+    0                           12.0000       19.0201    11234   58.50%
      0     0       19.0184   192       12.0000       User: 4    11255   58.49%
      0     0       19.0158   194       12.0000       User: 4    11273   58.46%
      0     0       19.0113   192       12.0000       User: 4    11306   58.43%
      0     0       19.0103   194       12.0000       User: 4    11340   58.42%
      0     0       19.0066   194       12.0000       User: 4    11376   58.39%
      0     0       19.0054   193       12.0000       User: 4    11391   58.38%
      0     0       19.0012   190       12.0000       User: 4    11431   58.34%
      0     0       18.9891   194       12.0000       User: 4    11481   58.24%
      0     0       18.9813   192       12.0000       User: 4    11523   58.18%
      0     0       18.9484   195       12.0000       User: 4    11603   57.90%
      0     0       18.9400   187       12.0000       User: 4    11658   57.83%
      0     0       18.9381   191       12.0000       User: 4    11686   57.82%
      0     0       18.9273   197       12.0000       User: 4    11730   57.73%
      0     0       18.9257   195       12.0000       User: 4    11748   57.71%
      0     0       18.9226   195       12.0000       User: 4    11768   57.69%
      0     0       18.9220   195       12.0000       User: 4    11779   57.68%
      0     0       18.9067   195       12.0000       User: 4    11819   57.56%
      0     0       18.8886   189       12.0000       User: 4    11912   57.40%
      0     0       18.8865   187       12.0000       User: 4    11947   57.39%
      0     0       18.8851   189       12.0000       User: 4    11972   57.38%
      0     0       18.8789   193       12.0000       User: 4    12020   57.32%
      0     0       18.8760   195       12.0000       User: 4    12045   57.30%
      0     0       18.8757   193       12.0000       User: 4    12058   57.30%
      0     0       18.8744   193       12.0000       User: 4    12072   57.29%
      0     0       18.8713   191       12.0000       User: 4    12087   57.26%
      0     0       18.8713   191       12.0000       User: 4    12092   57.26%
      0     2       18.8713   191       12.0000       18.8713    12092   57.26%                        0             0
Elapsed real time =  12.35 sec. (tree size =  0.00 MB, solutions = 5)
      1     3       18.7465   193       12.0000       18.8713    12786   57.26%            id56 D      1      0      1
      2     4       18.6218   195       12.0000       18.8713    13525   57.26%           id156 D      2      1      2
      4     6       18.5632   190       12.0000       18.8713    13962   57.26%           id135 D      4      3      4
      6     8       18.2045   189       12.0000       18.8713    15979   57.26%            id13 D      6      5      6
     10    12       14.6789   120       12.0000       18.8713    19908   57.26%            id48 U     10      8      9
     13    15       17.6119   181       12.0000       18.8713    21392   57.26%           id148 D     13     12     12
     16    18       17.4654   180       12.0000       18.8713    22969   57.26%           id178 D     16     15     14
     20    22       17.1615   179       12.0000       18.8713    24061   57.26%            id32 D     20     19     18
     23    25       16.9582   176       12.0000       18.8713    25910   57.26%            id57 D     23     22     20
     40    42       15.9676   158       12.0000       18.8713    31520   57.26%            id74 D     40     38     35
Elapsed real time =  18.22 sec. (tree size =  0.22 MB, solutions = 5)
     65    65       13.0758    90       12.0000       18.8713    37404   57.26%             id9 U     65     63     57
     92    78       14.5984   118       12.0000       18.7465    41191   56.22%            id32 D     92     91      4
    114    93       15.0834   118       12.0000       18.6184    46525   55.15%           id156 U    114      1      2
    125   104       14.2007    95       12.0000       18.6184    51115   55.15%            id35 D    125    124     13
    136   115       13.2085    82       12.0000       18.6184    55725   55.15%            id58 D    136    135     24
    155   130       13.5715   113       12.0000       18.5891    60745   54.91%           id172 D    155    154     15
    173   144       14.1697   114       12.0000       18.5611    65212   54.68%            id95 D    173    172     14
    189   156       14.6554   118       12.0000       18.3045    69449   52.54%           id165 D    189    188      9
    211   170       13.3855    86       12.0000       18.3045    72660   52.54%           id150 D    211    210     27
    236   187       15.4199   126       12.0000       18.1930    77224   51.61%            id40 U    236      6      7
Elapsed real time =  33.95 sec. (tree size =  3.65 MB, solutions = 5)
    254   205       13.2605   110       12.0000       18.1930    80443   51.61%           id195 D    254    253     25
    269   217       14.0599   113       12.0000       18.0588    83889   50.49%           id140 D    269    268     17
    291   235       14.5760   120       12.0000       17.7100    88902   47.58%           id165 U    291      9     10
    304   248       13.6478    87       12.0000       17.7100    92219   47.58%           id178 U    304    303     23
    320   261       14.2478   119       12.0000       17.6061    96467   46.72%           id180 D    320    319     17
    338   275       14.2366   113       12.0000       17.5045   100484   45.87%             id9 D    338    337     16
    355   292       13.1011    79       12.0000       17.5045   103232   45.87%            id57 D    355    354     33
    373   302       14.4077   115       12.0000       17.4169   107504   45.14%            id42 U    373     16     15
    387   316       13.3288    85       12.0000       17.4169   111213   45.14%           id150 D    387    386     29
    407   328       15.1162   127       12.0000       17.1416   115725   42.85%            id63 U    407     18     17
Elapsed real time =  51.03 sec. (tree size =  7.79 MB, solutions = 5)
    429   344       14.6499   122       12.0000       17.0459   118934   42.05%            id69 U    429     20     19
    445   356       14.5653   121       12.0000       16.9575   121668   41.31%            id57 U    445     22     20
    467   368       14.4367   116       12.0000       16.6927   124814   39.11%           id180 U    467     25     23
    480   379        cutoff             12.0000       16.6927   127959   39.11%            id70 D    480    479     36
    496   389       13.4594   109       12.0000       16.6099   132105   38.42%           id122 U    496     28     25
    513   395       13.5909   102       12.0000       16.4329   135823   36.94%            id41 D    513    512     29
    526   404       14.0006    98       12.0000       16.3419   138458   36.18%           id119 D    526    525     29
    539   417       13.0956    81       12.0000       16.3419   140748   36.18%           id126 D    539    538     42
    549   423       13.3418    96       12.0000       16.3325   143869   36.10%           id195 D    549    548     36
    566   432       13.7115   108       12.0000       16.1498   148193   34.58%           id141 U    566     34     31
Elapsed real time =  69.07 sec. (tree size = 11.85 MB, solutions = 5)
    580   438       13.1899    92       12.0000       15.9913   151452   33.26%            id46 D    580    579     37
    591   443       13.4183   107       12.0000       15.9032   154712   32.53%           id163 D    591    590     40
    605   449       13.5164   109       12.0000       15.7863   158320   31.55%            id95 U    605     42     38
    626   452       13.7978   107       12.0000       15.5786   161605   29.82%            id19 U    626     47     43
    643   462       13.0603   105       12.0000       15.3924   164607   28.27%           id169 U    643     50     46
    663   470       14.4500    96       12.0000       15.2060   167246   26.72%           id148 D    663    662      8
    681   488       13.2447    74       12.0000       15.2060   170177   26.72%           id195 D    681    680     26
    694   489       14.1650    95       12.0000       15.0970   173307   25.81%           id150 D    694    693     19
    714   505       14.6398   105       12.0000       15.0914   175721   25.76%           id148 D    714    713      4
    737   524       14.3631   101       12.0000       15.0798   178317   25.66%           id109 U    737    314     12
Elapsed real time =  87.65 sec. (tree size = 14.73 MB, solutions = 5)
    753   536       13.2698    83       12.0000       15.0798   180858   25.66%            id42 D    753    752     25
    766   535       13.6535   103       12.0000       14.9956   183542   24.96%            id48 U    766    186      7
    781   542       14.3382   102       12.0000       14.9853   186297   24.88%           id200 D    781    780     13
    795   556       13.3198    90       12.0000       14.9853   189464   24.88%           id141 D    795    794     27
    813   562       14.1900   123       12.0000       14.9477   192911   24.56%           id200 D    813     14     13
    828   569       13.7420   103       12.0000       14.8980   195303   24.15%            id89 U    828    260      9
    845   571        cutoff             12.0000       14.8177   198143   23.48%           id148 U    845    187      8
    854   580       13.5786    93       12.0000       14.8133   201209   23.44%            id18 D    854    853     23
    874   595       13.1151    96       12.0000       14.8116   203542   23.43%            id40 D    874    873     13
    885   590        cutoff             12.0000       14.7235   206277   22.70%           id165 U    885    188      9
Elapsed real time = 107.20 sec. (tree size = 20.39 MB, solutions = 5)
    898   595       13.0868    90       12.0000       14.7033   209431   22.53%           id119 D    898    897     12
    908   591       14.0744   121       12.0000       14.6712   212063   22.26%           id165 D    908    907     12
    925   604       13.3033    97       12.0000       14.6579   214418   22.15%           id152 D    925    924     15
    941   612       13.6436    91       12.0000       14.6481   216967   22.07%           id150 D    941    940     28
    958   611        cutoff             12.0000       14.6308   219378   21.92%             id9 U    958    166      8
    976   613        cutoff             12.0000       14.5687   222032   21.41%           id165 U    976    242     14
    995   620       13.9649    96       12.0000       14.5444   224244   21.20%            id63 D    995    994     18
   1007   632       13.1215    74       12.0000       14.5444   225768   21.20%            id61 D   1007   1006     30
   1022   623        cutoff             12.0000       14.5014   228445   20.85%           id119 U   1022    243     15
   1038   623        cutoff             12.0000       14.4644   231170   20.54%            id32 U   1038    293     13
Elapsed real time = 127.08 sec. (tree size = 24.33 MB, solutions = 5)
   1055   624       13.5735    98       12.0000       14.4201   233782   20.17%           id200 D   1055   1054     12
   1070   623       13.4391    90       12.0000       14.3965   236184   19.97%            id34 D   1070   1069     26
   1087   622        cutoff             12.0000       14.3365   238451   19.47%           id135 U   1087    717      8
   1098   613       13.7366   114       12.0000       14.2901   240679   19.08%            id41 D   1098     26     23
   1115   620       13.2052    86       12.0000       14.2759   243839   18.97%           id119 U   1115    360     17
   1126   622       13.6528    90       12.0000       14.2669   246471   18.89%            id41 D   1126   1125     20
   1145   633       13.6965    95       12.0000       14.2540   248652   18.78%           id119 D   1145   1144     20
   1166   634       14.0548   113       12.0000       14.2344   251144   18.62%           id163 D   1166    338     17
   1179   647       13.1563   101       12.0000       14.2344   254040   18.62%            id19 D   1179   1178     30
   1198   645        cutoff             12.0000       14.2029   257491   18.36%           id180 U   1198    782     15
Elapsed real time = 147.42 sec. (tree size = 26.48 MB, solutions = 5)
   1209   648       13.0923    93       12.0000       14.1810   260127   18.18%            id22 D   1209   1208     17
   1230   643       13.0059    94       12.0000       14.1427   262759   17.86%            id84 U   1230    450     26
   1249   635        cutoff             12.0000       14.1128   265155   17.61%            id84 U   1249    339     18
   1263   631       13.3384   102       12.0000       14.0806   267945   17.34%            id95 D   1263   1262     37
   1279   625        cutoff             12.0000       14.0595   270951   17.16%             id9 U   1279    361     18
   1304   602        cutoff             12.0000       13.9953   274074   16.63%           id199 U   1304    198     18
   1325   605       13.4392   102       12.0000       13.9794   277547   16.49%            id34 U   1325    909     14
   1347   601       13.4947    89       12.0000       13.9546   281042   16.29%           id150 D   1347   1346     29
   1373   590       13.0125    91       12.0000       13.9159   284482   15.97%            id41 D   1373    698     24
   1392   581        cutoff             12.0000       13.8803   287606   15.67%            id41 U   1392   1169     21
Elapsed real time = 165.89 sec. (tree size = 22.97 MB, solutions = 5)
   1406   591       13.0197    97       12.0000       13.8739   290617   15.62%            id46 D   1406   1405     36
   1432   567       13.5707   100       12.0000       13.8036   293520   15.03%           id140 U   1432   1026     13
   1457   572        cutoff             12.0000       13.7880   295416   14.90%           id109 U   1457    699     25
   1473   558       13.5872    81       12.0000       13.7650   297395   14.71%            id63 U   1473    673     19
   1493   558        cutoff             12.0000       13.7530   300415   14.61%            id34 U   1493    851     21
   1520   546        cutoff             12.0000       13.7162   303665   14.30%           id109 U   1520    545     33
   1546   536       13.1542   113       12.0000       13.6893   306783   14.08%            id74 D   1546   1545     30
   1574   518       13.0805    96       12.0000       13.6537   310225   13.78%           id135 D   1574   1573     13
   1598   506        cutoff             12.0000       13.6293   313586   13.58%            id94 U   1598    304     24
   1716   427        cutoff             12.0000       13.4954   325645   12.46%           id141 U   1716    365     22
Elapsed real time = 191.33 sec. (tree size = 15.93 MB, solutions = 5)
   1928   229        cutoff             12.0000       13.2675   336098   10.56%           id150 D   1928    860     29

User cuts applied:  9876

Root node processing (before b&c):
  Real time             =   11.99
Sequential b&c:
  Real time             =  194.16
                          -------
Total (root+branch&cut) =  206.15 sec.
Solution status = Optimal
Solution value  = 12
GAP             = 0%
Heuristica 1 : 1229
Heuristica 2 : 94
A = [ 0 0 0 0 0 0 0 0 0 0 0 0 0 0 0 0 0 0 0 0 0 0 0 0 0 0 0 0 0 0 0 0 0 0 0 1 0 0 0 1 0 0 0 0 0 0 0 0 0 0 0 0 0 0 0 0 0 0 0 0 0 0 1 0 0 0 0 0 0 0 0 0 0 0 0 0 0 0 0 1 0 0 0 0 0 0 0 0 1 0 0 0 0 0 0 0 0 0 0 1 ]
B = [ 0 0 1 0 0 0 0 0 0 0 0 0 0 0 0 0 0 0 0 0 0 0 0 0 0 0 0 0 0 0 0 0 0 0 0 0 0 0 0 0 0 0 0 0 0 0 0 0 0 0 0 0 1 0 0 0 0 0 1 0 1 1 0 0 0 0 0 0 0 0 0 1 0 0 0 0 0 0 0 0 0 0 0 0 0 0 0 0 0 0 0 0 0 0 0 0 0 0 0 0 ]
