LINE 15
DIMENSOES 100 3465
N cortes 1
Found feasible solution after 0.00 sec.  Objective = 0.0000
Clique table members: 818.
MIP emphasis: balance optimality and feasibility.
MIP search method: traditional branch-and-cut.
Parallel mode: none, using 1 thread.
Root relaxation solution time =    0.05 sec.

        Nodes                                         Cuts/
   Node  Left     Objective  IInf  Best Integer    Best Bound    ItCnt     Gap         Variable B NodeID Parent  Depth

*     0+    0                            0.0000                    510     --- 
*     0+    0                            8.0000                    510     --- 
      0     0       24.2278   170        8.0000       24.2278      510  202.85%
*     0+    0                            9.0000       24.2278      510  169.20%
      0     0       23.6337   168        9.0000       User: 4      685  162.60%
*     0+    0                           10.0000       23.6337      685  136.34%
      0     0       23.5501   168       10.0000       User: 4      767  135.50%
      0     0       23.4708   166       10.0000       User: 4      876  134.71%
      0     0       23.2494   172       10.0000       User: 4     1001  132.49%
*     0+    0                           10.0000       23.2494     1001  132.49%
      0     0       23.1637   162       10.0000       User: 4     1063  131.64%
      0     0       23.0696   164       10.0000       User: 4     1121  130.70%
      0     0       23.0193   168       10.0000       User: 4     1175  130.19%
      0     0       22.9476   166       10.0000       User: 4     1236  129.48%
      0     0       22.9210   162       10.0000       User: 4     1293  129.21%
      0     0       22.8927   168       10.0000       User: 4     1339  128.93%
*     0+    0                           11.0000       22.8927     1339  108.12%
      0     0       22.8875   168       11.0000       User: 4     1361  108.07%
      0     0       22.8029   166       11.0000       User: 4     1434  107.30%
      0     0       22.6570   168       11.0000       User: 4     1530  105.97%
      0     0       22.4079   164       11.0000       User: 4     1647  103.71%
      0     0       22.2621   164       11.0000       User: 4     1729  102.38%
      0     0       22.1819   170       11.0000       User: 4     1814  101.65%
      0     0       22.1409   160       11.0000       User: 4     1863  101.28%
      0     0       22.0526   165       11.0000       User: 4     1970  100.48%
      0     0       22.0197   170       11.0000       User: 4     2064  100.18%
      0     0       21.9886   168       11.0000       User: 4     2158   99.90%
      0     0       21.9384   157       11.0000       User: 4     2234   99.44%
      0     0       21.9075   159       11.0000       User: 4     2331   99.16%
      0     0       21.8991   166       11.0000       User: 4     2376   99.08%
      0     0       21.8628   164       11.0000       User: 4     2430   98.75%
      0     0       21.8452   162       11.0000       User: 4     2473   98.59%
      0     0       21.8299   163       11.0000       User: 4     2527   98.45%
      0     0       21.7981   162       11.0000       User: 4     2596   98.16%
      0     0       21.7785   164       11.0000       User: 4     2646   97.99%
      0     0       21.7373   167       11.0000       User: 4     2702   97.61%
      0     0       21.7196   173       11.0000       User: 4     2757   97.45%
      0     0       21.7081   175       11.0000       User: 4     2798   97.35%
      0     0       21.6746   169       11.0000       User: 4     2872   97.04%
      0     0       21.6322   175       11.0000       User: 4     2937   96.66%
      0     0       21.6165   167       11.0000       User: 4     2988   96.51%
      0     0       21.5654   169       11.0000       User: 4     3051   96.05%
      0     0       21.5404   167       11.0000       User: 4     3113   95.82%
      0     0       21.5180   171       11.0000       User: 4     3170   95.62%
      0     0       21.4622   162       11.0000       User: 4     3266   95.11%
      0     0       21.4272   168       11.0000       User: 4     3315   94.79%
      0     0       21.3323   169       11.0000       User: 4     3434   93.93%
      0     0       21.3116   169       11.0000       User: 4     3489   93.74%
      0     0       21.2946   171       11.0000       User: 4     3549   93.59%
      0     0       21.2594   173       11.0000       User: 4     3659   93.27%
      0     0       21.2215   179       11.0000       User: 4     3720   92.92%
      0     0       21.2127   180       11.0000       User: 4     3749   92.84%
      0     0       21.1658   172       11.0000       User: 4     3820   92.42%
      0     0       21.0970   172       11.0000       User: 4     3918   91.79%
      0     0       21.0672   174       11.0000       User: 4     3975   91.52%
      0     0       21.0555   174       11.0000       User: 4     4016   91.41%
      0     0       21.0415   174       11.0000       User: 4     4046   91.29%
      0     0       21.0310   178       11.0000       User: 4     4081   91.19%
      0     0       21.0027   174       11.0000       User: 4     4119   90.93%
      0     0       20.9747   184       11.0000       User: 4     4179   90.68%
      0     0       20.9590   180       11.0000       User: 4     4216   90.54%
      0     0       20.9517   178       11.0000       User: 4     4250   90.47%
      0     0       20.9274   181       11.0000       User: 4     4306   90.25%
      0     0       20.8987   174       11.0000       User: 4     4373   89.99%
      0     0       20.8700   173       11.0000       User: 4     4443   89.73%
      0     0       20.8534   178       11.0000       User: 4     4491   89.58%
      0     0       20.8191   178       11.0000       User: 4     4569   89.26%
      0     0       20.8131   180       11.0000       User: 4     4608   89.21%
      0     0       20.8067   182       11.0000       User: 4     4634   89.15%
      0     0       20.7972   184       11.0000       User: 4     4672   89.07%
      0     0       20.7773   178       11.0000       User: 4     4730   88.88%
      0     0       20.7650   174       11.0000       User: 4     4759   88.77%
      0     0       20.7445   176       11.0000       User: 4     4822   88.59%
      0     0       20.7121   178       11.0000       User: 4     4881   88.29%
      0     0       20.6626   185       11.0000       User: 4     4966   87.84%
      0     0       20.6343   183       11.0000       User: 4     5045   87.58%
      0     0       20.5954   179       11.0000       User: 4     5144   87.23%
      0     0       20.5914   181       11.0000       User: 4     5161   87.19%
      0     0       20.5594   183       11.0000       User: 4     5249   86.90%
      0     0       20.5529   177       11.0000       User: 4     5280   86.84%
      0     0       20.5266   172       11.0000       User: 4     5344   86.61%
      0     0       20.4836   180       11.0000       User: 4     5421   86.21%
      0     0       20.4663   174       11.0000       User: 4     5463   86.06%
      0     0       20.4455   182       11.0000       User: 4     5524   85.87%
      0     0       20.4428   174       11.0000       User: 4     5546   85.84%
      0     0       20.4249   172       11.0000       User: 4     5582   85.68%
      0     0       20.3888   176       11.0000       User: 4     5663   85.35%
      0     0       20.3646   176       11.0000       User: 4     5710   85.13%
      0     0       20.3590   178       11.0000       User: 4     5738   85.08%
      0     0       20.3381   180       11.0000       User: 4     5789   84.89%
      0     0       20.3197   181       11.0000       User: 4     5849   84.72%
      0     0       20.2773   176       11.0000       User: 4     5916   84.34%
      0     0       20.2535   183       11.0000       User: 4     6000   84.12%
      0     0       20.2451   183       11.0000       User: 4     6053   84.05%
      0     0       20.2379   180       11.0000       User: 4     6099   83.98%
      0     0       20.2357   176       11.0000       User: 4     6131   83.96%
      0     0       20.2331   180       11.0000       User: 4     6167   83.94%
      0     0       20.2160   177       11.0000       User: 4     6239   83.78%
      0     0       20.1937   179       11.0000       User: 4     6297   83.58%
      0     0       20.1519   178       11.0000       User: 4     6356   83.20%
      0     0       20.1374   182       11.0000       User: 4     6411   83.07%
      0     0       20.1149   176       11.0000       User: 4     6474   82.86%
      0     0       20.0652   180       11.0000       User: 4     6551   82.41%
      0     0       20.0275   177       11.0000       User: 4     6632   82.07%
      0     0       20.0197   175       11.0000       User: 4     6678   82.00%
      0     0       19.9975   175       11.0000       User: 4     6747   81.80%
      0     0       19.9693   174       11.0000       User: 4     6818   81.54%
      0     0       19.9264   179       11.0000       User: 4     6904   81.15%
      0     0       19.9151   179       11.0000       User: 4     6952   81.05%
      0     0       19.8898   180       11.0000       User: 4     7020   80.82%
      0     0       19.8838   180       11.0000       User: 4     7060   80.76%
      0     0       19.8771   188       11.0000       User: 4     7106   80.70%
      0     0       19.8706   180       11.0000       User: 4     7141   80.64%
      0     0       19.8557   182       11.0000       User: 4     7185   80.51%
      0     0       19.8425   174       11.0000       User: 4     7252   80.39%
      0     0       19.8405   180       11.0000       User: 4     7286   80.37%
      0     0       19.8398   181       11.0000       User: 4     7302   80.36%
*     0+    0                           12.0000       19.8398     7302   65.33%
      0     0       19.8327   189       12.0000       User: 4     7343   65.27%
      0     0       19.8296   183       12.0000       User: 4     7384   65.25%
      0     0       19.8081   180       12.0000       User: 4     7456   65.07%
      0     0       19.7943   189       12.0000       User: 4     7509   64.95%
      0     0       19.7827   193       12.0000       User: 4     7577   64.86%
      0     0       19.7763   193       12.0000       User: 4     7611   64.80%
      0     0       19.7762   193       12.0000       User: 4     7614   64.80%
      0     0       19.7614   187       12.0000       User: 4     7665   64.68%
      0     0       19.7322   183       12.0000       User: 4     7737   64.44%
      0     0       19.7209   183       12.0000       User: 4     7783   64.34%
      0     0       19.7174   185       12.0000       User: 4     7818   64.31%
      0     0       19.7062   179       12.0000       User: 4     7868   64.22%
      0     0       19.7024   179       12.0000       User: 4     7909   64.19%
      0     0       19.6936   183       12.0000       User: 4     7938   64.11%
      0     0       19.6932   183       12.0000       User: 4     7959   64.11%
      0     0       19.6922   181       12.0000       User: 4     7975   64.10%
      0     0       19.6857   181       12.0000       User: 4     8016   64.05%
      0     0       19.6774   189       12.0000       User: 4     8065   63.98%
      0     0       19.6647   185       12.0000       User: 4     8116   63.87%
      0     0       19.6605   183       12.0000       User: 4     8142   63.84%
      0     0       19.6533   183       12.0000       User: 4     8182   63.78%
      0     0       19.6526   189       12.0000       User: 4     8205   63.77%
      0     0       19.6515   189       12.0000       User: 4     8220   63.76%
      0     0       19.6509   189       12.0000       User: 4     8256   63.76%
      0     0       19.6381   187       12.0000       User: 4     8325   63.65%
      0     0       19.6226   186       12.0000       User: 4     8406   63.52%
      0     0       19.6153   187       12.0000       User: 4     8447   63.46%
      0     0       19.5927   188       12.0000       User: 4     8520   63.27%
      0     0       19.5322   185       12.0000       User: 4     8616   62.77%
      0     0       19.5196   182       12.0000       User: 4     8666   62.66%
      0     0       19.5115   181       12.0000       User: 4     8705   62.60%
      0     0       19.5077   183       12.0000       User: 4     8729   62.56%
      0     0       19.5055   185       12.0000       User: 4     8745   62.55%
      0     0       19.4774   180       12.0000       User: 4     8787   62.31%
      0     0       19.4726   187       12.0000       User: 4     8820   62.27%
      0     0       19.4529   183       12.0000       User: 4     8902   62.11%
      0     0       19.4078   182       12.0000       User: 4     8991   61.73%
      0     0       19.3719   179       12.0000       User: 4     9060   61.43%
      0     0       19.3576   186       12.0000       User: 4     9116   61.31%
      0     0       19.3404   183       12.0000       User: 4     9165   61.17%
      0     0       19.3110   177       12.0000       User: 4     9231   60.93%
      0     0       19.2907   173       12.0000       User: 4     9296   60.76%
      0     0       19.2834   177       12.0000       User: 4     9347   60.69%
      0     0       19.2798   183       12.0000       User: 4     9379   60.66%
      0     0       19.2693   179       12.0000       User: 4     9432   60.58%
      0     0       19.2679   177       12.0000       User: 4     9455   60.57%
      0     0       19.2570   179       12.0000       User: 4     9492   60.48%
      0     0       19.2548   183       12.0000       User: 4     9513   60.46%
      0     0       19.2475   184       12.0000       User: 4     9539   60.40%
      0     0       19.2305   183       12.0000       User: 4     9622   60.25%
      0     0       19.2248   183       12.0000       User: 4     9651   60.21%
      0     0       19.2148   181       12.0000       User: 4     9708   60.12%
      0     0       19.2130   185       12.0000       User: 4     9748   60.11%
      0     0       19.2115   189       12.0000       User: 4     9761   60.10%
      0     0       19.1954   183       12.0000       User: 4     9815   59.96%
      0     0       19.1884   189       12.0000       User: 4     9858   59.90%
      0     0       19.1788   183       12.0000       User: 4     9906   59.82%
      0     0       19.1516   193       12.0000       User: 4     9966   59.60%
      0     0       19.1381   185       12.0000       User: 4    10004   59.48%
      0     0       19.1358   185       12.0000       User: 4    10046   59.46%
      0     0       19.1301   185       12.0000       User: 4    10087   59.42%
      0     0       19.1233   185       12.0000       User: 4    10123   59.36%
      0     0       19.1209   185       12.0000       User: 4    10165   59.34%
      0     0       19.1193   185       12.0000       User: 4    10185   59.33%
      0     0       19.1183   187       12.0000       User: 4    10196   59.32%
      0     0       19.1174   185       12.0000       User: 4    10208   59.31%
      0     0       19.1173   191       12.0000       User: 4    10222   59.31%
      0     0       19.1162   191       12.0000       User: 4    10238   59.30%
      0     0       19.1091   191       12.0000       User: 4    10265   59.24%
      0     0       19.1005   185       12.0000       User: 4    10299   59.17%
      0     0       19.0995   187       12.0000       User: 4    10325   59.16%
      0     0       19.0940   191       12.0000       User: 4    10364   59.12%
      0     0       19.0825   189       12.0000       User: 4    10401   59.02%
      0     0       19.0516   187       12.0000       User: 4    10452   58.76%
      0     0       19.0514   185       12.0000       User: 4    10460   58.76%
      0     0       19.0487   185       12.0000       User: 4    10484   58.74%
      0     0       19.0443   185       12.0000       User: 4    10510   58.70%
      0     0       19.0340   187       12.0000       User: 4    10548   58.62%
      0     0       19.0317   185       12.0000       User: 4    10578   58.60%
      0     0       19.0311   185       12.0000       User: 4    10600   58.59%
      0     0       19.0265   185       12.0000       User: 4    10653   58.55%
      0     0       19.0261   185       12.0000       User: 4    10664   58.55%
      0     0       19.0191   191       12.0000       User: 4    10702   58.49%
      0     0       19.0152   191       12.0000       User: 4    10732   58.46%
      0     0       18.9973   191       12.0000       User: 4    10776   58.31%
      0     0       18.9970   191       12.0000       User: 4    10785   58.31%
      0     0       18.9921   189       12.0000       User: 4    10829   58.27%
      0     0       18.9748   187       12.0000       User: 4    10893   58.12%
      0     0       18.9705   189       12.0000       User: 4    10947   58.09%
      0     0       18.9648   189       12.0000       User: 4    10983   58.04%
      0     0       18.9459   191       12.0000       User: 4    11061   57.88%
      0     0       18.9398   193       12.0000       User: 4    11100   57.83%
      0     0       18.9332   191       12.0000       User: 4    11130   57.78%
      0     0       18.9332   191       12.0000       User: 4    11132   57.78%
      0     0       18.9250   187       12.0000       User: 4    11181   57.71%
      0     0       18.9156   191       12.0000       User: 4    11219   57.63%
      0     0       18.9127   191       12.0000       User: 4    11250   57.61%
      0     0       18.9046   185       12.0000       User: 4    11284   57.54%
      0     0       18.9015   187       12.0000       User: 4    11316   57.51%
      0     0       18.8941   191       12.0000       User: 4    11360   57.45%
      0     0       18.8736   189       12.0000       User: 4    11412   57.28%
      0     0       18.8648   191       12.0000       User: 4    11455   57.21%
      0     0       18.8602   189       12.0000       User: 4    11480   57.17%
      0     0       18.8551   189       12.0000       User: 4    11519   57.13%
      0     0       18.8367   188       12.0000       User: 4    11573   56.97%
      0     0       18.8327   188       12.0000       User: 4    11588   56.94%
      0     0       18.8166   193       12.0000       User: 4    11645   56.80%
      0     0       18.8104   190       12.0000       User: 4    11683   56.75%
      0     0       18.7988   192       12.0000       User: 4    11719   56.66%
      0     0       18.7926   192       12.0000       User: 4    11737   56.61%
      0     0       18.7914   190       12.0000       User: 4    11758   56.60%
      0     0       18.7822   192       12.0000       User: 4    11801   56.52%
      0     0       18.7735   192       12.0000       User: 4    11841   56.45%
      0     0       18.7735   192       12.0000       User: 4    11843   56.45%
      0     2       18.7735   192       12.0000       18.7735    11843   56.45%                        0             0
Elapsed real time =  12.18 sec. (tree size =  0.00 MB, solutions = 7)
      1     3       18.6678   189       12.0000       18.7377    12379   56.15%            id28 D      1      0      1
      3     5       15.1515   119       12.0000       18.7377    13964   56.15%           id128 U      3      1      2
      5     7       16.4633   133       12.0000       18.7377    15984   56.15%           id131 U      5      2      3
      8    10       18.1437   186       12.0000       18.7377    17504   56.15%           id114 D      8      7      6
     13    15       14.2858   117       12.0000       18.7377    21095   56.15%           id134 U     13     11     10
     16    18       17.3883   180       12.0000       18.7377    22405   56.15%            id48 D     16     15     13
     19    21       17.2635   182       12.0000       18.7377    24077   56.15%           id195 D     19     17     15
     20    22       17.1968   182       12.0000       18.7377    24181   56.15%            id93 D     20     19     16
     25    27       14.4864   114       12.0000       18.7377    26922   56.15%            id30 U     25     23     19
     43    45       16.0553   165       12.0000       18.7377    33305   56.15%           id188 D     43     41     33
Elapsed real time =  17.85 sec. (tree size =  0.38 MB, solutions = 7)
     61    63       14.9755   150       12.0000       18.7377    38250   56.15%           id132 D     61     60     48
     94    88       13.2742   115       12.0000       18.7377    42230   56.15%           id179 D     94     92     76
    114   102       13.4744    93       12.0000       18.4536    46421   53.78%           id153 D    114    113     12
    139   122       13.0173    97       12.0000       18.3523    50902   52.94%           id114 D    139    138     20
    161   140       13.9906   112       12.0000       18.2018    55047   51.68%            id82 D    161    160     24
    181   156       14.2543   124       12.0000       18.1420    58903   51.18%           id114 U    181      7      6
    209   180       14.1541   115       12.0000       17.9167    64352   49.31%            id30 D    209    208     11
    228   191       13.8654   119       12.0000       17.8670    69272   48.89%           id139 U    228      9      8
    247   206       14.0109   121       12.0000       17.7726    72942   48.11%           id134 D    247    246     13
    268   223       13.3565   118       12.0000       17.4750    76691   45.62%            id16 D    268    267     18
Elapsed real time =  33.58 sec. (tree size =  5.39 MB, solutions = 7)
    291   239       13.8288   116       12.0000       17.3282    80718   44.40%            id48 U    291     15     13
    312   254       13.1743   111       12.0000       17.1894    85016   43.25%            id82 D    312    311     24
    331   265       14.7092   126       12.0000       17.0122    88748   41.77%           id116 U    331     22     18
    356   290       13.2711    99       12.0000       17.0122    92249   41.77%            id11 D    356    355     43
    372   298       13.9656   116       12.0000       16.8105    95928   40.09%            id63 D    372    371     23
    394   312       14.2918   115       12.0000       16.6846    99222   39.04%            id58 U    394     30     24
    414   322       13.1930    99       12.0000       16.5497   102488   37.91%           id188 D    414    413     27
    429   325       15.4917   136       12.0000       16.4605   106266   37.17%            id93 D    429    428      6
    459   351       14.5876   110       12.0000       16.3447   108973   36.21%           id148 U    459      5      4
    481   373       13.1932    87       12.0000       16.3447   111593   36.21%             id7 D    481    480     26
Elapsed real time =  50.86 sec. (tree size = 14.47 MB, solutions = 7)
    498   376       13.1452   102       12.0000       15.9657   114546   33.05%            id82 U    498     43     34
    519   393       13.3256    90       12.0000       15.9433   117449   32.86%           id170 D    519    518     26
    531   393       14.5847   112       12.0000       15.6721   120983   30.60%           id130 U    531    427      5
    563   419       13.0111    67       12.0000       15.6276   123796   30.23%           id190 U    563    145      9
    574   408       13.0104   102       12.0000       15.3568   127557   27.97%           id150 U    574     58     46
    587   419       13.6816   101       12.0000       15.2423   130999   27.02%            id58 D    587    586     20
    614   440       13.5489    93       12.0000       15.1713   135081   26.43%           id195 D    614    613     23
    638   453       14.0592   120       12.0000       15.1297   138415   26.08%           id193 D    638    637     10
    659   470       13.1427    98       12.0000       15.1254   141840   26.04%            id31 D    659    658      9
    681   466       13.7033   100       12.0000       14.8638   145285   23.86%            id93 U    681    124      6
Elapsed real time =  69.24 sec. (tree size = 19.98 MB, solutions = 7)
    708   469        cutoff             12.0000       14.7532   147766   22.94%           id114 U    708    151     15
    726   467        cutoff             12.0000       14.6747   150589   22.29%            id43 U    726    631      4
    742   466       13.9991   123       12.0000       14.6176   153284   21.81%            id95 D    742    741     17
    765   477        cutoff             12.0000       14.5742   155940   21.45%            id43 U    765    531      6
    774   486       13.6548   111       12.0000       14.5730   159036   21.44%             id6 D    774    773     30
    793   501       13.0412    96       12.0000       14.5687   162338   21.41%            id88 D    793    792     23
    818   516       13.2987    98       12.0000       14.5569   164598   21.31%            id93 U    818    109      9
    835   519       13.3157   109       12.0000       14.4830   167345   20.69%           id188 D    835    834     24
    859   525       13.1582    98       12.0000       14.4531   170392   20.44%            id48 D    859    858     12
    881   537       13.1304    83       12.0000       14.4511   172898   20.43%           id106 D    881    880     33
Elapsed real time =  88.41 sec. (tree size = 24.81 MB, solutions = 7)
    905   541       13.0827    94       12.0000       14.4021   175704   20.02%           id190 U    905    333     21
    926   546       13.4242   101       12.0000       14.3387   178427   19.49%           id190 U    926    207     10
    942   554       13.1453   106       12.0000       14.3226   181204   19.36%           id150 D    942    941     36
    960   550       13.1201    95       12.0000       14.2839   184608   19.03%            id48 D    960    959     15
    979   555       13.0342   101       12.0000       14.2375   187725   18.65%            id90 D    979    978     11
   1001   553        cutoff             12.0000       14.1926   190381   18.27%            id30 U   1001    740     16
   1018   556       13.6568    85       12.0000       14.1689   193385   18.07%           id153 D   1018   1017     20
   1035   557        cutoff             12.0000       14.1397   195902   17.83%            id63 U   1035    371     23
   1057   543        cutoff             12.0000       14.0607   198867   17.17%            id88 U   1057    465     11
   1080   548       13.1369    98       12.0000       14.0416   202494   17.01%            id30 D   1080   1079     18
Elapsed real time = 108.34 sec. (tree size = 24.30 MB, solutions = 7)
   1106   532       13.0229    98       12.0000       13.9684   205505   16.40%            id88 D   1106   1105     20
   1138   508       13.5109    88       12.0000       13.9004   208936   15.84%           id157 U   1138    451     29
   1165   525       13.0791    82       12.0000       13.8921   212444   15.77%           id174 D   1165   1164     31
   1200   504       13.0874    98       12.0000       13.8275   216265   15.23%            id90 D   1200   1199     20
   1221   498       13.1702    99       12.0000       13.8006   219386   15.01%           id188 U   1221    265     16
   1245   479        cutoff             12.0000       13.7558   221802   14.63%            id58 U   1245    586     20
   1275   465       13.0208    97       12.0000       13.7158   225344   14.30%           id143 U   1275    216     17
   1300   448        cutoff             12.0000       13.6770   228355   13.97%            id34 U   1300    587     21
   1321   448       13.5209    83       12.0000       13.6553   231584   13.79%            id49 U   1321    612     22
   1356   432       13.4497    84       12.0000       13.6121   235160   13.43%            id74 U   1356    871     25
Elapsed real time = 127.79 sec. (tree size = 16.55 MB, solutions = 7)
   1384   432       13.1577    80       12.0000       13.5789   238514   13.16%           id138 D   1384   1383     31
   1424   414       13.2074   106       12.0000       13.5365   242182   12.80%            id38 D   1424   1423     34
   1481   375        cutoff             12.0000       13.4609   245873   12.17%            id24 U   1481    401     32
   1548   332       13.2904    94       12.0000       13.3754   249686   11.46%             id7 U   1548    687     11
   1590   314       13.2079    99       12.0000       13.3425   252911   11.19%           id111 U   1590    968     15
   1643   273       13.0242    77       12.0000       13.2850   256204   10.71%            id35 D   1643   1642     34
   1718   204        cutoff             12.0000       13.2129   259029   10.11%             id6 U   1718    326     25
   1803   129        cutoff             12.0000       13.1418   261724    9.51%           id115 U   1803    942     37

User cuts applied:  8848

Root node processing (before b&c):
  Real time             =   11.57
Sequential b&c:
  Real time             =  131.34
                          -------
Total (root+branch&cut) =  142.91 sec.
Solution status = Optimal
Solution value  = 12
GAP             = 0%
Heuristica 1 : 932
Heuristica 2 : 268
A = [ 0 1 0 0 0 0 0 0 0 0 0 0 0 0 0 1 0 0 0 0 0 0 0 0 0 0 0 0 0 0 0 0 0 0 0 1 0 0 0 0 0 0 0 0 0 0 0 0 0 0 0 0 0 0 0 0 0 0 0 0 0 0 0 0 0 0 0 0 0 0 1 0 0 0 1 0 0 0 0 0 0 0 0 0 0 0 0 0 0 0 0 0 0 0 0 0 1 0 0 0 ]
B = [ 0 0 0 0 0 0 0 0 0 0 0 0 0 0 0 0 0 0 0 0 0 0 0 1 0 1 0 0 0 0 1 0 0 0 0 0 0 0 0 0 0 0 0 1 0 0 0 0 0 0 0 0 0 0 0 0 0 0 0 0 0 0 1 0 0 0 0 0 0 0 0 0 0 1 0 0 0 0 0 0 0 0 0 0 0 0 0 0 0 0 0 0 0 0 0 0 0 0 0 0 ]
