LINE 15
DIMENSOES 100 2475
N cortes 1
Found feasible solution after 0.00 sec.  Objective = 0.0000
Clique table members: 1074.
MIP emphasis: balance optimality and feasibility.
MIP search method: traditional branch-and-cut.
Parallel mode: none, using 1 thread.
Root relaxation solution time =    0.07 sec.

        Nodes                                         Cuts/
   Node  Left     Objective  IInf  Best Integer    Best Bound    ItCnt     Gap         Variable B NodeID Parent  Depth

*     0+    0                            0.0000                    648     --- 
*     0+    0                           12.0000                    648     --- 
*     0+    0                           13.0000                    648     --- 
      0     0       36.5782   192       13.0000       36.5782      648  181.37%
      0     0       35.9711   191       13.0000       User: 4      828  176.70%
*     0+    0                           14.0000       35.9711      828  156.94%
      0     0       35.7267   191       14.0000       User: 4      946  155.19%
      0     0       35.4918   190       14.0000       User: 4     1050  153.51%
*     0+    0                           14.0000       35.4918     1050  153.51%
      0     0       35.3236   186       14.0000       User: 4     1119  152.31%
      0     0       34.9697   186       14.0000       User: 4     1268  149.78%
      0     0       34.7703   184       14.0000       User: 4     1360  148.36%
      0     0       34.5794   190       14.0000       User: 4     1471  147.00%
      0     0       34.4749   196       14.0000       User: 4     1578  146.25%
*     0+    0                           15.0000       34.4749     1578  129.83%
      0     0       34.3398   190       15.0000       User: 4     1677  128.93%
      0     0       34.2251   192       15.0000       User: 4     1781  128.17%
      0     0       34.0115   189       15.0000       User: 4     1874  126.74%
      0     0       33.9481   189       15.0000       User: 4     1921  126.32%
      0     0       33.9249   189       15.0000       User: 4     1960  126.17%
      0     0       33.8756   189       15.0000       User: 4     2031  125.84%
      0     0       33.8034   189       15.0000       User: 4     2083  125.36%
      0     0       33.7573   185       15.0000       User: 4     2140  125.05%
      0     0       33.6577   194       15.0000       User: 4     2205  124.38%
      0     0       33.6427   195       15.0000       User: 4     2227  124.28%
      0     0       33.5199   195       15.0000       User: 4     2318  123.47%
      0     0       33.4875   193       15.0000       User: 4     2351  123.25%
      0     0       33.4785   195       15.0000       User: 4     2379  123.19%
      0     0       33.4641   193       15.0000       User: 4     2419  123.09%
      0     0       33.4260   192       15.0000       User: 4     2460  122.84%
      0     0       33.3903   197       15.0000       User: 4     2506  122.60%
      0     0       33.3633   195       15.0000       User: 4     2553  122.42%
      0     0       33.3551   193       15.0000       User: 4     2595  122.37%
      0     0       33.3060   197       15.0000       User: 4     2688  122.04%
      0     0       33.2876   195       15.0000       User: 4     2718  121.92%
      0     0       33.2740   197       15.0000       User: 4     2757  121.83%
      0     0       33.2330   191       15.0000       User: 4     2822  121.55%
      0     0       33.1859   191       15.0000       User: 4     2882  121.24%
      0     0       33.0999   193       15.0000       User: 4     2939  120.67%
      0     0       33.0201   193       15.0000       User: 4     2993  120.13%
      0     0       32.9890   187       15.0000       User: 4     3043  119.93%
      0     0       32.8622   195       15.0000       User: 4     3141  119.08%
      0     0       32.8295   189       15.0000       User: 4     3194  118.86%
      0     0       32.8037   193       15.0000       User: 4     3238  118.69%
      0     0       32.7682   189       15.0000       User: 4     3279  118.45%
      0     0       32.6858   193       15.0000       User: 4     3325  117.91%
      0     0       32.6832   193       15.0000       User: 4     3334  117.89%
      0     0       32.5224   191       15.0000       User: 4     3410  116.82%
      0     0       32.3824   192       15.0000       User: 4     3470  115.88%
      0     0       32.3697   187       15.0000       User: 4     3509  115.80%
      0     0       32.3179   197       15.0000       User: 4     3582  115.45%
*     0+    0                           16.0000       32.3179     3656  101.99%
      0     0       32.2677   197       16.0000       User: 4     3656  101.67%
      0     0       32.2526   197       16.0000       User: 4     3682  101.58%
      0     0       32.2160   191       16.0000       User: 4     3721  101.35%
      0     0       32.2081   193       16.0000       User: 4     3735  101.30%
      0     0       32.1885   193       16.0000       User: 4     3774  101.18%
      0     0       32.1000   189       16.0000       User: 4     3848  100.62%
      0     0       32.0591   193       16.0000       User: 4     3902  100.37%
      0     0       32.0493   191       16.0000       User: 4     3933  100.31%
      0     0       31.9628   189       16.0000       User: 4     4001   99.77%
      0     0       31.9374   192       16.0000       User: 4     4041   99.61%
      0     0       31.9259   195       16.0000       User: 4     4073   99.54%
      0     0       31.9210   195       16.0000       User: 4     4098   99.51%
      0     0       31.8702   188       16.0000       User: 4     4152   99.19%
      0     0       31.8617   191       16.0000       User: 4     4181   99.14%
      0     0       31.8411   195       16.0000       User: 4     4230   99.01%
      0     0       31.8255   194       16.0000       User: 4     4266   98.91%
      0     0       31.8207   197       16.0000       User: 4     4278   98.88%
      0     0       31.8135   196       16.0000       User: 4     4297   98.83%
      0     0       31.8064   198       16.0000       User: 4     4327   98.79%
      0     0       31.7907   199       16.0000       User: 4     4359   98.69%
      0     0       31.7676   191       16.0000       User: 4     4400   98.55%
      0     0       31.7570   191       16.0000       User: 4     4430   98.48%
      0     0       31.7522   191       16.0000       User: 4     4450   98.45%
      0     0       31.6513   189       16.0000       User: 4     4544   97.82%
      0     0       31.6348   195       16.0000       User: 4     4582   97.72%
      0     0       31.6231   193       16.0000       User: 4     4617   97.64%
      0     0       31.6115   195       16.0000       User: 4     4647   97.57%
      0     0       31.6010   191       16.0000       User: 4     4684   97.51%
      0     0       31.5934   193       16.0000       User: 4     4709   97.46%
      0     0       31.5613   195       16.0000       User: 4     4761   97.26%
      0     0       31.5039   197       16.0000       User: 4     4814   96.90%
      0     0       31.4922   195       16.0000       User: 4     4835   96.83%
      0     0       31.4721   199       16.0000       User: 4     4872   96.70%
      0     0       31.4721   199       16.0000       User: 4     4874   96.70%
      0     0       31.4669   197       16.0000       User: 4     4896   96.67%
      0     0       31.4609   195       16.0000       User: 4     4929   96.63%
      0     0       31.4594   197       16.0000       User: 4     4940   96.62%
      0     0       31.4478   197       16.0000       User: 4     4963   96.55%
      0     0       31.4441   197       16.0000       User: 4     4980   96.53%
      0     0       31.4344   197       16.0000       User: 4     4997   96.46%
      0     0       31.4305   199       16.0000       User: 4     5018   96.44%
      0     0       31.4217   197       16.0000       User: 4     5048   96.39%
      0     0       31.4045   197       16.0000       User: 4     5082   96.28%
      0     0       31.3978   199       16.0000       User: 4     5097   96.24%
      0     0       31.3876   197       16.0000       User: 4     5127   96.17%
      0     0       31.3650   197       16.0000       User: 4     5174   96.03%
      0     0       31.3450   195       16.0000       User: 4     5212   95.91%
      0     0       31.3060   195       16.0000       User: 4     5248   95.66%
      0     0       31.2440   193       16.0000       User: 4     5305   95.27%
      0     0       31.2136   195       16.0000       User: 4     5350   95.09%
*     0+    0                           18.0000       31.2136     5350   73.41%
      0     0       31.2004   197       18.0000       User: 4     5382   73.34%
      0     0       31.1931   195       18.0000       User: 4     5403   73.29%
      0     0       31.1908   195       18.0000       User: 4     5418   73.28%
      0     0       31.1883   197       18.0000       User: 4     5432   73.27%
      0     0       31.1433   195       18.0000       User: 4     5491   73.02%
      0     0       30.9830   193       18.0000       User: 4     5582   72.13%
      0     0       30.9704   193       18.0000       User: 4     5612   72.06%
      0     0       30.8993   197       18.0000       User: 4     5683   71.66%
      0     0       30.8827   195       18.0000       User: 4     5715   71.57%
      0     0       30.8209   195       18.0000       User: 4     5783   71.23%
      0     0       30.7952   193       18.0000       User: 4     5830   71.08%
      0     0       30.7745   195       18.0000       User: 4     5898   70.97%
      0     0       30.7742   195       18.0000       User: 4     5910   70.97%
      0     0       30.7627   195       18.0000       User: 4     5944   70.90%
      0     0       30.7435   195       18.0000       User: 4     5982   70.80%
      0     0       30.7376   189       18.0000       User: 4     6000   70.76%
      0     0       30.7364   191       18.0000       User: 4     6011   70.76%
      0     0       30.7262   193       18.0000       User: 4     6054   70.70%
      0     0       30.7219   195       18.0000       User: 4     6080   70.68%
      0     0       30.7211   195       18.0000       User: 4     6090   70.67%
      0     0       30.7154   197       18.0000       User: 4     6109   70.64%
      0     0       30.7154   197       18.0000       User: 4     6111   70.64%
      0     0       30.7154   197       18.0000       User: 4     6115   70.64%
      0     0       30.6665   195       18.0000       User: 4     6191   70.37%
      0     0       30.6569   193       18.0000       User: 4     6219   70.32%
      0     0       30.6499   195       18.0000       User: 4     6246   70.28%
      0     0       30.6484   193       18.0000       User: 4     6260   70.27%
      0     0       30.6437   195       18.0000       User: 4     6277   70.24%
      0     0       30.5619   195       18.0000       User: 4     6359   69.79%
      0     0       30.5518   189       18.0000       User: 4     6386   69.73%
      0     0       30.5318   197       18.0000       User: 4     6428   69.62%
      0     0       30.5059   197       18.0000       User: 4     6470   69.48%
      0     0       30.4973   195       18.0000       User: 4     6494   69.43%
      0     0       30.4509   195       18.0000       User: 4     6558   69.17%
      0     0       30.4275   193       18.0000       User: 4     6597   69.04%
      0     0       30.4080   195       18.0000       User: 4     6640   68.93%
      0     0       30.3314   201       18.0000       User: 4     6735   68.51%
      0     0       30.2463   195       18.0000       User: 4     6811   68.04%
      0     0       30.2096   191       18.0000       User: 4     6867   67.83%
      0     0       30.1611   193       18.0000       User: 4     6923   67.56%
      0     0       30.1103   195       18.0000       User: 4     6988   67.28%
      0     0       30.0733   191       18.0000       User: 4     7034   67.07%
      0     0       30.0595   193       18.0000       User: 4     7065   67.00%
      0     0       30.0108   193       18.0000       User: 4     7124   66.73%
      0     0       30.0048   191       18.0000       User: 4     7152   66.69%
      0     0       29.9831   195       18.0000       User: 4     7194   66.57%
      0     0       29.9452   191       18.0000       User: 4     7237   66.36%
      0     0       29.9399   189       18.0000       User: 4     7266   66.33%
      0     0       29.9334   193       18.0000       User: 4     7297   66.30%
      0     0       29.9322   193       18.0000       User: 4     7310   66.29%
      0     0       29.9281   195       18.0000       User: 4     7325   66.27%
      0     0       29.9175   197       18.0000       User: 4     7367   66.21%
      0     0       29.9059   193       18.0000       User: 4     7411   66.14%
      0     0       29.9054   191       18.0000       User: 4     7417   66.14%
      0     0       29.9043   195       18.0000       User: 4     7425   66.14%
      0     0       29.8769   197       18.0000       User: 4     7459   65.98%
      0     0       29.8721   197       18.0000       User: 4     7481   65.96%
      0     0       29.8572   195       18.0000       User: 4     7530   65.87%
      0     0       29.8194   197       18.0000       User: 4     7599   65.66%
      0     0       29.8017   197       18.0000       User: 4     7634   65.56%
      0     0       29.7776   191       18.0000       User: 4     7686   65.43%
      0     0       29.7682   195       18.0000       User: 4     7734   65.38%
      0     0       29.7338   191       18.0000       User: 4     7825   65.19%
      0     0       29.7122   197       18.0000       User: 4     7884   65.07%
      0     0       29.7023   197       18.0000       User: 4     7903   65.01%
      0     0       29.6960   195       18.0000       User: 4     7928   64.98%
      0     0       29.6865   195       18.0000       User: 4     7970   64.92%
      0     0       29.6616   197       18.0000       User: 4     8031   64.79%
      0     0       29.6560   195       18.0000       User: 4     8055   64.76%
      0     0       29.6328   195       18.0000       User: 4     8121   64.63%
      0     0       29.6258   197       18.0000       User: 4     8158   64.59%
      0     0       29.6254   197       18.0000       User: 4     8166   64.59%
      0     0       29.6244   197       18.0000       User: 4     8180   64.58%
      0     0       29.5980   197       18.0000       User: 4     8235   64.43%
      0     0       29.5076   199       18.0000       User: 4     8325   63.93%
      0     0       29.5011   199       18.0000       User: 4     8356   63.90%
      0     0       29.4818   199       18.0000       User: 4     8382   63.79%
      0     0       29.4809   199       18.0000       User: 4     8398   63.78%
      0     0       29.4457   197       18.0000       User: 4     8444   63.59%
      0     0       29.4426   197       18.0000       User: 4     8452   63.57%
      0     0       29.4333   197       18.0000       User: 4     8477   63.52%
      0     0       29.4288   199       18.0000       User: 4     8504   63.49%
      0     0       29.4237   197       18.0000       User: 4     8520   63.46%
      0     0       29.4225   197       18.0000       User: 4     8524   63.46%
      0     0       29.4149   197       18.0000       User: 4     8547   63.42%
      0     0       29.3988   199       18.0000       User: 4     8580   63.33%
      0     0       29.3937   201       18.0000       User: 4     8600   63.30%
      0     0       29.3855   199       18.0000       User: 4     8616   63.25%
      0     0       29.3694   199       18.0000       User: 4     8653   63.16%
      0     0       29.3692   199       18.0000       User: 4     8659   63.16%
      0     0       29.3613   201       18.0000       User: 4     8692   63.12%
      0     0       29.3500   199       18.0000       User: 4     8717   63.06%
      0     0       29.3310   201       18.0000       User: 4     8764   62.95%
      0     0       29.3088   199       18.0000       User: 4     8794   62.83%
      0     0       29.3062   199       18.0000       User: 4     8814   62.81%
      0     0       29.3052   199       18.0000       User: 4     8825   62.81%
      0     0       29.3021   201       18.0000       User: 4     8849   62.79%
      0     0       29.2983   199       18.0000       User: 4     8870   62.77%
      0     2       29.2983   199       18.0000       29.2983     8870   62.77%                        0             0
Elapsed real time =  10.60 sec. (tree size =  0.00 MB, solutions = 8)
      2     4       28.8724   197       18.0000       29.2981     9764   62.77%           id200 D      2      1      2
      4     6       28.5894   193       18.0000       29.2981    10218   62.77%           id170 D      4      3      4
     11    13       27.7684   186       18.0000       29.2981    12728   62.77%            id44 D     11     10     10
     18    20       26.9930   182       18.0000       29.2981    15186   62.77%             id7 D     18     17     16
     23    25       24.2848   142       18.0000       29.2981    16669   62.77%           id107 U     23     21     19
     30    32       25.7334   173       18.0000       29.2981    19020   62.77%            id94 D     30     29     25
     36    38       25.1280   168       18.0000       29.2981    21444   62.77%           id178 D     36     34     29
     44    46       24.5139   161       18.0000       29.2981    23528   62.77%            id50 D     44     43     36
     50    52       22.1350   126       18.0000       29.2981    25589   62.77%           id130 U     50     47     40
    104    98       25.6056   156       18.0000       29.0154    32185   61.20%            id73 U    104      0      1
Elapsed real time =  16.58 sec. (tree size =  1.43 MB, solutions = 8)
    134   128       20.1581    92       18.0000       29.0154    38116   61.20%           id144 U    134    132     25
    191   175       21.4671   126       18.0000       28.8611    42889   60.34%             id7 D    191    190     23
    220   200       23.2583   139       18.0000       28.6838    46938   59.35%           id142 D    220    219     12
    260   236       23.3079   133       18.0000       28.3801    50743   57.67%           id162 D    260    259      9
    309   282       22.4076   135       18.0000       28.2584    56364   56.99%           id119 D    309    308     25
    358   325       21.1500   125       18.0000       28.1753    61231   56.53%           id119 D    358    357     25
    400   364       20.6520   120       18.0000       28.0837    65926   56.02%           id194 D    400    399     31
    451   411       19.3264   104       18.0000       27.7661    71108   54.26%           id111 D    451    450     42
    496   448       22.0527   133       18.0000       27.5242    76254   52.91%           id109 D    496    495     15
    546   490       19.7255   119       18.0000       27.2125    80358   51.18%            id34 D    546    545     36
Elapsed real time =  34.14 sec. (tree size = 14.13 MB, solutions = 8)
    584   520       22.8154   134       18.0000       27.1173    84319   50.65%           id107 D    584    583     16
    637   569       20.5090   116       18.0000       26.8599    89435   49.22%           id135 D    637    636     39
    687   607        cutoff             18.0000       26.2637    93671   45.91%            id34 U    687    685     47
    736   646       20.7388   122       18.0000       26.1020    98286   45.01%           id194 D    736    735     37
    784   684       20.1031   114       18.0000       25.7054   102858   42.81%           id163 D    784    783     38
    838   726       21.2187   115       18.0000       25.6184   107100   42.32%            id19 D    838    837     13
    886   766       21.3774   103       18.0000       25.3905   111736   41.06%            id19 D    886    885      4
    926   796       19.0026    78       18.0000       25.2208   116654   40.12%            id11 U    926    924      5
    982   838       19.6744    93       18.0000       25.1226   120341   39.57%            id24 D    982    981     20
   1025   873       19.6759    94       18.0000       25.0677   124364   39.27%           id149 D   1025   1024     23
Elapsed real time =  53.52 sec. (tree size = 33.16 MB, solutions = 8)
   1076   916       19.4777   100       18.0000       24.9803   127883   38.78%            id50 D   1076   1075     31
   1120   950       23.2106   142       18.0000       24.9759   131056   38.75%           id163 D   1120   1119     13
   1165   987       21.6782   124       18.0000       24.8785   135128   38.21%           id130 D   1165   1164     35
   1217  1029       21.6568   114       18.0000       24.8167   138465   37.87%           id109 U   1217   1216     23
   1240  1048       20.4648   102       18.0000       24.8013   142203   37.78%           id200 U   1240    109      7
   1278  1078       21.7315   126       18.0000       24.7459   145877   37.48%           id185 U   1278     42     35
   1303  1097       21.4580   121       18.0000       24.6804   148652   37.11%            id70 D   1303   1302     13
   1340  1126       19.8434    94       18.0000       24.6411   152721   36.90%           id136 U   1340    211      4
   1385  1163       21.1968   101       18.0000       24.5318   156509   36.29%            id70 U   1385   1383     12
   1422  1194        cutoff             18.0000       24.5138   159959   36.19%            id94 D   1422   1421     16
Elapsed real time =  74.55 sec. (tree size = 47.27 MB, solutions = 8)
   1457  1219       20.2812   115       18.0000       24.3751   164641   35.42%           id139 U   1457     45     38
   1492  1242       20.7787   109       18.0000       24.2837   167948   34.91%           id100 D   1492   1491     19
   1540  1278       22.4739   137       18.0000       24.2489   171557   34.72%            id78 D   1540   1539     25
   1582  1308       22.5311   134       18.0000       24.1872   175026   34.37%            id19 D   1582     20     18
   1615  1333       21.2638   112       18.0000       24.1499   178722   34.17%            id44 D   1615   1614      6
   1642  1356       20.6841   102       18.0000       24.1304   181783   34.06%           id170 D   1642   1641     11
   1684  1386       21.5993   117       18.0000       24.0862   185016   33.81%           id178 D   1684   1683     10
   1721  1419       19.3957    98       18.0000       24.0828   188645   33.79%            id30 D   1721   1720     27
   1749  1437        cutoff             18.0000       24.0760   192301   33.76%           id130 D   1749   1748     21
   1783  1461       19.9017   101       18.0000       23.9492   195232   33.05%           id194 D   1783   1782     17
Elapsed real time =  96.27 sec. (tree size = 66.24 MB, solutions = 8)
   1817  1483       20.4406   115       18.0000       23.9388   198485   32.99%            id70 D   1817   1816     17
   1857  1518       19.0838    96       18.0000       23.9307   201611   32.95%            id34 D   1857   1856     32
   1897  1547       19.7151    96       18.0000       23.9033   205455   32.80%           id178 D   1897   1896     16
   1930  1568       19.2233    76       18.0000       23.8995   208621   32.78%           id167 D   1930   1929     34
   1959  1589       19.7765   109       18.0000       23.8372   211777   32.43%            id11 D   1959   1958     14
   1987  1609       20.1724    99       18.0000       23.8084   215453   32.27%            id14 D   1987   1986     25
   2017  1625       20.2748    92       18.0000       23.7866   218930   32.15%            id44 U   2017    257      7
   2054  1648        cutoff             18.0000       23.7273   222500   31.82%            id62 U   2054   2052     45
   2084  1663       19.4778    91       18.0000       23.6913   225774   31.62%            id36 U   2084    297     15
   2115  1683       21.1594   115       18.0000       23.6635   228780   31.46%            id19 D   2115   2114      7
Elapsed real time = 118.88 sec. (tree size = 80.80 MB, solutions = 8)
   2140  1702       20.0960   118       18.0000       23.6537   231716   31.41%           id116 U   2140     53     44
   2179  1729       21.8158   113       18.0000       23.6201   235468   31.22%           id189 D   2179   2178     12
   2213  1753       20.2027    98       18.0000       23.5977   239178   31.10%            id94 U   2213    298     16
   2244  1780       19.2770   101       18.0000       23.5971   242357   31.09%            id50 D   2244   2243     27
   2271  1795       19.4189    89       18.0000       23.5313   246177   30.73%           id189 U   2271    420     12
   2297  1813       20.0129    98       18.0000       23.5215   249287   30.68%           id133 U   2297    217     10
   2336  1844       19.0313    99       18.0000       23.4845   252307   30.47%           id149 D   2336   2335     37
   2365  1859       20.7762   109       18.0000       23.4525   255716   30.29%             id7 D   2365   2364     12
   2390  1876       19.6460    91       18.0000       23.4114   258648   30.06%           id163 D   2390   2389     16
   2418  1887       19.5265    91       18.0000       23.3787   262581   29.88%            id44 U   2418    175      8
Elapsed real time = 141.56 sec. (tree size = 94.50 MB, solutions = 8)
   2447  1898       19.7953    93       18.0000       23.3012   266024   29.45%           id104 U   2447    123     18
   2482  1913       20.9809   111       18.0000       23.2815   269205   29.34%            id89 D   2482   2481     26
   2527  1946       20.8607   115       18.0000       23.2591   272507   29.22%            id41 D   2527   2526     13
   2558  1964       19.9308    96       18.0000       23.2528   275410   29.18%           id130 U   2558    220     13
   2595  1988       20.5034   114       18.0000       23.2156   278870   28.98%            id44 U   2595    381     13
   2622  2001       19.1095    84       18.0000       23.1812   282392   28.78%             id7 D   2622   2621     17
   2653  2015       19.5425    87       18.0000       23.1600   285941   28.67%           id189 U   2653   1350     14
   2675  2033       19.1308    79       18.0000       23.1414   288687   28.56%           id130 U   2675   2674     27
   2736  2083       21.1267   106       18.0000       23.1281   291821   28.49%           id144 D   2736   2735     19
   2768  2107       19.6031    96       18.0000       23.1105   294641   28.39%           id194 D   2768   2767     27
Elapsed real time = 163.97 sec. (tree size = 116.38 MB, solutions = 8)
   2797  2120       19.6637   107       18.0000       23.0228   297548   27.90%            id62 D   2797   2796     21
   2835  2144        cutoff             18.0000       23.0139   300291   27.86%           id104 U   2835   2833     25
   2869  2162       19.2070    91       18.0000       22.9809   303280   27.67%           id144 D   2869   2868     18
   2901  2178       19.3436    91       18.0000       22.9345   307096   27.41%           id142 U   2901    423     15
   2921  2194       19.3306    98       18.0000       22.9281   309801   27.38%           id187 D   2921   2920     40
   2960  2225       20.1096   104       18.0000       22.9168   312566   27.32%            id89 D   2960   2959     23
   2986  2239       19.7826   100       18.0000       22.8777   315542   27.10%           id130 D   2986   2985     29
   3014  2260       21.0196   105       18.0000       22.8604   318618   27.00%            id19 D   3014   3013     10
   3035  2277       19.5080    90       18.0000       22.8519   321487   26.95%           id144 U   3035    384     16
   3065  2294       19.3344   103       18.0000       22.8223   324464   26.79%            id16 D   3065   3064     35
Elapsed real time = 186.66 sec. (tree size = 133.30 MB, solutions = 8)
Nodefile size =  5.81 MB (4.68 MB after compression)
   3087  2299       19.8483   106       18.0000       22.7884   327624   26.60%            id36 D   3087   3086     21
   3117  2314       19.8572    96       18.0000       22.7729   330735   26.52%           id135 U   3117    128     22
   3148  2329       19.4153   114       18.0000       22.7501   333530   26.39%           id168 D   3148   3147     56
   3172  2341       20.1197   105       18.0000       22.7395   336595   26.33%           id130 D   3172   3171     17
   3190  2351       19.1799    92       18.0000       22.7260   339583   26.26%            id14 D   3190   3189     19
   3235  2384       19.1948    89       18.0000       22.7012   342697   26.12%           id104 U   3235    224     17
   3257  2394       19.4700    97       18.0000       22.6981   345456   26.10%           id111 D   3257   3256     39
   3287  2404       20.0275    97       18.0000       22.6617   348535   25.90%           id162 U   3287    656     21
   3321  2420       20.1667   105       18.0000       22.6249   351438   25.69%           id130 U   3321    180     13
   3435  2482       19.3468    91       18.0000       22.5439   363212   25.24%           id177 U   3435    621     24
Elapsed real time = 216.57 sec. (tree size = 148.42 MB, solutions = 8)
Nodefile size = 20.73 MB (16.70 MB after compression)
   3537  2549       20.0368   102       18.0000       22.5022   374147   25.01%            id62 D   3537   3536     24
   3641  2598       19.0575    85       18.0000       22.4087   385167   24.49%           id177 U   3641    467     21
   3764  2679       20.0074    88       18.0000       22.3467   395921   24.15%            id19 U   3764   1007      6
   3884  2761       20.1666    93       18.0000       22.3119   406846   23.95%            id62 D   3884   3883     18
   3999  2819       19.5619    94       18.0000       22.2151   418938   23.42%            id41 U   3999    133     26
   4135  2908       19.3171   108       18.0000       22.1725   429669   23.18%            id24 D   4135   4134     23
   4246  2967       19.5402    97       18.0000       22.1195   440543   22.89%            id87 D   4246   4245     35
   4360  3034       19.2887    91       18.0000       22.0691   451703   22.61%           id178 D   4360   4359     26
   4462  3076        cutoff             18.0000       21.9931   463051   22.18%            id78 U   4462   1057     13
   4563  3125       19.2489    79       18.0000       21.9376   474139   21.88%             id7 U   4563   1088     12
Elapsed real time = 309.49 sec. (tree size = 218.19 MB, solutions = 8)
Nodefile size = 90.47 MB (72.69 MB after compression)
   4667  3152       19.7419   106       18.0000       21.8363   485171   21.31%           id144 U   4667   1585     22
   4786  3198        cutoff             18.0000       21.7862   495656   21.03%           id138 U   4786    730     32
   4890  3256       19.0483    77       18.0000       21.7155   505806   20.64%            id83 D   4890   4889     29
   4986  3280        cutoff             18.0000       21.6565   516338   20.31%           id158 U   4986    731     33
   5078  3309        cutoff             18.0000       21.6015   526850   20.01%           id158 U   5078    433     25
   5187  3370       19.1168   100       18.0000       21.5590   537020   19.77%            id78 D   5187   5186     27
   5268  3376       19.8125   101       18.0000       21.4903   546877   19.39%           id136 U   5268   1704     11
   5365  3410       19.0169    93       18.0000       21.4513   557382   19.17%            id30 U   5365   1546     32
   5440  3415       20.0799    96       18.0000       21.3948   567697   18.86%            id89 D   5440   5439     24
   5531  3418       20.0305   101       18.0000       21.3334   578159   18.52%            id94 D   5531   5530     25
Elapsed real time = 405.54 sec. (tree size = 257.09 MB, solutions = 8)
Nodefile size = 130.76 MB (104.73 MB after compression)
   5631  3448       19.6227    93       18.0000       21.2890   588186   18.27%           id178 D   5631   5630     27
   5738  3485       19.1505    75       18.0000       21.2310   598767   17.95%            id62 U   5738   3949     23
   5840  3501        cutoff             18.0000       21.1890   608904   17.72%           id170 U   5840   1640     11
   5947  3541        cutoff             18.0000       21.1525   618522   17.51%             id7 U   5947    535     26
   6025  3549       19.1446    84       18.0000       21.1013   628350   17.23%           id104 D   6025   6024     23
   6119  3564       19.1823    98       18.0000       21.0631   637923   17.02%            id30 D   6119   6118     38
   6223  3594       19.2415    95       18.0000       21.0127   647821   16.74%           id116 U   6223   6221     18
   6310  3604       19.5511    97       18.0000       20.9722   657890   16.51%            id62 D   6310   6309     25
   6415  3655       20.0610   100       18.0000       20.9509   667393   16.39%            id80 D   6415   6414     38
   6519  3681       19.6605   100       18.0000       20.9068   677556   16.15%           id133 U   6519   1708     15
Elapsed real time = 502.46 sec. (tree size = 288.02 MB, solutions = 8)
Nodefile size = 160.80 MB (128.35 MB after compression)
   6613  3677       19.7773    97       18.0000       20.8612   687247   15.90%             id7 D   6613   6612     22
   6701  3665       19.5266    97       18.0000       20.8132   696284   15.63%            id94 D   6701   6700     17
   6784  3676       19.0901    89       18.0000       20.7787   706043   15.44%            id30 D   6784   6783     36
   6874  3677        cutoff             18.0000       20.7398   715585   15.22%            id14 U   6874   1067     23
   6950  3673       20.2475   103       18.0000       20.7018   725104   15.01%            id62 D   6950   6949     19
   7041  3672        cutoff             18.0000       20.6687   734766   14.83%            id78 U   7041   1776     11
   7138  3673       19.0648    91       18.0000       20.6399   744153   14.67%            id30 D   7138   7137     25
   7209  3672       19.1789    73       18.0000       20.6135   753425   14.52%           id178 U   7209   1936     11
   7301  3665        cutoff             18.0000       20.5791   762485   14.33%            id62 U   7301   6243     21
   7390  3677       19.6373    95       18.0000       20.5598   771415   14.22%           id185 U   7390   2485     30
Elapsed real time = 600.82 sec. (tree size = 293.58 MB, solutions = 8)
Nodefile size = 166.54 MB (132.84 MB after compression)
   7499  3676       19.0451   101       18.0000       20.5227   780213   14.01%            id70 D   7499   7498     15
   7592  3646        cutoff             18.0000       20.4837   788827   13.80%            id94 U   7592   2836     16
   7687  3620        cutoff             18.0000       20.4503   797642   13.61%            id94 U   7687   1779     14
   7787  3573        cutoff             18.0000       20.3953   806138   13.31%            id24 U   7787   4655     36
   7879  3532        cutoff             18.0000       20.3569   814718   13.09%            id78 U   7879   7507     15
   7971  3522        cutoff             18.0000       20.3271   823981   12.93%           id161 U   7971   2912     32
   8060  3512        cutoff             18.0000       20.3033   832539   12.80%            id89 U   8060   4907     14
   8155  3478       19.1335    96       18.0000       20.2782   841483   12.66%           id165 D   8155   8154     39
   8255  3480        cutoff             18.0000       20.2527   850401   12.51%            id89 U   8255   3781     23
   8359  3446       19.3223   104       18.0000       20.2201   858876   12.33%             id7 U   8359   3401     18
Elapsed real time = 703.83 sec. (tree size = 284.19 MB, solutions = 8)
Nodefile size = 168.32 MB (134.26 MB after compression)
   8454  3399        cutoff             18.0000       20.1854   867457   12.14%            id89 U   8454   6350     12
   8562  3337        cutoff             18.0000       20.1477   875607   11.93%            id50 D   8562   8561     30
   8663  3300        cutoff             18.0000       20.1145   884380   11.75%           id185 U   8663    870     43
   8777  3241        cutoff             18.0000       20.0793   892721   11.55%            id89 U   8777   6004     18
   8897  3182        cutoff             18.0000       20.0406   902467   11.34%            id30 U   8897   7938     35
   9007  3122        cutoff             18.0000       20.0073   910928   11.15%            id94 U   9007   5066     22
   9128  3067        cutoff             18.0000       19.9735   918382   10.96%           id104 U   9128   3444     17
   9248  3039       19.0131    83       18.0000       19.9385   926440   10.77%           id149 D   9248   9247     33
   9369  2957       19.0919    86       18.0000       19.8997   934661   10.55%            id16 D   9369   9368     33
   9498  2882        cutoff             18.0000       19.8692   942115   10.38%           id163 U   9498   5018     22
Elapsed real time = 808.47 sec. (tree size = 241.74 MB, solutions = 8)
Nodefile size = 168.32 MB (134.26 MB after compression)
   9612  2794        cutoff             18.0000       19.8368   949094   10.20%           id116 U   9612    244     37
   9734  2727        cutoff             18.0000       19.8034   956744   10.02%            id87 U   9734   3573     31
   9847  2651       19.0426    98       18.0000       19.7708   964314    9.84%           id161 U   9847   3859     26
   9959  2575        cutoff             18.0000       19.7405   972000    9.67%           id162 U   9959   2461     20
  10066  2512        cutoff             18.0000       19.7176   979755    9.54%            id87 U  10066   1023     22
  10231  2381        cutoff             18.0000       19.6765   990008    9.31%           id104 U  10231   2435     50
  10436  2216        cutoff             18.0000       19.6172  1002952    8.98%            id30 U  10436   2541     26
  10658  2041        cutoff             18.0000       19.5601  1015488    8.67%            id24 U  10658   4955     21
  10911  1832       19.3459    87       18.0000       19.5006  1027738    8.34%            id30 U  10911   6645     28
  11172  1619        cutoff             18.0000       19.4424  1039509    8.01%            id16 U  11172   9990     24
Elapsed real time = 908.86 sec. (tree size = 90.35 MB, solutions = 8)
Nodefile size = 52.04 MB (41.54 MB after compression)
  11431  1400        cutoff             18.0000       19.3872  1050878    7.71%            id30 U  11431  11288     30
  11752  1119        cutoff             18.0000       19.3230  1062024    7.35%            id94 U  11752   5673     25
  12089   824        cutoff             18.0000       19.2491  1072250    6.94%            id62 U  12089   5569     22
  12492   443        cutoff             18.0000       19.1769  1081709    6.54%            id30 U  12492   8486     35

User cuts applied:  11962

Root node processing (before b&c):
  Real time             =   10.31
Sequential b&c:
  Real time             =  938.41
                          -------
Total (root+branch&cut) =  948.72 sec.
Solution status = Optimal
Solution value  = 18
GAP             = 0%
Heuristica 1 : 5650
Heuristica 2 : 1072
A = [ 0 0 0 0 0 0 1 0 0 0 0 0 1 0 0 0 0 0 0 0 0 0 0 0 0 0 0 1 0 0 0 1 0 0 0 0 1 0 0 0 0 0 1 0 0 0 0 0 0 0 0 0 0 0 0 1 0 0 0 0 1 0 0 0 0 0 0 0 0 0 0 0 0 0 0 0 0 0 0 0 0 0 0 0 0 0 0 0 0 0 0 0 0 0 0 1 0 0 0 0 ]
B = [ 0 0 0 0 0 0 0 0 1 0 0 0 0 0 0 0 0 0 0 0 0 0 1 0 0 0 0 0 0 0 0 0 0 1 0 0 0 0 0 0 0 0 0 0 0 0 1 0 1 0 0 0 1 0 0 0 1 0 0 0 0 1 0 0 0 1 0 0 0 0 0 0 0 0 0 0 0 0 0 0 0 0 0 0 0 0 0 0 0 0 0 0 0 0 0 0 0 0 0 0 ]
