LINE 15
DIMENSOES 100 2475
N cortes 1
Found feasible solution after 0.00 sec.  Objective = 0.0000
Clique table members: 1032.
MIP emphasis: balance optimality and feasibility.
MIP search method: traditional branch-and-cut.
Parallel mode: none, using 1 thread.
Root relaxation solution time =    0.06 sec.

        Nodes                                         Cuts/
   Node  Left     Objective  IInf  Best Integer    Best Bound    ItCnt     Gap         Variable B NodeID Parent  Depth

*     0+    0                            0.0000                    612     --- 
*     0+    0                           15.0000                    612     --- 
      0     0       35.7742   196       15.0000       35.7742      612  138.49%
      0     0       35.3314   191       15.0000       User: 4      725  135.54%
      0     0       35.0539   185       15.0000       User: 4      821  133.69%
      0     0       34.9318   192       15.0000       User: 4      895  132.88%
      0     0       34.8354   187       15.0000       User: 4      966  132.24%
*     0+    0                           16.0000       34.8354      966  117.72%
      0     0       34.4502   187       16.0000       User: 4     1108  115.31%
      0     0       34.4205   186       16.0000       User: 4     1150  115.13%
      0     0       34.4192   190       16.0000       User: 4     1168  115.12%
      0     0       34.3410   191       16.0000       User: 4     1228  114.63%
      0     0       34.1629   186       16.0000       User: 4     1331  113.52%
      0     0       34.0201   190       16.0000       User: 4     1403  112.63%
      0     0       33.9623   192       16.0000       User: 4     1463  112.26%
      0     0       33.8117   187       16.0000       User: 4     1549  111.32%
      0     0       33.6437   186       16.0000       User: 4     1602  110.27%
      0     0       33.5285   188       16.0000       User: 4     1675  109.55%
      0     0       33.4248   188       16.0000       User: 4     1740  108.90%
      0     0       33.4146   190       16.0000       User: 4     1770  108.84%
*     0+    0                           17.0000       33.4146     1770   96.56%
      0     0       33.3409   190       17.0000       User: 4     1822   96.12%
      0     0       33.0636   187       17.0000       User: 4     1941   94.49%
      0     0       33.0201   187       17.0000       User: 4     2007   94.24%
      0     0       32.9718   185       17.0000       User: 4     2058   93.95%
      0     0       32.8339   185       17.0000       User: 4     2122   93.14%
      0     0       32.6686   186       17.0000       User: 4     2238   92.17%
      0     0       32.5628   184       17.0000       User: 4     2312   91.55%
      0     0       32.4107   186       17.0000       User: 4     2393   90.65%
      0     0       32.3053   183       17.0000       User: 4     2470   90.03%
      0     0       32.2413   189       17.0000       User: 4     2550   89.65%
      0     0       32.2035   185       17.0000       User: 4     2573   89.43%
      0     0       32.1815   189       17.0000       User: 4     2623   89.30%
      0     0       32.1394   191       17.0000       User: 4     2690   89.06%
      0     0       31.9040   182       17.0000       User: 4     2801   87.67%
      0     0       31.8264   183       17.0000       User: 4     2876   87.21%
      0     0       31.7384   183       17.0000       User: 4     2959   86.70%
      0     0       31.7101   183       17.0000       User: 4     2995   86.53%
      0     0       31.6763   179       17.0000       User: 4     3043   86.33%
      0     0       31.6537   183       17.0000       User: 4     3074   86.20%
      0     0       31.6299   178       17.0000       User: 4     3118   86.06%
      0     0       31.5319   179       17.0000       User: 4     3186   85.48%
      0     0       31.4864   185       17.0000       User: 4     3228   85.21%
      0     0       31.4699   181       17.0000       User: 4     3256   85.12%
      0     0       31.4421   187       17.0000       User: 4     3300   84.95%
      0     0       31.4095   185       17.0000       User: 4     3336   84.76%
      0     0       31.2795   185       17.0000       User: 4     3446   84.00%
      0     0       31.2588   183       17.0000       User: 4     3492   83.88%
      0     0       31.2258   185       17.0000       User: 4     3539   83.68%
      0     0       31.2038   181       17.0000       User: 4     3591   83.55%
      0     0       31.1654   183       17.0000       User: 4     3650   83.33%
      0     0       31.0795   187       17.0000       User: 4     3702   82.82%
      0     0       31.0548   185       17.0000       User: 4     3758   82.68%
      0     0       30.9820   191       17.0000       User: 4     3832   82.25%
      0     0       30.9605   189       17.0000       User: 4     3877   82.12%
      0     0       30.9501   193       17.0000       User: 4     3912   82.06%
      0     0       30.9414   191       17.0000       User: 4     3937   82.01%
      0     0       30.9092   189       17.0000       User: 4     3995   81.82%
      0     0       30.8899   187       17.0000       User: 4     4025   81.71%
      0     0       30.8408   185       17.0000       User: 4     4093   81.42%
      0     0       30.8348   189       17.0000       User: 4     4114   81.38%
      0     0       30.8331   193       17.0000       User: 4     4125   81.37%
      0     0       30.8250   193       17.0000       User: 4     4149   81.32%
      0     0       30.8082   191       17.0000       User: 4     4164   81.22%
      0     0       30.7984   189       17.0000       User: 4     4184   81.17%
      0     0       30.7852   189       17.0000       User: 4     4205   81.09%
      0     0       30.7658   189       17.0000       User: 4     4241   80.98%
      0     0       30.7298   181       17.0000       User: 4     4300   80.76%
      0     0       30.6821   189       17.0000       User: 4     4353   80.48%
      0     0       30.6813   189       17.0000       User: 4     4362   80.48%
      0     0       30.6702   189       17.0000       User: 4     4389   80.41%
      0     0       30.6625   193       17.0000       User: 4     4420   80.37%
      0     0       30.5558   183       17.0000       User: 4     4524   79.74%
      0     0       30.5346   185       17.0000       User: 4     4563   79.62%
      0     0       30.5295   185       17.0000       User: 4     4583   79.59%
      0     0       30.5192   188       17.0000       User: 4     4609   79.52%
      0     0       30.5035   190       17.0000       User: 4     4654   79.43%
      0     0       30.4790   193       17.0000       User: 4     4700   79.29%
      0     0       30.4663   193       17.0000       User: 4     4731   79.21%
      0     0       30.4441   191       17.0000       User: 4     4776   79.08%
      0     0       30.4304   192       17.0000       User: 4     4799   79.00%
      0     0       30.4192   190       17.0000       User: 4     4823   78.94%
      0     0       30.4113   192       17.0000       User: 4     4844   78.89%
      0     0       30.4078   193       17.0000       User: 4     4859   78.87%
      0     0       30.4045   194       17.0000       User: 4     4875   78.85%
      0     0       30.3968   194       17.0000       User: 4     4912   78.80%
      0     0       30.3838   192       17.0000       User: 4     4939   78.73%
      0     0       30.3724   192       17.0000       User: 4     4963   78.66%
      0     0       30.3640   193       17.0000       User: 4     4985   78.61%
      0     0       30.3579   192       17.0000       User: 4     5006   78.58%
      0     0       30.3539   192       17.0000       User: 4     5021   78.55%
      0     0       30.3437   190       17.0000       User: 4     5052   78.49%
      0     0       30.3051   191       17.0000       User: 4     5095   78.27%
      0     0       30.2881   190       17.0000       User: 4     5127   78.17%
      0     0       30.2780   192       17.0000       User: 4     5155   78.11%
      0     0       30.2673   192       17.0000       User: 4     5181   78.04%
      0     0       30.2579   189       17.0000       User: 4     5211   77.99%
      0     0       30.2518   191       17.0000       User: 4     5231   77.95%
      0     0       30.2441   190       17.0000       User: 4     5254   77.91%
      0     0       30.2268   193       17.0000       User: 4     5285   77.80%
      0     0       30.2191   194       17.0000       User: 4     5300   77.76%
      0     0       30.2179   192       17.0000       User: 4     5308   77.75%
      0     0       30.1868   193       17.0000       User: 2     5323   77.57%
      0     0       30.1846   193       17.0000       User: 2     5333   77.56%
      0     0       30.1820   194       17.0000       User: 2     5344   77.54%
      0     0       30.1792   192       17.0000       User: 2     5357   77.52%
      0     0       30.1770   193       17.0000       User: 2     5363   77.51%
      0     0       30.1760   194       17.0000       User: 2     5372   77.51%
      0     0       30.1697   193       17.0000       User: 2     5385   77.47%
      0     0       30.1690   194       17.0000       User: 2     5391   77.46%
      0     0       30.1686   194       17.0000       User: 2     5396   77.46%
      0     0       30.1626   194       17.0000       User: 2     5413   77.43%
      0     0       30.1496   194       17.0000       User: 2     5441   77.35%
      0     0       30.1420   193       17.0000       User: 2     5453   77.31%
      0     0       30.1393   194       17.0000       User: 2     5459   77.29%
      0     0       30.1351   195       17.0000       User: 2     5465   77.27%
      0     0       30.1309   196       17.0000       User: 2     5476   77.24%
      0     0       30.1308   196       17.0000       User: 2     5477   77.24%
      0     0       30.1244   196       17.0000       User: 2     5496   77.20%
      0     0       30.1238   195       17.0000       User: 2     5501   77.20%
      0     0       30.1066   194       17.0000       User: 2     5525   77.10%
      0     0       30.0960   194       17.0000       User: 2     5544   77.04%
      0     2       30.0960   194       17.0000       30.0960     5544   77.04%                        0             0
Elapsed real time =   4.93 sec. (tree size =  0.00 MB, solutions = 4)
      2     4       26.4879   149       17.0000       29.8240     7281   75.44%           id166 U      2      0      1
      4     6       25.4631   148       17.0000       29.5825     9113   74.01%            id12 U      4      1      2
      6     8       26.0590   147       17.0000       29.1669    10728   71.57%           id135 U      6      3      3
      9    11       28.5366   193       17.0000       28.7582    13245   69.17%            id58 D      9      7      5
     18    20       24.4136   136       17.0000       28.7582    16349   69.17%           id183 U     18     16     13
     21    23       27.5298   180       17.0000       28.7582    16920   69.17%            id78 D     21     20     16
     28    30       23.3605   135       17.0000       28.7582    19486   69.17%            id17 U     28     26     21
     34    36       26.4627   172       17.0000       28.7582    21421   69.17%           id175 D     34     33     26
     40    42       26.2580   169       17.0000       28.7582    23885   69.17%           id131 D     40     39     30
     75    77       22.0844   141       17.0000       28.7582    31918   69.17%           id155 D     75     74     58
Elapsed real time =  10.64 sec. (tree size =  0.65 MB, solutions = 4)
    122   114       24.0202   137       17.0000       28.5344    38477   67.85%           id142 D    122    121      9
    160   148       24.3164   140       17.0000       28.5068    45424   67.69%             id7 U    160      9      6
    205   189       23.8546   149       17.0000       28.4224    50558   67.19%            id90 D    205    204     11
    260   240       23.0933   132       17.0000       28.3747    55565   66.91%            id33 D    260    259     16
    313   289       19.3590    87       17.0000       28.2423    60774   66.13%           id121 U    313    311     20
*   320+  254                           18.0000       28.2423    61190   56.90%
    345   271       22.4701   129       18.0000       28.1538    65840   56.41%            id33 D    345    344     14
    387   310       21.3215   121       18.0000       27.9220    71352   55.12%            id83 D    387    386     26
    412   331       21.8086   129       18.0000       27.7900    75592   54.39%            id90 D    412    411     17
    444   359       22.6802   130       18.0000       27.5676    78905   53.15%            id44 D    444    443     21
    479   388       21.0979   125       18.0000       27.5622    84254   53.12%           id159 D    479    478     27
Elapsed real time =  29.26 sec. (tree size =  9.86 MB, solutions = 5)
    509   412       22.0099   130       18.0000       27.5284    88501   52.94%           id164 D    509    508     25
    559   454       23.1711   137       18.0000       27.1671    93108   50.93%           id185 U    559     22     18
    593   485       22.2006   131       18.0000       26.8363    98021   49.09%           id148 U    593     24     20
    624   512       21.2651   125       18.0000       26.7836   102085   48.80%           id112 D    624    623     32
    672   551       23.2526   136       18.0000       26.4734   108236   47.07%            id81 U    672     32     25
    713   586       20.8853   112       18.0000       26.4640   112228   47.02%            id17 D    713    712     15
    765   628       22.1644   130       18.0000       26.3064   115856   46.15%           id149 D    765    764     28
    812   661       21.3471   121       18.0000       26.2578   119891   45.88%           id164 D    812    811     33
    860   701       20.6042   116       18.0000       26.0584   124050   44.77%            id64 D    860    859     38
    893   730       21.4008   116       18.0000       26.0530   127868   44.74%            id19 D    893    892     21
Elapsed real time =  49.47 sec. (tree size = 27.53 MB, solutions = 5)
    927   754       21.0039   120       18.0000       25.7225   132597   42.90%           id172 D    927    926     35
    963   783       19.5856   109       18.0000       25.4484   137022   41.38%           id159 D    963    962     42
    994   806        cutoff             18.0000       25.3727   141207   40.96%           id142 U    994    992     24
   1024   829       19.4358    99       18.0000       25.3476   145277   40.82%           id172 D   1024   1023     22
   1070   863       19.6338   109       18.0000       25.1417   149581   39.68%            id24 D   1070   1069     49
   1110   893       19.3958    92       18.0000       25.1397   153518   39.67%            id47 D   1110   1109     30
   1144   915       20.6646   106       18.0000       24.8420   157380   38.01%            id33 D   1144   1143     17
   1169   932       20.2280    95       18.0000       24.6649   161869   37.03%           id197 U   1169    201      8
   1227   979       20.2386   102       18.0000       24.5540   166759   36.41%           id149 U   1227    202      9
   1262  1006       19.2170    69       18.0000       24.4924   170195   36.07%           id108 U   1262   1260      6
Elapsed real time =  70.83 sec. (tree size = 43.31 MB, solutions = 5)
   1315  1046       21.6854   121       18.0000       24.4068   173510   35.59%            id37 D   1315   1314     26
   1361  1081        cutoff             18.0000       24.3858   177335   35.48%           id159 U   1361   1359     24
   1410  1122       19.7549   112       18.0000       24.3196   180744   35.11%           id184 D   1410   1409     49
   1439  1141       19.0922    79       18.0000       24.3064   184209   35.04%           id197 U   1439    160      7
   1472  1162       20.1879   106       18.0000       24.2029   188030   34.46%           id112 D   1472   1471     21
   1498  1174       20.1914   118       18.0000       24.1187   191696   33.99%           id172 D   1498   1497     49
   1526  1186       20.6848   104       18.0000       24.0594   195964   33.66%            id81 U   1526   1366      6
   1566  1214       19.6018   100       18.0000       23.9936   199284   33.30%            id83 D   1566   1565     25
   1600  1237       21.1538   104       18.0000       23.9494   202420   33.05%             id8 D   1600   1599     12
   1639  1266       19.0432   108       18.0000       23.9244   205610   32.91%            id84 D   1639   1638     56
Elapsed real time =  92.64 sec. (tree size = 62.62 MB, solutions = 5)
   1677  1292       20.3581   101       18.0000       23.8998   208977   32.78%            id26 D   1677   1676     14
   1709  1316       19.1055    93       18.0000       23.8951   213096   32.75%           id175 D   1709   1708     26
   1758  1354       19.3075    82       18.0000       23.8817   216670   32.68%           id118 D   1758   1757     17
   1789  1375        cutoff             18.0000       23.8724   220530   32.62%            id47 U   1789   1787     39
   1824  1399       20.3017    99       18.0000       23.8077   224031   32.26%           id131 D   1824   1823     13
   1851  1414       19.7213    89       18.0000       23.7751   227361   32.08%           id121 D   1851   1850     15
   1905  1454       20.7593   109       18.0000       23.7488   230805   31.94%            id90 D   1905   1904     11
   1941  1474       22.3555   107       18.0000       23.6693   234630   31.50%           id197 U   1941    732      3
   1974  1503       19.8615    84       18.0000       23.6658   237852   31.48%           id159 U   1974    303     13
   2013  1522       20.1858   110       18.0000       23.6492   240957   31.38%            id17 D   2013   2012     20
Elapsed real time = 114.36 sec. (tree size = 73.15 MB, solutions = 5)
   2060  1561       20.2957   115       18.0000       23.6261   244299   31.26%            id61 D   2060   2059     31
   2097  1584        cutoff             18.0000       23.5875   247460   31.04%           id127 D   2097   2096     20
   2122  1603       19.8925    94       18.0000       23.5701   250782   30.94%           id175 U   2122    304     14
   2147  1620       20.2248   109       18.0000       23.5528   254375   30.85%           id185 D   2147   2146     19
   2172  1634       21.8959   110       18.0000       23.5057   258137   30.59%           id197 U   2172   1371     11
   2193  1655       19.5844    76       18.0000       23.5057   261340   30.59%            id65 D   2193   2192     32
   2221  1673       21.1616   118       18.0000       23.4765   264580   30.42%            id19 U   2221    975     10
   2255  1693       19.2319    71       18.0000       23.4321   267692   30.18%             id8 U   2255    733      4
   2278  1700       19.9552    95       18.0000       23.4060   271534   30.03%           id121 U   2278    439     17
   2314  1728       19.5027    84       18.0000       23.3681   274655   29.82%           id169 U   2314    305     15
Elapsed real time = 137.34 sec. (tree size = 80.84 MB, solutions = 5)
   2346  1752       19.2139   112       18.0000       23.3537   277856   29.74%           id112 D   2346   2345     43
   2383  1772       19.2983    90       18.0000       23.3397   281128   29.67%            id44 D   2383   2382     23
   2416  1789       21.7704   103       18.0000       23.3232   284493   29.57%            id81 D   2416   2415     12
   2452  1815       19.8014    91       18.0000       23.3066   287391   29.48%            id90 D   2452   2451     17
   2487  1836       19.0507    70       18.0000       23.2584   290599   29.21%            id19 U   2487   2485     11
   2522  1857       22.7138   136       18.0000       23.2576   293227   29.21%           id183 D   2522   2521     10
   2569  1896       19.3538    83       18.0000       23.2475   296539   29.15%           id184 U   2569    306     16
   2604  1912       21.2422   118       18.0000       23.1954   299915   28.86%            id47 U   2604    210     17
   2627  1924       19.3289    98       18.0000       23.1643   303467   28.69%            id33 U   2627    259     16
   2657  1946       19.6887   107       18.0000       23.1611   306546   28.67%           id172 D   2657   2656     26
Elapsed real time = 159.93 sec. (tree size = 105.68 MB, solutions = 5)
   2686  1953       19.5226    91       18.0000       23.1173   309855   28.43%           id185 U   2686    979     13
   2721  1973       19.3497    79       18.0000       23.1034   313822   28.35%           id159 U   2721    165     12
   2748  1984        cutoff             18.0000       23.0974   316750   28.32%           id106 D   2748   2747     43
   2784  2010       19.1920    91       18.0000       23.0914   320099   28.29%            id35 D   2784   2783     25
   2811  2027       19.0134    89       18.0000       23.0508   322986   28.06%           id121 U   2811    130     17
   2845  2050       19.7734    96       18.0000       23.0224   326034   27.90%            id35 D   2845   2844     18
   2867  2050       21.1247   109       18.0000       22.9848   329328   27.69%            id90 U   2867    673     27
   2886  2063       19.2022    84       18.0000       22.9848   332181   27.69%           id106 D   2886   2885     43
   2918  2083       20.4137    95       18.0000       22.9530   335468   27.52%             id8 D   2918   2917     16
   2950  2104       20.5439   111       18.0000       22.9329   338614   27.40%           id185 D   2950   2949     21
Elapsed real time = 183.06 sec. (tree size = 118.50 MB, solutions = 5)
   2980  2130       19.1995    97       18.0000       22.9252   341596   27.36%            id44 D   2980   2979     27
   3001  2133       19.2796    86       18.0000       22.8827   345569   27.13%            id17 U   3001   1308     20
   3031  2143       21.4284   110       18.0000       22.8541   348831   26.97%            id90 U   3031    466     17
   3061  2166       20.7696   107       18.0000       22.8499   351826   26.94%           id175 U   3061    377     17
   3104  2193        cutoff             18.0000       22.8232   354717   26.80%           id172 U   3104    309     19
   3127  2206       20.4771   115       18.0000       22.8108   357790   26.73%            id81 D   3127   3126     26
   3153  2228       19.6883    98       18.0000       22.8070   360632   26.71%            id47 D   3153   3152     24
   3179  2246       19.5340   100       18.0000       22.7998   364120   26.67%            id47 D   3179   3178     31
   3201  2254       19.1585    85       18.0000       22.7611   367426   26.45%            id44 U   3201    378     18
   3313  2322       19.5915    78       18.0000       22.6678   378478   25.93%            id78 D   3313   3312     34
Elapsed real time = 214.27 sec. (tree size = 140.48 MB, solutions = 5)
Nodefile size = 12.69 MB (10.23 MB after compression)
   3442  2395       19.4538    99       18.0000       22.5835   390035   25.46%            id83 D   3442   3441     31
   3528  2419       19.2205    95       18.0000       22.4590   401442   24.77%           id112 D   3528   3527     25
   3653  2488        cutoff             18.0000       22.3989   412272   24.44%           id121 U   3653    507     24
   3741  2539       21.1513   102       18.0000       22.3364   422913   24.09%           id194 U   3741   1132      6
   3878  2625       20.4343   108       18.0000       22.2815   433865   23.79%           id162 D   3878   3877     21
   3985  2689       19.6055   100       18.0000       22.2254   444678   23.47%           id142 U   3985   3983     31
   4082  2729       19.2081    91       18.0000       22.1470   455577   23.04%           id169 U   4082    617     27
   4185  2772       21.1211   103       18.0000       22.0908   467000   22.73%            id26 U   4185   1007      6
   4280  2831       20.1393    94       18.0000       22.0392   477440   22.44%            id26 U   4280    136     21
   4364  2863       20.0081   104       18.0000       21.9605   488403   22.00%            id78 D   4364   4363     28
Elapsed real time = 307.27 sec. (tree size = 200.77 MB, solutions = 5)
Nodefile size = 73.41 MB (59.19 MB after compression)
   4461  2904       19.4724   100       18.0000       21.9131   498413   21.74%           id142 D   4461   4460     36
   4555  2929        cutoff             18.0000       21.8115   509894   21.17%             id7 U   4555   1945      8
   4658  2960       20.7093   108       18.0000       21.7315   519869   20.73%           id197 D   4658   4657      9
   4736  2989       19.3209    91       18.0000       21.6726   529522   20.40%           id184 U   4736    652     35
   4827  3012        cutoff             18.0000       21.6022   540131   20.01%            id17 U   4827   2052     24
   4936  3069       19.7123    96       18.0000       21.5759   550427   19.87%           id164 U   4936    350     20
   5027  3100       20.3558   100       18.0000       21.5231   560963   19.57%            id53 D   5027   5026     14
   5107  3135        cutoff             18.0000       21.4768   571919   19.32%            id90 U   5107   2175     15
   5212  3178        cutoff             18.0000       21.4310   581547   19.06%            id29 U   5212    709     12
   5280  3178       20.0060    96       18.0000       21.3777   591746   18.76%           id169 D   5280   5279     15
Elapsed real time = 403.79 sec. (tree size = 246.78 MB, solutions = 5)
Nodefile size = 119.00 MB (95.56 MB after compression)
   5375  3214        cutoff             18.0000       21.3448   602523   18.58%            id52 D   5375   5374     27
   5471  3239       19.4484    94       18.0000       21.2899   612301   18.28%            id53 D   5471   5470     16
   5565  3271       20.5900    94       18.0000       21.2590   622556   18.11%            id64 D   5565   5564     23
   5668  3304        cutoff             18.0000       21.2155   632950   17.86%            id17 U   5668   4010     22
   5774  3338       20.6036   100       18.0000       21.1719   642537   17.62%            id94 D   5774   5773     25
   5851  3337       20.0805   105       18.0000       21.1182   651806   17.32%           id164 U   5851   2534     23
   5959  3377       19.4226   101       18.0000       21.0859   661063   17.14%           id127 D   5959   5958     34
   6049  3369        cutoff             18.0000       21.0254   670283   16.81%           id195 U   6049   6047     41
   6146  3372        cutoff             18.0000       20.9787   680074   16.55%           id118 U   6146   1242     11
   6221  3343        cutoff             18.0000       20.9219   688865   16.23%           id159 U   6221    544     28
Elapsed real time = 501.33 sec. (tree size = 273.18 MB, solutions = 5)
Nodefile size = 148.82 MB (119.06 MB after compression)
   6304  3320        cutoff             18.0000       20.8715   698312   15.95%           id155 U   6304    480     29
   6382  3299        cutoff             18.0000       20.8289   707199   15.72%           id118 U   6382   2870     31
   6476  3303       19.2998    92       18.0000       20.7944   715961   15.52%            id19 D   6476   6475     19
   6569  3278       19.1771   100       18.0000       20.7452   725313   15.25%           id115 D   6569   6568     44
   6650  3251        cutoff             18.0000       20.6949   734374   14.97%            id90 U   6650   3587     20
   6732  3251       19.6412    95       18.0000       20.6539   743243   14.74%            id44 D   6732   6731     28
   6815  3225       19.7140   103       18.0000       20.6168   752600   14.54%           id127 U   6815   4303     29
   6903  3211       19.0176    94       18.0000       20.5819   761453   14.34%            id29 U   6903    147     32
   6993  3182        cutoff             18.0000       20.5306   770014   14.06%            id17 U   6993   2204     17
   7100  3179       19.3575    88       18.0000       20.4992   779140   13.88%            id90 D   7100   7099     18
Elapsed real time = 601.77 sec. (tree size = 271.49 MB, solutions = 5)
Nodefile size = 148.82 MB (119.06 MB after compression)
   7211  3174        cutoff             18.0000       20.4626   788271   13.68%            id53 U   7211   4360     25
   7324  3139        cutoff             18.0000       20.4161   797256   13.42%           id197 U   7324   1742     10
   7423  3141       20.1593    91       18.0000       20.3889   806215   13.27%           id164 U   7423   5367     20
   7528  3118       19.5431    98       18.0000       20.3528   815889   13.07%           id108 U   7528    714     17
   7629  3084        cutoff             18.0000       20.3143   824179   12.86%            id94 D   7629   7627     24
   7736  3053        cutoff             18.0000       20.2771   832812   12.65%           id162 U   7736   2133     17
   7837  3046       19.3237    78       18.0000       20.2499   841610   12.50%            id44 D   7837   7836     32
   7943  2998       19.5796    95       18.0000       20.2122   849745   12.29%            id78 D   7943   7942     30
   8044  2961        cutoff             18.0000       20.1755   858202   12.09%            id37 U   8044   5353     23
   8150  2922        cutoff             18.0000       20.1349   866824   11.86%           id169 U   8150   3040     27
Elapsed real time = 702.81 sec. (tree size = 251.82 MB, solutions = 5)
Nodefile size = 148.82 MB (119.06 MB after compression)
   8249  2849       19.9269    96       18.0000       20.0913   874980   11.62%           id164 D   8249   3927     24
   8352  2790        cutoff             18.0000       20.0495   882831   11.39%            id69 U   8352   2468     23
   8452  2750        cutoff             18.0000       20.0168   890797   11.20%            id47 U   8452   2014     22
   8563  2693        cutoff             18.0000       19.9749   898626   10.97%           id159 U   8563   6354     28
   8685  2625        cutoff             18.0000       19.9323   906719   10.74%            id36 U   8685   1588     16
   8818  2544       19.2785    81       18.0000       19.8930   915795   10.52%            id47 D   8818   8817     31
   8953  2465        cutoff             18.0000       19.8478   923573   10.27%           id162 U   8953   4902     23
   9045  2392        cutoff             18.0000       19.8175   930490   10.10%            id53 U   9045   4516     24
   9181  2290       19.1013    97       18.0000       19.7760   941209    9.87%           id164 U   9181   7404     24
   9368  2154        cutoff             18.0000       19.7189   954250    9.55%           id159 U   9368   5889     22
Elapsed real time = 807.19 sec. (tree size = 151.74 MB, solutions = 5)
Nodefile size = 94.18 MB (75.59 MB after compression)
   9552  2013        cutoff             18.0000       19.6566   967151    9.20%           id127 D   9552   9551     25
   9758  1840       19.1099    90       18.0000       19.6007   979845    8.89%            id15 D   9758   9757     35
   9981  1652       19.2620    83       18.0000       19.5417   992681    8.57%            id52 D   9981   9980     39
  10228  1439        cutoff             18.0000       19.4705  1004789    8.17%           id131 U  10228   2258     13
  10523  1162        cutoff             18.0000       19.3878  1016478    7.71%            id44 U  10523   7043     31
  10902   789        cutoff             18.0000       19.2915  1026829    7.18%            id29 U  10902   1912     19
  11287   426        cutoff             18.0000       19.2020  1036268    6.68%            id15 U  11287   6391     26

User cuts applied:  12082

Root node processing (before b&c):
  Real time             =    4.71
Sequential b&c:
  Real time             =  868.69
                          -------
Total (root+branch&cut) =  873.40 sec.
Solution status = Optimal
Solution value  = 18
GAP             = 0%
Heuristica 1 : 4303
Heuristica 2 : 1756
A = [ 0 0 0 0 1 0 0 1 0 0 0 0 0 0 0 0 0 0 0 0 0 0 0 0 0 0 0 0 0 0 0 0 0 0 1 0 0 0 1 0 0 0 0 0 0 0 0 0 0 0 0 0 0 1 0 0 0 0 0 0 0 0 0 0 0 0 0 0 0 0 0 1 0 0 1 0 0 0 1 0 0 0 0 0 0 0 0 0 0 0 0 0 0 1 0 0 0 0 0 0 ]
B = [ 1 0 0 0 0 0 0 0 0 0 0 0 0 0 0 0 0 0 0 0 0 0 0 1 0 0 0 0 0 0 0 0 0 0 0 0 1 0 0 0 0 0 0 0 0 0 1 0 0 1 0 1 0 0 0 0 0 0 0 0 0 0 0 0 0 0 0 0 0 0 0 0 0 0 0 0 0 0 0 0 0 0 0 0 1 0 0 0 1 0 0 0 1 0 0 0 0 0 0 0 ]
