LINE 15
DIMENSOES 100 4455
N cortes 1
Found feasible solution after 0.00 sec.  Objective = 0.0000
Clique table members: 576.
MIP emphasis: balance optimality and feasibility.
MIP search method: traditional branch-and-cut.
Parallel mode: none, using 1 thread.
Root relaxation solution time =    0.04 sec.

        Nodes                                         Cuts/
   Node  Left     Objective  IInf  Best Integer    Best Bound    ItCnt     Gap         Variable B NodeID Parent  Depth

*     0+    0                            0.0000                    526     --- 
*     0+    0                            5.0000                    526     --- 
*     0+    0                            6.0000                    526     --- 
      0     0       13.5002   108        6.0000       13.5002      526  125.00%
      0     0       13.2266   106        6.0000       User: 4      650  120.44%
      0     0       12.6868   100        6.0000       User: 4      815  111.45%
      0     0       12.4921   108        6.0000       User: 4      951  108.20%
      0     0       12.3088   104        6.0000       User: 4     1079  105.15%
      0     0       12.2184   110        6.0000       User: 4     1173  103.64%
      0     0       12.0904   110        6.0000       User: 4     1285  101.51%
      0     0       11.9833   106        6.0000       User: 4     1412   99.72%
      0     0       11.9717   112        6.0000       User: 4     1464   99.53%
      0     0       11.9045   110        6.0000       User: 4     1569   98.41%
      0     0       11.8788   110        6.0000       User: 4     1645   97.98%
      0     0       11.8233   108        6.0000       User: 4     1822   97.06%
      0     0       11.7688   120        6.0000       User: 4     1955   96.15%
      0     0       11.7266   114        6.0000       User: 4     2049   95.44%
      0     0       11.7066   130        6.0000       User: 4     2124   95.11%
*     0+    0                            7.0000       11.7066     2124   67.24%
      0     0       11.6833   124        7.0000       User: 4     2191   66.90%
      0     0       11.6336   122        7.0000       User: 4     2307   66.19%
      0     0       11.6130   122        7.0000       User: 4     2410   65.90%
      0     0       11.5532   120        7.0000       User: 4     2533   65.05%
      0     0       11.4998   114        7.0000       User: 4     2633   64.28%
      0     0       11.4735   112        7.0000       User: 4     2720   63.91%
      0     0       11.4515   116        7.0000       User: 4     2795   63.59%
      0     0       11.4383   108        7.0000       User: 4     2852   63.40%
      0     0       11.4098   114        7.0000       User: 4     2923   63.00%
      0     0       11.3863   114        7.0000       User: 4     3009   62.66%
      0     0       11.3743   124        7.0000       User: 4     3090   62.49%
      0     0       11.3559   120        7.0000       User: 4     3153   62.23%
      0     0       11.3447   120        7.0000       User: 4     3193   62.07%
      0     0       11.3290   118        7.0000       User: 4     3256   61.84%
      0     0       11.3198   124        7.0000       User: 4     3301   61.71%
      0     0       11.3125   124        7.0000       User: 4     3372   61.61%
      0     0       11.2835   132        7.0000       User: 4     3480   61.19%
      0     0       11.2772   130        7.0000       User: 4     3507   61.10%
      0     0       11.2654   132        7.0000       User: 4     3555   60.93%
      0     0       11.2434   132        7.0000       User: 4     3675   60.62%
      0     0       11.2278   130        7.0000       User: 4     3767   60.40%
      0     0       11.2134   126        7.0000       User: 4     3846   60.19%
      0     0       11.1655   118        7.0000       User: 4     3990   59.51%
      0     0       11.1561   122        7.0000       User: 4     4084   59.37%
      0     0       11.1460   126        7.0000       User: 4     4146   59.23%
      0     0       11.1260   128        7.0000       User: 4     4246   58.94%
      0     0       11.1177   132        7.0000       User: 4     4331   58.82%
      0     0       11.1063   132        7.0000       User: 4     4404   58.66%
      0     0       11.0934   142        7.0000       User: 4     4461   58.48%
      0     0       11.0817   132        7.0000       User: 4     4539   58.31%
      0     0       11.0694   134        7.0000       User: 4     4648   58.13%
      0     0       11.0558   136        7.0000       User: 4     4726   57.94%
      0     0       11.0298   136        7.0000       User: 4     4820   57.57%
      0     0       11.0094   132        7.0000       User: 4     4882   57.28%
      0     0       10.9881   128        7.0000       User: 4     4964   56.97%
      0     0       10.9764   130        7.0000       User: 4     5042   56.81%
      0     0       10.9630   138        7.0000       User: 4     5136   56.61%
      0     0       10.9551   144        7.0000       User: 4     5192   56.50%
      0     0       10.9506   134        7.0000       User: 4     5226   56.44%
      0     0       10.9382   140        7.0000       User: 4     5293   56.26%
      0     0       10.9208   134        7.0000       User: 4     5366   56.01%
      0     0       10.9051   140        7.0000       User: 4     5471   55.79%
      0     0       10.8985   140        7.0000       User: 4     5528   55.69%
      0     0       10.8889   138        7.0000       User: 4     5598   55.56%
      0     0       10.8832   144        7.0000       User: 4     5656   55.47%
      0     0       10.8749   150        7.0000       User: 4     5740   55.36%
      0     0       10.8631   152        7.0000       User: 4     5802   55.19%
      0     0       10.8590   144        7.0000       User: 4     5860   55.13%
      0     0       10.8496   140        7.0000       User: 4     5937   54.99%
      0     0       10.8430   146        7.0000       User: 4     5990   54.90%
      0     0       10.8269   148        7.0000       User: 4     6065   54.67%
      0     0       10.8114   146        7.0000       User: 4     6129   54.45%
      0     0       10.7962   138        7.0000       User: 4     6224   54.23%
      0     0       10.7753   142        7.0000       User: 4     6332   53.93%
      0     0       10.7633   140        7.0000       User: 4     6417   53.76%
      0     0       10.7501   146        7.0000       User: 4     6516   53.57%
      0     0       10.7464   142        7.0000       User: 4     6577   53.52%
      0     0       10.7355   142        7.0000       User: 4     6663   53.36%
      0     0       10.7318   146        7.0000       User: 4     6715   53.31%
      0     0       10.7273   152        7.0000       User: 4     6786   53.25%
      0     0       10.7184   152        7.0000       User: 4     6890   53.12%
      0     0       10.7007   144        7.0000       User: 4     6983   52.87%
      0     0       10.6883   146        7.0000       User: 4     7068   52.69%
      0     0       10.6818   156        7.0000       User: 4     7169   52.60%
      0     0       10.6645   152        7.0000       User: 4     7282   52.35%
      0     0       10.6559   152        7.0000       User: 4     7355   52.23%
      0     0       10.6399   154        7.0000       User: 4     7434   52.00%
      0     0       10.6259   148        7.0000       User: 4     7526   51.80%
      0     0       10.6125   150        7.0000       User: 4     7599   51.61%
      0     0       10.6070   144        7.0000       User: 4     7646   51.53%
      0     0       10.6046   148        7.0000       User: 4     7699   51.49%
      0     0       10.5958   148        7.0000       User: 4     7762   51.37%
      0     0       10.5895   148        7.0000       User: 4     7822   51.28%
      0     0       10.5847   154        7.0000       User: 4     7878   51.21%
      0     0       10.5678   158        7.0000       User: 4     7959   50.97%
      0     0       10.5593   156        7.0000       User: 4     8044   50.85%
      0     0       10.5534   154        7.0000       User: 4     8079   50.76%
      0     0       10.5254   146        7.0000       User: 4     8185   50.36%
      0     0       10.4913   154        7.0000       User: 4     8278   49.88%
      0     0       10.4819   150        7.0000       User: 4     8334   49.74%
      0     0       10.4666   152        7.0000       User: 4     8425   49.52%
      0     0       10.4476   154        7.0000       User: 4     8529   49.25%
      0     0       10.4412   162        7.0000       User: 4     8592   49.16%
      0     0       10.4288   156        7.0000       User: 4     8672   48.98%
      0     0       10.4249   158        7.0000       User: 4     8717   48.93%
      0     0       10.4117   156        7.0000       User: 4     8802   48.74%
      0     0       10.3986   150        7.0000       User: 4     8928   48.55%
      0     0       10.3915   154        7.0000       User: 4     9004   48.45%
      0     0       10.3800   152        7.0000       User: 4     9078   48.29%
      0     0       10.3724   148        7.0000       User: 4     9132   48.18%
      0     0       10.3682   154        7.0000       User: 4     9208   48.12%
      0     0       10.3533   146        7.0000       User: 4     9291   47.90%
      0     0       10.3447   160        7.0000       User: 4     9392   47.78%
      0     0       10.3376   160        7.0000       User: 4     9453   47.68%
      0     0       10.3320   160        7.0000       User: 4     9519   47.60%
      0     0       10.3161   150        7.0000       User: 4     9608   47.37%
      0     0       10.2987   162        7.0000       User: 4     9713   47.12%
      0     0       10.2897   164        7.0000       User: 4     9786   47.00%
      0     0       10.2811   160        7.0000       User: 4     9876   46.87%
      0     0       10.2652   166        7.0000       User: 4     9947   46.65%
      0     0       10.2472   158        7.0000       User: 4    10015   46.39%
      0     0       10.2413   158        7.0000       User: 4    10096   46.30%
      0     0       10.2384   162        7.0000       User: 4    10163   46.26%
      0     0       10.2236   164        7.0000       User: 4    10259   46.05%
      0     0       10.2054   156        7.0000       User: 4    10354   45.79%
      0     0       10.1956   154        7.0000       User: 4    10451   45.65%
      0     0       10.1871   148        7.0000       User: 4    10584   45.53%
      0     0       10.1787   160        7.0000       User: 4    10677   45.41%
      0     0       10.1668   158        7.0000       User: 4    10757   45.24%
      0     0       10.1565   160        7.0000       User: 4    10831   45.09%
      0     0       10.1505   162        7.0000       User: 4    10920   45.01%
      0     0       10.1501   160        7.0000       User: 4    10955   45.00%
      0     0       10.1481   156        7.0000       User: 4    11017   44.97%
      0     0       10.1438   162        7.0000       User: 4    11090   44.91%
      0     0       10.1183   154        7.0000       User: 4    11210   44.55%
      0     0       10.1040   164        7.0000       User: 4    11310   44.34%
      0     0       10.0979   160        7.0000       User: 4    11364   44.26%
      0     0       10.0930   164        7.0000       User: 4    11425   44.19%
      0     0       10.0912   162        7.0000       User: 4    11473   44.16%
      0     0       10.0789   162        7.0000       User: 4    11541   43.98%
      0     0       10.0723   168        7.0000       User: 4    11604   43.89%
      0     0       10.0692   168        7.0000       User: 4    11656   43.85%
      0     0       10.0538   166        7.0000       User: 4    11741   43.63%
      0     0       10.0475   168        7.0000       User: 4    11787   43.54%
      0     0       10.0413   166        7.0000       User: 4    11855   43.45%
      0     0       10.0361   158        7.0000       User: 4    11905   43.37%
      0     0       10.0341   164        7.0000       User: 4    11944   43.34%
      0     0       10.0318   162        7.0000       User: 4    11974   43.31%
      0     0       10.0282   170        7.0000       User: 4    12021   43.26%
      0     0       10.0189   160        7.0000       User: 4    12109   43.13%
      0     0       10.0158   166        7.0000       User: 4    12165   43.08%
      0     0       10.0130   170        7.0000       User: 4    12218   43.04%
      0     0       10.0077   170        7.0000       User: 4    12276   42.97%
      0     0       10.0023   168        7.0000       User: 4    12354   42.89%
      0     0        9.9882   174        7.0000       User: 4    12442   42.69%
      0     0        9.9751   166        7.0000       User: 4    12526   42.50%
      0     0        9.9618   158        7.0000       User: 4    12627   42.31%
      0     0        9.9566   168        7.0000       User: 4    12673   42.24%
      0     0        9.9464   180        7.0000       User: 4    12780   42.09%
      0     0        9.9375   182        7.0000       User: 4    12873   41.96%
      0     0        9.9290   172        7.0000       User: 4    12962   41.84%
      0     0        9.9244   174        7.0000       User: 4    13022   41.78%
      0     0        9.9103   166        7.0000       User: 4    13108   41.58%
      0     0        9.9068   172        7.0000       User: 4    13171   41.53%
      0     0        9.9038   166        7.0000       User: 4    13240   41.48%
      0     0        9.8966   172        7.0000       User: 4    13308   41.38%
      0     0        9.8963   170        7.0000       User: 4    13326   41.38%
      0     0        9.8943   172        7.0000       User: 4    13375   41.35%
      0     0        9.8858   168        7.0000       User: 4    13453   41.23%
*     0+    0                            8.0000        9.8858    13453   23.57%
      0     0        9.8695   166        8.0000       User: 4    13536   23.37%
      0     0        9.8541   168        8.0000       User: 4    13625   23.18%
      0     0        9.8469   164        8.0000       User: 4    13690   23.09%
      0     0        9.8428   168        8.0000       User: 4    13748   23.03%
      0     0        9.8376   162        8.0000       User: 4    13807   22.97%
      0     0        9.8298   168        8.0000       User: 4    13858   22.87%
      0     0        9.8141   166        8.0000       User: 4    13975   22.68%
      0     0        9.8110   162        8.0000       User: 4    14015   22.64%
      0     0        9.8061   164        8.0000       User: 4    14074   22.58%
      0     0        9.8024   162        8.0000       User: 4    14140   22.53%
      0     0        9.7931   172        8.0000       User: 4    14236   22.41%
      0     0        9.7897   164        8.0000       User: 4    14284   22.37%
      0     0        9.7822   168        8.0000       User: 4    14368   22.28%
      0     0        9.7707   170        8.0000       User: 4    14466   22.13%
      0     0        9.7667   168        8.0000       User: 4    14514   22.08%
      0     0        9.7512   168        8.0000       User: 4    14620   21.89%
      0     0        9.7447   162        8.0000       User: 4    14696   21.81%
      0     0        9.7358   160        8.0000       User: 4    14757   21.70%
      0     0        9.7344   166        8.0000       User: 4    14793   21.68%
      0     0        9.7279   164        8.0000       User: 4    14866   21.60%
      0     0        9.7253   168        8.0000       User: 4    14919   21.57%
      0     0        9.7201   164        8.0000       User: 4    14984   21.50%
      0     0        9.7129   162        8.0000       User: 4    15046   21.41%
      0     0        9.7087   164        8.0000       User: 4    15105   21.36%
      0     0        9.7021   166        8.0000       User: 4    15174   21.28%
      0     0        9.6879   158        8.0000       User: 4    15270   21.10%
      0     0        9.6753   160        8.0000       User: 4    15364   20.94%
      0     0        9.6687   162        8.0000       User: 4    15450   20.86%
      0     0        9.6632   160        8.0000       User: 4    15531   20.79%
      0     0        9.6602   166        8.0000       User: 4    15609   20.75%
      0     0        9.6571   166        8.0000       User: 4    15649   20.71%
      0     0        9.6548   166        8.0000       User: 4    15693   20.69%
      0     0        9.6533   170        8.0000       User: 4    15750   20.67%
      0     0        9.6496   164        8.0000       User: 4    15809   20.62%
      0     0        9.6488   166        8.0000       User: 4    15856   20.61%
      0     0        9.6437   164        8.0000       User: 4    15959   20.55%
      0     0        9.6418   168        8.0000       User: 4    16021   20.52%
      0     0        9.6413   174        8.0000       User: 4    16073   20.52%
      0     0        9.6383   176        8.0000       User: 4    16146   20.48%
      0     0        9.6366   168        8.0000       User: 4    16221   20.46%
      0     0        9.6353   172        8.0000       User: 4    16281   20.44%
      0     0        9.6343   168        8.0000       User: 4    16328   20.43%
      0     0        9.6336   172        8.0000       User: 4    16367   20.42%
      0     0        9.6325   170        8.0000       User: 4    16431   20.41%
      0     0        9.6283   168        8.0000       User: 4    16500   20.35%
      0     0        9.6267   172        8.0000       User: 4    16537   20.33%
      0     0        9.6219   176        8.0000       User: 4    16606   20.27%
      0     0        9.6173   168        8.0000       User: 4    16666   20.22%
      0     0        9.6160   164        8.0000       User: 4    16707   20.20%
      0     0        9.6062   176        8.0000       User: 4    16805   20.08%
      0     0        9.6046   178        8.0000       User: 4    16846   20.06%
      0     0        9.5998   174        8.0000       User: 4    16920   20.00%
      0     0        9.5977   178        8.0000       User: 4    16974   19.97%
      0     0        9.5905   176        8.0000       User: 4    17047   19.88%
      0     0        9.5814   168        8.0000       User: 4    17111   19.77%
      0     0        9.5737   168        8.0000       User: 4    17197   19.67%
      0     0        9.5694   160        8.0000       User: 4    17258   19.62%
      0     0        9.5657   168        8.0000       User: 4    17303   19.57%
      0     0        9.5640   174        8.0000       User: 4    17334   19.55%
      0     0        9.5617   172        8.0000       User: 4    17377   19.52%
      0     0        9.5583   178        8.0000       User: 4    17429   19.48%
      0     0        9.5533   174        8.0000       User: 4    17497   19.42%
      0     0        9.5485   176        8.0000       User: 4    17560   19.36%
      0     0        9.5464   176        8.0000       User: 4    17615   19.33%
      0     0        9.5427   182        8.0000       User: 4    17677   19.28%
      0     0        9.5386   178        8.0000       User: 4    17737   19.23%
      0     0        9.5343   178        8.0000       User: 4    17800   19.18%
      0     0        9.5293   182        8.0000       User: 4    17850   19.12%
      0     0        9.5273   184        8.0000       User: 4    17884   19.09%
      0     0        9.5244   180        8.0000       User: 4    17915   19.06%
      0     0        9.5223   174        8.0000       User: 4    17965   19.03%
      0     0        9.5172   166        8.0000       User: 4    18023   18.96%
      0     0        9.5132   166        8.0000       User: 4    18088   18.92%
      0     0        cutoff              8.0000        8.0000    18173    0.00%                        0             0
Elapsed real time =  11.66 sec. (tree size =  0.00 MB, solutions = 5)

User cuts applied:  948

Root node processing (before b&c):
  Real time             =   11.66
Sequential b&c:
  Real time             =    0.00
                          -------
Total (root+branch&cut) =   11.66 sec.
Solution status = Optimal
Solution value  = 8
GAP             = 0%
Heuristica 1 : 157
Heuristica 2 : 80
A = [ 1 0 0 0 0 0 0 0 0 1 0 0 0 0 0 0 0 0 0 0 0 0 0 0 0 0 0 0 0 0 0 1 0 0 0 1 0 0 0 0 0 0 0 0 0 0 0 0 0 0 0 0 0 0 0 0 0 0 0 0 0 0 0 0 0 0 0 0 0 0 0 0 0 0 0 0 0 0 0 0 0 0 0 0 0 0 0 0 0 0 0 0 0 0 0 0 0 0 0 0 ]
B = [ 0 0 0 0 0 0 0 0 0 0 0 0 0 0 0 0 0 0 0 0 1 0 0 0 0 0 0 0 0 0 0 0 0 0 0 0 0 0 0 0 0 0 0 0 0 0 0 0 0 0 0 0 0 0 1 0 0 0 0 0 0 0 1 0 0 0 0 0 1 0 0 0 0 0 0 0 0 0 0 0 0 0 0 0 0 0 0 0 0 0 0 0 0 0 0 0 0 0 0 0 ]
