LINE 15
DIMENSOES 120 3570
N cortes 1
Found feasible solution after 0.00 sec.  Objective = 0.0000
Clique table members: 1438.
MIP emphasis: balance optimality and feasibility.
MIP search method: traditional branch-and-cut.
Parallel mode: none, using 1 thread.
Root relaxation solution time =    0.12 sec.

        Nodes                                         Cuts/
   Node  Left     Objective  IInf  Best Integer    Best Bound    ItCnt     Gap         Variable B NodeID Parent  Depth

*     0+    0                            0.0000                    917     --- 
*     0+    0                           13.0000                    917     --- 
      0     0       40.8009   232       13.0000       40.8009      917  213.85%
*     0+    0                           15.0000       40.8009      917  172.01%
      0     0       40.6183   234       15.0000       User: 4     1013  170.79%
      0     0       40.3696   232       15.0000       User: 4     1140  169.13%
      0     0       40.0964   230       15.0000       User: 4     1276  167.31%
      0     0       40.0179   226       15.0000       User: 4     1372  166.79%
*     0+    0                           15.0000       40.0179     1372  166.79%
      0     0       39.5231   235       15.0000       User: 4     1530  163.49%
      0     0       39.4092   232       15.0000       User: 4     1642  162.73%
      0     0       39.2248   235       15.0000       User: 4     1759  161.50%
      0     0       39.1848   234       15.0000       User: 4     1834  161.23%
      0     0       39.0744   234       15.0000       User: 4     1909  160.50%
      0     0       38.9230   228       15.0000       User: 4     2071  159.49%
      0     0       38.8028   235       15.0000       User: 4     2207  158.69%
      0     0       38.7672   237       15.0000       User: 4     2255  158.45%
*     0+    0                           16.0000       38.7672     2255  142.30%
      0     0       38.6028   226       16.0000       User: 4     2376  141.27%
      0     0       38.4877   233       16.0000       User: 4     2474  140.55%
      0     0       38.3645   229       16.0000       User: 4     2567  139.78%
      0     0       38.2738   233       16.0000       User: 4     2639  139.21%
      0     0       38.0250   235       16.0000       User: 4     2740  137.66%
      0     0       37.6650   233       16.0000       User: 4     2921  135.41%
      0     0       37.6122   223       16.0000       User: 4     2998  135.08%
      0     0       37.5238   229       16.0000       User: 4     3119  134.52%
      0     0       37.5046   233       16.0000       User: 4     3167  134.40%
      0     0       37.4649   229       16.0000       User: 4     3229  134.16%
      0     0       37.3301   229       16.0000       User: 4     3326  133.31%
      0     0       37.1585   227       16.0000       User: 4     3431  132.24%
      0     0       37.0542   227       16.0000       User: 4     3512  131.59%
      0     0       37.0051   223       16.0000       User: 4     3571  131.28%
      0     0       36.8809   227       16.0000       User: 4     3667  130.51%
      0     0       36.8342   225       16.0000       User: 4     3733  130.21%
      0     0       36.8062   223       16.0000       User: 4     3762  130.04%
      0     0       36.7652   225       16.0000       User: 4     3816  129.78%
      0     0       36.7051   229       16.0000       User: 4     3875  129.41%
      0     0       36.6289   231       16.0000       User: 4     3928  128.93%
      0     0       36.5347   229       16.0000       User: 4     4055  128.34%
      0     0       36.5240   233       16.0000       User: 4     4091  128.28%
      0     0       36.5195   227       16.0000       User: 4     4129  128.25%
      0     0       36.4722   230       16.0000       User: 4     4216  127.95%
      0     0       36.4404   228       16.0000       User: 4     4286  127.75%
      0     0       36.3960   234       16.0000       User: 4     4370  127.47%
      0     0       36.3455   233       16.0000       User: 4     4436  127.16%
      0     0       36.3047   228       16.0000       User: 4     4493  126.90%
      0     0       36.2643   232       16.0000       User: 4     4548  126.65%
      0     0       36.2489   234       16.0000       User: 4     4589  126.56%
      0     0       36.2313   238       16.0000       User: 4     4625  126.45%
      0     0       36.2099   232       16.0000       User: 4     4674  126.31%
      0     0       36.1733   232       16.0000       User: 4     4726  126.08%
      0     0       36.1715   230       16.0000       User: 4     4741  126.07%
      0     0       36.1347   234       16.0000       User: 4     4790  125.84%
      0     0       36.1210   230       16.0000       User: 4     4821  125.76%
      0     0       36.1051   234       16.0000       User: 4     4851  125.66%
      0     0       36.0492   234       16.0000       User: 4     4913  125.31%
      0     0       36.0306   232       16.0000       User: 4     4959  125.19%
*     0+    0                           17.0000       36.0306     4959  111.94%
      0     0       36.0139   234       17.0000       User: 4     4994  111.85%
      0     0       36.0104   230       17.0000       User: 4     5016  111.83%
      0     0       36.0102   232       17.0000       User: 4     5025  111.82%
      0     0       35.9989   234       17.0000       User: 4     5062  111.76%
      0     0       35.9883   236       17.0000       User: 4     5087  111.70%
      0     0       35.9843   234       17.0000       User: 4     5110  111.67%
      0     0       35.9647   236       17.0000       User: 4     5148  111.56%
      0     0       35.9253   232       17.0000       User: 4     5209  111.33%
      0     0       35.9224   232       17.0000       User: 4     5235  111.31%
      0     0       35.9163   234       17.0000       User: 4     5259  111.27%
      0     0       35.9071   234       17.0000       User: 4     5287  111.22%
      0     0       35.8999   234       17.0000       User: 4     5317  111.18%
      0     0       35.8915   232       17.0000       User: 4     5343  111.13%
      0     0       35.8858   234       17.0000       User: 4     5361  111.09%
      0     0       35.8820   236       17.0000       User: 4     5374  111.07%
      0     0       35.8625   238       17.0000       User: 4     5406  110.96%
      0     0       35.8617   238       17.0000       User: 4     5410  110.95%
      0     0       35.8277   239       17.0000       User: 4     5458  110.75%
      0     0       35.7810   232       17.0000       User: 4     5503  110.48%
      0     0       35.7218   234       17.0000       User: 4     5561  110.13%
      0     0       35.7026   238       17.0000       User: 4     5591  110.02%
      0     0       35.6783   230       17.0000       User: 4     5628  109.87%
      0     0       35.6494   236       17.0000       User: 4     5683  109.70%
      0     0       35.6472   238       17.0000       User: 4     5695  109.69%
      0     0       35.6332   232       17.0000       User: 4     5718  109.61%
      0     0       35.5989   236       17.0000       User: 4     5753  109.41%
      0     0       35.5834   234       17.0000       User: 4     5782  109.31%
      0     0       35.5625   232       17.0000       User: 4     5822  109.19%
      0     0       35.4701   234       17.0000       User: 4     5904  108.65%
      0     0       35.4591   236       17.0000       User: 4     5929  108.58%
      0     0       35.4558   238       17.0000       User: 4     5952  108.56%
      0     0       35.4091   237       17.0000       User: 4     6006  108.29%
      0     0       35.3778   231       17.0000       User: 4     6058  108.10%
      0     0       35.3423   233       17.0000       User: 4     6110  107.90%
      0     0       35.3208   237       17.0000       User: 4     6167  107.77%
      0     0       35.2856   233       17.0000       User: 4     6219  107.56%
      0     0       35.2809   231       17.0000       User: 4     6239  107.53%
      0     0       35.2799   231       17.0000       User: 4     6251  107.53%
      0     0       35.2730   231       17.0000       User: 4     6283  107.49%
      0     0       35.2708   229       17.0000       User: 4     6300  107.48%
      0     0       35.2475   229       17.0000       User: 4     6354  107.34%
      0     0       35.2440   235       17.0000       User: 4     6396  107.32%
      0     0       35.2201   233       17.0000       User: 4     6434  107.18%
      0     0       35.1685   233       17.0000       User: 4     6488  106.87%
      0     0       35.1586   231       17.0000       User: 4     6503  106.82%
      0     0       35.1474   231       17.0000       User: 4     6546  106.75%
      0     0       35.1473   231       17.0000       User: 4     6551  106.75%
      0     0       35.1084   233       17.0000       User: 4     6608  106.52%
      0     0       35.0765   233       17.0000       User: 4     6654  106.33%
      0     0       35.0667   235       17.0000       User: 4     6679  106.27%
      0     0       35.0439   231       17.0000       User: 4     6725  106.14%
      0     0       35.0358   231       17.0000       User: 4     6747  106.09%
      0     0       35.0060   235       17.0000       User: 4     6783  105.92%
      0     0       34.9963   229       17.0000       User: 4     6814  105.86%
      0     0       34.9462   235       17.0000       User: 4     6873  105.57%
      0     0       34.9315   235       17.0000       User: 4     6928  105.48%
      0     0       34.9312   235       17.0000       User: 4     6934  105.48%
      0     0       34.9219   235       17.0000       User: 4     6968  105.42%
      0     0       34.9161   235       17.0000       User: 4     6995  105.39%
      0     0       34.9144   237       17.0000       User: 4     7011  105.38%
      0     0       34.8794   237       17.0000       User: 4     7064  105.17%
      0     0       34.8743   237       17.0000       User: 4     7074  105.14%
      0     0       34.8730   237       17.0000       User: 4     7084  105.14%
      0     0       34.8221   233       17.0000       User: 4     7166  104.84%
      0     0       34.7876   237       17.0000       User: 4     7214  104.63%
      0     0       34.7330   235       17.0000       User: 4     7248  104.31%
      0     0       34.6851   235       17.0000       User: 4     7306  104.03%
      0     0       34.6719   237       17.0000       User: 4     7334  103.95%
      0     0       34.6224   237       17.0000       User: 4     7399  103.66%
      0     0       34.6013   237       17.0000       User: 4     7465  103.54%
      0     0       34.5302   227       17.0000       User: 4     7547  103.12%
      0     0       34.4757   235       17.0000       User: 4     7621  102.80%
      0     0       34.4562   233       17.0000       User: 4     7665  102.68%
      0     0       34.4501   229       17.0000       User: 4     7689  102.65%
      0     0       34.4452   231       17.0000       User: 4     7707  102.62%
      0     0       34.4340   233       17.0000       User: 4     7737  102.55%
      0     0       34.3214   231       17.0000       User: 4     7828  101.89%
      0     0       34.2824   229       17.0000       User: 4     7891  101.66%
      0     0       34.2425   233       17.0000       User: 4     7954  101.43%
      0     0       34.2142   235       17.0000       User: 4     8009  101.26%
      0     0       34.1987   233       17.0000       User: 4     8051  101.17%
*     0+    0                           18.0000       34.1987     8101   89.99%
      0     0       34.1891   231       18.0000       User: 4     8101   89.94%
      0     0       34.1592   237       18.0000       User: 4     8156   89.77%
      0     0       34.1556   239       18.0000       User: 4     8182   89.75%
      0     0       34.1520   239       18.0000       User: 4     8213   89.73%
      0     0       34.1354   235       18.0000       User: 4     8249   89.64%
      0     0       34.1292   235       18.0000       User: 4     8271   89.61%
      0     0       34.1116   237       18.0000       User: 4     8320   89.51%
      0     0       34.1115   239       18.0000       User: 4     8329   89.51%
      0     0       34.0922   237       18.0000       User: 4     8365   89.40%
      0     0       34.0820   237       18.0000       User: 4     8404   89.34%
      0     0       34.0772   237       18.0000       User: 4     8425   89.32%
      0     0       34.0699   233       18.0000       User: 4     8457   89.28%
      0     0       34.0502   237       18.0000       User: 4     8503   89.17%
      0     0       34.0501   237       18.0000       User: 4     8514   89.17%
      0     0       34.0295   241       18.0000       User: 4     8559   89.05%
      0     0       33.9594   235       18.0000       User: 4     8617   88.66%
      0     0       33.9506   236       18.0000       User: 4     8662   88.61%
      0     0       33.9427   237       18.0000       User: 4     8700   88.57%
      0     0       33.9416   237       18.0000       User: 4     8723   88.56%
      0     0       33.9349   241       18.0000       User: 4     8764   88.53%
      0     0       33.9127   239       18.0000       User: 4     8807   88.40%
      0     0       33.8784   237       18.0000       User: 4     8879   88.21%
      0     0       33.8686   239       18.0000       User: 4     8914   88.16%
      0     0       33.8458   239       18.0000       User: 4     8969   88.03%
      0     0       33.7733   236       18.0000       User: 4     9049   87.63%
      0     0       33.7677   238       18.0000       User: 4     9068   87.60%
      0     0       33.7566   239       18.0000       User: 4     9094   87.54%
      0     0       33.7560   241       18.0000       User: 4     9107   87.53%
      0     0       33.7558   241       18.0000       User: 4     9118   87.53%
      0     0       33.7506   239       18.0000       User: 4     9152   87.50%
      0     0       33.7488   239       18.0000       User: 4     9179   87.49%
      0     0       33.7469   239       18.0000       User: 4     9200   87.48%
      0     0       33.7468   239       18.0000       User: 4     9203   87.48%
      0     0       33.7097   241       18.0000       User: 4     9266   87.28%
      0     0       33.7071   239       18.0000       User: 4     9282   87.26%
      0     0       33.7036   239       18.0000       User: 4     9301   87.24%
      0     0       33.6496   237       18.0000       User: 4     9379   86.94%
      0     0       33.6466   237       18.0000       User: 4     9403   86.93%
      0     0       33.6309   239       18.0000       User: 4     9435   86.84%
      0     0       33.6088   239       18.0000       User: 4     9472   86.72%
      0     0       33.5905   233       18.0000       User: 4     9505   86.61%
      0     0       33.5731   233       18.0000       User: 4     9533   86.52%
      0     0       33.5664   235       18.0000       User: 4     9560   86.48%
      0     0       33.5625   232       18.0000       User: 4     9586   86.46%
      0     0       33.5620   233       18.0000       User: 4     9598   86.46%
      0     0       33.5531   235       18.0000       User: 4     9623   86.41%
      0     0       33.5402   235       18.0000       User: 4     9662   86.33%
      0     0       33.5387   237       18.0000       User: 4     9677   86.33%
      0     0       33.5375   239       18.0000       User: 4     9700   86.32%
      0     2       33.5375   239       18.0000       33.5375     9700   86.32%                        0             0
Elapsed real time =  14.75 sec. (tree size =  0.00 MB, solutions = 7)
      1     3       33.3924   235       18.0000       33.5359    10127   86.31%           id226 D      1      0      1
      2     4       33.2473   231       18.0000       33.5359    10558   86.31%           id106 D      2      1      2
      3     5       32.7676   231       18.0000       33.5359    11668   86.31%           id178 D      3      2      3
      4     6       28.5812   174       18.0000       33.5359    13374   86.31%           id178 U      4      2      3
      8    10       27.5195   176       18.0000       33.5359    16633   86.31%           id239 U      8      6      6
     10    12       28.3251   176       18.0000       33.5359    19171   86.31%           id195 U     10      7      7
     13    15       27.5124   178       18.0000       33.5359    22425   86.31%           id215 U     13     11      9
     18    20       26.7944   162       18.0000       33.5359    23988   86.31%           id145 U     18     16     13
     22    24       30.7526   222       18.0000       33.5359    25158   86.31%           id176 D     22     21     17
     42    44       26.0051   154       18.0000       33.5359    32297   86.31%           id180 U     42     39     34
Elapsed real time =  21.20 sec. (tree size =  0.36 MB, solutions = 7)
     64    66       22.8927   134       18.0000       33.5359    38954   86.31%           id104 U     64     62     53
     91    93       22.0172   126       18.0000       33.5359    45782   86.31%           id114 U     91     89     74
    112   114       22.6624   149       18.0000       33.5359    51493   86.31%            id16 D    112    110     91
    156   140       28.1840   180       18.0000       33.3908    56832   85.50%           id226 U    156      0      1
    175   159       23.8493   130       18.0000       33.3908    61244   85.50%            id58 D    175    174     17
    200   182       20.9979   112       18.0000       33.3908    65973   85.50%           id147 D    200    199     39
    226   200       28.4699   179       18.0000       32.7669    69668   82.04%           id106 U    226      1      2
    254   228       24.4529   150       18.0000       32.7669    73476   82.04%           id137 D    254    253     30
    294   268       19.7075   113       18.0000       32.7669    76917   82.04%           id131 D    294    293     70
    313   284       25.7547   165       18.0000       32.4130    80748   80.07%            id10 D    313    312     14
Elapsed real time =  39.45 sec. (tree size =  6.25 MB, solutions = 7)
    349   320       21.6183   133       18.0000       32.4130    83998   80.07%           id197 D    349    348     50
    382   349       27.2530   173       18.0000       31.7886    87352   76.60%           id145 D    382    381      9
    412   379       23.4981   145       18.0000       31.7886    90622   76.60%            id25 D    412    411     39
    455   418       27.3891   177       18.0000       31.5376    94097   75.21%            id95 U    455      9      8
    473   436       23.3219   137       18.0000       31.5376    98049   75.21%             id4 U    473    471     22
    494   457       23.1514   147       18.0000       31.5376   101622   75.21%           id238 D    494    493     40
    519   478       19.8984    94       18.0000       31.5376   105497   75.21%           id237 D    519    517     59
    535   486       26.4067   170       18.0000       31.5066   108975   75.04%            id66 D    535    534     13
    558   509       23.4572   145       18.0000       31.5066   112445   75.04%           id227 D    558    557     36
    578   529       20.9967   124       18.0000       31.5066   114405   75.04%            id86 D    578    577     56
Elapsed real time =  59.62 sec. (tree size = 21.84 MB, solutions = 7)
    611   558       26.5256   172       18.0000       31.5038   117945   75.02%           id228 D    611    610     19
    641   588       22.6775   135       18.0000       31.5038   121012   75.02%            id11 D    641    640     49
    678   621       25.7585   169       18.0000       31.1338   124098   72.97%           id145 D    678    677     13
    708   651       22.2329   139       18.0000       31.1338   126826   72.97%           id147 D    708    707     43
    741   680       24.6231   155       18.0000       31.0754   129556   72.64%           id128 U    741     17     14
    767   706       21.0991   130       18.0000       31.0754   133242   72.64%           id167 D    767    766     40
    793   728       24.0328   136       18.0000       30.9078   136671   71.71%           id127 U    793    790     17
    806   741       21.9423   115       18.0000       30.9078   139787   71.71%            id16 U    806    804     28
    823   756       19.5100    98       18.0000       30.9078   142862   71.71%            id59 D    823    822     41
    839   766       23.4501   155       18.0000       30.8518   145789   71.40%            id43 D    839    838     25
Elapsed real time =  80.45 sec. (tree size = 27.75 MB, solutions = 7)
    868   795       20.4940   125       18.0000       30.8518   148745   71.40%            id77 D    868    867     54
    886   810       26.4658   173       18.0000       30.7523   151386   70.85%           id176 U    886     21     17
    908   832       22.9369   148       18.0000       30.7523   154593   70.85%           id154 D    908    907     39
    947   871       19.3547   110       18.0000       30.7523   158233   70.85%            id27 D    947    946     78
    962   882       24.8362   161       18.0000       30.6348   161844   70.19%           id228 D    962    961     27
    988   908       21.6228   135       18.0000       30.6348   164759   70.19%            id64 D    988    987     53
   1016   932       25.6653   158       18.0000       30.4903   167934   69.39%            id25 U   1016     23     19
   1034   950       23.1964   142       18.0000       30.4903   170411   69.39%           id154 D   1034   1033     37
   1040   956       22.4722   137       18.0000       30.4903   171344   69.39%           id147 D   1040   1039     43
   1062   978       20.6433    88       18.0000       30.4903   173869   69.39%           id166 D   1062   1061     65
Elapsed real time = 101.66 sec. (tree size = 34.40 MB, solutions = 7)
   1083   995       26.2885   172       18.0000       30.4567   177702   69.20%           id186 U   1083     25     21
   1097  1009       24.6536   159       18.0000       30.4567   180706   69.20%           id124 D   1097   1095     34
   1109  1021       23.4047   151       18.0000       30.4567   183825   69.20%            id96 D   1109   1108     43
   1128  1038       19.3740    93       18.0000       30.4567   187069   69.20%            id90 U   1128   1125     59
   1164  1062       24.6583   158       18.0000       30.3222   189908   68.46%           id179 D   1164   1163     26
   1196  1094       21.1620   127       18.0000       30.3222   192639   68.46%            id86 D   1196   1195     58
   1229  1123       23.6250   149       18.0000       30.2219   195228   67.90%           id124 D   1229   1228     34
   1260  1154       19.9465   120       18.0000       30.2219   197767   67.90%           id100 D   1260   1259     65
   1276  1166       23.8085   158       18.0000       30.1415   200636   67.45%           id114 D   1276   1275     31
   1290  1175       25.9164   167       18.0000       30.0299   203252   66.83%           id200 U   1290     30     25
Elapsed real time = 124.80 sec. (tree size = 52.90 MB, solutions = 7)
   1322  1207       21.7637   133       18.0000       30.0299   205849   66.83%           id227 D   1322   1321     57
   1352  1233       25.3197   161       18.0000       29.9830   208910   66.57%           id107 U   1352     31     26
   1369  1250       20.0701   102       18.0000       29.9830   211558   66.57%           id180 U   1369   1367     40
   1400  1271        cutoff             18.0000       29.9830   214297   66.57%            id26 U   1400   1398     66
   1421  1284       24.0224   156       18.0000       29.8692   216881   65.94%            id10 D   1421   1420     31
   1449  1312       21.1236   128       18.0000       29.8692   219850   65.94%            id47 D   1449   1448     59
   1477  1337       24.1562   154       18.0000       29.8154   222379   65.64%           id229 D   1477   1476     35
   1519  1377       19.0045   111       18.0000       29.8154   224866   65.64%            id62 D   1519   1518     77
   1529  1385       22.8126   144       18.0000       29.7383   227690   65.21%           id124 D   1529   1528     37
   1563  1415       25.4424   159       18.0000       29.5791   231738   64.33%            id76 U   1563     35     30
Elapsed real time = 146.99 sec. (tree size = 66.14 MB, solutions = 7)
   1593  1445       21.6079   127       18.0000       29.5791   234112   64.33%           id212 D   1593   1592     60
   1622  1471       20.8660   107       18.0000       29.5348   237341   64.08%           id124 U   1622   1620     37
   1642  1489       21.3430   132       18.0000       29.5348   239918   64.08%            id34 D   1642   1641     55
   1664  1507       24.3527   154       18.0000       29.0791   242489   61.55%            id43 D   1664   1663     36
   1693  1536       21.1661   128       18.0000       29.0791   245263   61.55%            id60 D   1693   1692     65
   1725  1565       22.4994   139       18.0000       29.0043   247977   61.13%           id124 D   1725   1724     45
   1758  1594       24.8388   156       18.0000       28.9479   252323   60.82%            id77 U   1758     43     36
   1788  1624       20.7537   126       18.0000       28.9479   254718   60.82%           id187 D   1788   1787     66
   1819  1651       22.3272   138       18.0000       28.8881   257172   60.49%           id220 D   1819   1818     46
   1851  1679       23.6198   148       18.0000       28.8194   260405   60.11%           id153 U   1851     45     38
Elapsed real time = 170.56 sec. (tree size = 89.19 MB, solutions = 7)
   1866  1692        cutoff             18.0000       28.8194   262958   60.11%            id55 U   1866   1864     50
   1885  1705       19.6253    97       18.0000       28.8194   265742   60.11%           id182 U   1885   1883     65
   1900  1716       23.5447   148       18.0000       28.5747   267908   58.75%           id209 D   1900   1899     45
   1930  1746       20.2547   118       18.0000       28.5747   270197   58.75%           id100 D   1930   1929     75
   1956  1768       25.5725   168       18.0000       28.5532   272353   58.63%           id200 D   1956   1955     14
   1986  1798       22.0713   140       18.0000       28.5532   274595   58.63%            id33 D   1986   1985     44
   2020  1828       24.3831   143       18.0000       28.5372   276744   58.54%           id128 U   2020      4      4
   2039  1847       21.5629   127       18.0000       28.5372   278814   58.54%            id43 D   2039   2038     23
   2055  1863       19.5866   107       18.0000       28.5372   280989   58.54%           id150 D   2055   2054     39
   2074  1878       22.9435   142       18.0000       28.5123   283204   58.40%            id43 D   2074   2073     50
Elapsed real time = 192.94 sec. (tree size = 119.46 MB, solutions = 7)
   2115  1915       23.6466   145       18.0000       28.4663   286655   58.15%           id220 U   2115     48     41
   2126  1920       23.1226   125       18.0000       28.3316   290209   57.40%           id178 U   2126    226      3
   2144  1938       20.2769   103       18.0000       28.3316   291998   57.40%           id239 D   2144   2143     21
   2165  1955       20.9798   118       18.0000       28.3178   294540   57.32%           id124 U   2165   2164     49
   2187  1971       27.2807   181       18.0000       28.3106   297099   57.28%           id128 D   2187     10      8
   2213  1997       23.9504   154       18.0000       28.3106   299268   57.28%           id114 D   2213   2212     34
   2242  2026       20.7137   125       18.0000       28.3106   301427   57.28%           id184 D   2242   2241     63
   2272  2052       21.9163   133       18.0000       28.2752   303378   57.08%             id4 D   2272   2271     19
   2294  2074       19.4203   100       18.0000       28.2752   305555   57.08%           id119 D   2294   2293     41
   2364  2131       21.8628   117       18.0000       28.2255   315543   56.81%            id47 D   2364   2363     14
Elapsed real time = 223.65 sec. (tree size = 146.47 MB, solutions = 7)
Nodefile size = 19.28 MB (15.67 MB after compression)
   2462  2222       21.8972   125       18.0000       28.1395   323265   56.33%            id29 D   2462   2461     32
   2545  2293       20.0798   102       18.0000       28.0012   331627   55.56%           id237 D   2545   2544     16
   2627  2365       22.5119   127       18.0000       27.7746   339946   54.30%           id124 D   2627   2626     27
   2718  2448       20.2532   124       18.0000       27.6316   348583   53.51%            id40 D   2718   2717     76
   2758  2478       21.4609   111       18.0000       27.6181   355956   53.43%           id238 D   2758   2756     24
   2825  2528       24.3568   149       18.0000       27.5829   363042   53.24%            id55 D   2825   2824     15
   2909  2605       22.3368   118       18.0000       27.5122   371792   52.85%            id48 U   2909    158      4
   2976  2658        cutoff             18.0000       27.5112   379880   52.84%            id76 U   2976   2973     44
   3045  2707       23.6293   138       18.0000       27.5020   387610   52.79%           id128 U   3045      8      7
   3119  2774       22.9840   140       18.0000       27.4891   395930   52.72%            id82 U   3119     59     50
Elapsed real time = 314.49 sec. (tree size = 220.30 MB, solutions = 7)
Nodefile size = 93.16 MB (75.06 MB after compression)
   3196  2833       19.4975   103       18.0000       27.4140   405495   52.30%           id131 D   3196   3195     44
   3280  2901       25.3933   152       18.0000       27.2915   413573   51.62%            id75 U   3280    231      8
   3351  2968       22.8340   140       18.0000       27.2860   421754   51.59%            id11 D   3351   3349     16
   3435  3031       21.8504   117       18.0000       27.2761   428957   51.53%           id229 D   3435   3434     19
   3529  3111        cutoff             18.0000       27.2075   436811   51.15%           id166 U   3529   3527     28
   3588  3162       23.6372   144       18.0000       27.1717   444237   50.95%            id58 D   3588   3587     11
   3672  3236       21.9351   129       18.0000       27.1651   453516   50.92%           id209 D   3672   3671     59
   3752  3300       23.6278   145       18.0000       27.1003   461109   50.56%            id56 D   3752   3751     11
   3839  3379       22.1254   128       18.0000       27.0760   467931   50.42%           id161 D   3839   3838     25
   3936  3458       22.5449   123       18.0000       27.0240   475443   50.13%           id186 D   3936   3935     13
Elapsed real time = 405.88 sec. (tree size = 319.66 MB, solutions = 7)
Nodefile size = 191.96 MB (154.28 MB after compression)
   4045  3559       21.7500   134       18.0000       27.0098   482980   50.05%            id16 D   4045   4044     54
   4136  3630       21.3786   117       18.0000       26.9497   490228   49.72%             id4 D   4136   4135     14
   4191  3677       19.3652   105       18.0000       26.8837   496919   49.35%            id77 D   4191   4190     24
   4229  3695       20.9466   112       18.0000       26.8787   503322   49.33%           id176 D   4229   4228     32
   4315  3763       22.2101   134       18.0000       26.8069   509672   48.93%           id100 U   4315     67     57
   4383  3817       21.2781   112       18.0000       26.7929   516780   48.85%           id154 D   4383   4381     32
   4461  3885       19.9031   114       18.0000       26.7923   523016   48.85%            id34 D   4461   4460     61
   4552  3965       22.8115   140       18.0000       26.7431   529809   48.57%            id96 U   4552     68     58
   4625  4024       21.9304   126       18.0000       26.7053   537946   48.36%           id114 D   4625   4624     25
   4691  4087       19.4788    71       18.0000       26.7047   544145   48.36%            id89 D   4691   4690     58
Elapsed real time = 500.86 sec. (tree size = 423.70 MB, solutions = 7)
Nodefile size = 295.75 MB (237.13 MB after compression)
   4751  4139       23.0246   136       18.0000       26.6949   551746   48.30%           id145 D   4751   4750     19
   4818  4197       23.2007   144       18.0000       26.6590   558593   48.11%           id117 D   4818   4817     12
   4881  4252       23.1013   140       18.0000       26.6312   566050   47.95%            id66 D   4881   4880     14
   4950  4314       20.6787   109       18.0000       26.6074   573764   47.82%           id168 D   4950   4949     25
   5010  4358       21.0343   112       18.0000       26.5238   580930   47.35%           id104 D   5010   5009     21
   5075  4403       22.4069   137       18.0000       26.5227   588263   47.35%            id55 D   5075   5074     18
   5136  4457       23.4618   139       18.0000       26.4996   594542   47.22%             id4 U   5136    954     20
   5216  4527        cutoff             18.0000       26.4941   602177   47.19%           id161 U   5216   5214     24
   5304  4605       20.9964   123       18.0000       26.4596   608661   47.00%            id96 D   5304   5303     32
   5389  4682       21.1050   117       18.0000       26.4314   615772   46.84%            id43 D   5389   5388     43
Elapsed real time = 592.91 sec. (tree size = 487.25 MB, solutions = 7)
Nodefile size = 359.75 MB (287.28 MB after compression)
   5469  4750       20.3106   107       18.0000       26.3988   623290   46.66%           id228 D   5469   5468     20
   5539  4813       20.7115   112       18.0000       26.3844   629575   46.58%            id29 D   5539   5538     22
   5630  4890       21.5731   120       18.0000       26.3220   636500   46.23%             id4 D   5630   5629     29
   5698  4946       22.3265   124       18.0000       26.2968   645187   46.09%           id124 U   5698    612     21
   5781  5022       19.3546    91       18.0000       26.2829   652475   46.02%            id59 U   5781   5779     28
   5834  5055       23.7533   139       18.0000       26.2716   659927   45.95%           id170 U   5834    536     15
   5886  5103       22.6720   135       18.0000       26.2420   665664   45.79%           id229 U   5886   1083     22
   5944  5151       22.2071   130       18.0000       26.2352   672264   45.75%           id117 D   5944   5942     24
   5990  5183       21.1306   117       18.0000       26.2278   678334   45.71%           id168 D   5990   5989     17
   6049  5234       21.5446   127       18.0000       26.2195   684371   45.66%           id109 D   6049   6048     32
Elapsed real time = 688.49 sec. (tree size = 561.39 MB, solutions = 7)
Nodefile size = 433.84 MB (344.44 MB after compression)
   6114  5291       19.1029    82       18.0000       26.2100   690247   45.61%            id29 U   6114   6112     31
   6189  5352       20.6517   110       18.0000       26.1804   696216   45.45%           id168 D   6189   6188     20
   6249  5404       20.6742   106       18.0000       26.1782   702622   45.43%           id107 D   6249   6247     21
   6295  5439       20.7616   114       18.0000       26.1583   708518   45.32%            id43 D   6295   6294     38
   6350  5486       22.4313   133       18.0000       26.0995   715017   45.00%            id43 D   6350   6349     30
   6419  5538       21.0284   116       18.0000       26.0880   722175   44.93%           id200 D   6419   6418     22
   6466  5573       20.7207   110       18.0000       26.0597   728070   44.78%            id29 D   6466   6465     25
   6519  5613       22.3855   125       18.0000       26.0407   735623   44.67%            id75 U   6519   2937     14
   6589  5675       20.9337   126       18.0000       26.0377   741523   44.65%            id29 D   6589   6588     31
   6660  5732       20.9037   118       18.0000       26.0172   747510   44.54%           id215 U   6660    311     13
Elapsed real time = 786.40 sec. (tree size = 658.36 MB, solutions = 7)
Nodefile size = 530.49 MB (421.30 MB after compression)
   6711  5779       19.3510    98       18.0000       26.0130   753261   44.52%            id60 D   6711   6710     47
   6757  5817       21.3751   113       18.0000       26.0065   759639   44.48%             id4 U   6757   6755     19
   6826  5874       22.4877   134       18.0000       25.9837   765794   44.35%           id229 D   6826   6825     29
   6921  5957       21.2586   116       18.0000       25.9596   773279   44.22%            id56 U   6921   1086     25
   6978  6004       19.5632    94       18.0000       25.9518   780372   44.18%            id40 D   6978   6977     57
   7054  6064       19.1732    98       18.0000       25.9133   786362   43.96%           id161 D   7054   7052     38
   7126  6120       22.8590   137       18.0000       25.8866   791970   43.81%           id107 D   7126   7125     19
   7190  6172       21.3101   125       18.0000       25.8747   798410   43.75%            id90 D   7190   7189     71
   7262  6232       20.5686   105       18.0000       25.8665   804578   43.70%           id104 U   7262    539     18
   7328  6281       21.8754   123       18.0000       25.8149   810998   43.42%             id4 U   7328   2938     15
Elapsed real time = 882.70 sec. (tree size = 733.03 MB, solutions = 7)
Nodefile size = 605.28 MB (480.33 MB after compression)
   7394  6340       21.9579   133       18.0000       25.8073   817116   43.37%           id214 U   7394     80     66
   7463  6399       20.8609   114       18.0000       25.7897   823035   43.28%             id4 D   7463   7462     21
   7517  6445       22.9990   137       18.0000       25.7869   829342   43.26%            id96 U   7517    243     20
   7574  6498       21.1095   113       18.0000       25.7829   835495   43.24%           id179 D   7574   7573     43
   7634  6546       19.9481   106       18.0000       25.7510   841626   43.06%           id131 D   7634   7633     31
   7681  6589       19.1367   102       18.0000       25.7438   846935   43.02%            id98 D   7681   7680     50
   7765  6653       21.2081   119       18.0000       25.7166   853254   42.87%            id66 U   7765    888     20
   7826  6706       23.2689   141       18.0000       25.7112   859667   42.84%             id4 D   7826   7825     17
   7869  6745       19.9698    95       18.0000       25.7008   865458   42.78%           id147 D   7869   7868     45
   7916  6784       19.3076    98       18.0000       25.6793   870947   42.66%            id60 D   7916   7915     56
Elapsed real time = 981.42 sec. (tree size = 844.71 MB, solutions = 7)
Nodefile size = 716.73 MB (567.74 MB after compression)
   7973  6831       19.2988   107       18.0000       25.6624   876684   42.57%           id147 D   7973   7972     54
   8028  6870       20.9680   113       18.0000       25.6515   882491   42.51%            id56 U   8028   1292     28
   8096  6927       23.7709   160       18.0000       25.6123   888915   42.29%            id59 D   8096   8095     28
   8160  6983       19.8245   104       18.0000       25.6053   895909   42.25%           id216 D   8160   8159     24
   8217  7028       21.1936   114       18.0000       25.5899   902509   42.17%           id180 U   8217    619     28
   8282  7083       19.1979   109       18.0000       25.5655   909061   42.03%            id60 D   8282   8281     55
   8351  7135       20.3330    93       18.0000       25.5397   915575   41.89%            id56 D   8351   8350      8
   8414  7188       19.5702   100       18.0000       25.5308   921419   41.84%            id11 D   8414   8413     29
   8492  7252       21.9012   129       18.0000       25.5199   927107   41.78%           id109 D   8492   8490     36
   8559  7311       19.1552    93       18.0000       25.5092   932573   41.72%           id147 U   8559   8558     52
Elapsed real time = 1077.71 sec. (tree size = 946.16 MB, solutions = 7)
Nodefile size = 818.39 MB (647.80 MB after compression)
   8624  7364       20.4025   107       18.0000       25.4822   938776   41.57%           id150 U   8624    621     30
   8690  7414       20.0114   104       18.0000       25.4811   944527   41.56%            id90 D   8690   8689     44
   8753  7469       19.9314    99       18.0000       25.4724   950527   41.51%            id29 D   8753   8752     42
   8822  7520       22.4612   138       18.0000       25.4417   955693   41.34%           id117 D   8822   8821     20
   8891  7570       21.1005   114       18.0000       25.4188   961907   41.22%            id56 U   8891   4015     25
   8954  7621       20.4133   101       18.0000       25.3926   967788   41.07%           id146 D   8954   8953     45
   9023  7674       20.4604   107       18.0000       25.3801   974124   41.00%           id104 U   9023    796     21
   9094  7737       20.0612   102       18.0000       25.3594   980154   40.89%           id202 D   9094   9093     42
   9161  7790       20.6725   108       18.0000       25.3562   985691   40.87%            id82 D   9161   9160     37
   9225  7842       20.8308   118       18.0000       25.3492   991478   40.83%           id114 D   9225   9224     24
Elapsed real time = 1174.50 sec. (tree size = 1055.13 MB, solutions = 7)
Nodefile size = 927.40 MB (733.52 MB after compression)
   9268  7877       22.0563   129       18.0000       25.3461   997243   40.81%             id4 D   9268   9267     36
   9348  7949       19.3773   116       18.0000       25.3193  1003340   40.66%            id89 D   9348   9347     80

User cuts applied:  22968

Root node processing (before b&c):
  Real time             =   14.31
Sequential b&c:
  Real time             = 1185.70
                          -------
Total (root+branch&cut) = 1200.01 sec.
Solution status = Feasible
Solution value  = 18
GAP             = 40.5986%
Heuristica 1 : 7116
Heuristica 2 : 1767
A = [ 0 0 0 0 0 0 1 0 0 0 0 0 0 0 0 1 0 0 0 0 0 1 0 0 0 0 1 0 0 0 0 0 0 0 0 0 0 0 0 0 0 0 0 0 0 0 0 0 0 0 0 0 0 0 0 0 1 0 0 0 0 0 0 1 0 0 0 0 1 0 0 0 0 0 0 0 0 0 0 1 0 0 0 0 0 0 0 0 1 0 0 0 0 0 0 0 0 0 0 0 0 0 0 0 0 0 0 0 0 0 0 0 0 0 0 0 0 0 0 0 ]
B = [ 0 1 0 1 0 0 0 0 0 0 0 0 0 0 1 0 0 0 0 0 0 0 0 0 0 0 0 0 0 0 0 0 0 0 0 0 0 0 0 1 0 1 0 1 0 0 0 0 0 0 0 0 0 0 0 0 0 0 0 0 0 0 0 0 0 0 0 0 0 0 0 0 0 0 0 0 1 0 0 0 0 0 0 0 0 0 0 0 0 0 0 0 0 0 0 0 0 0 0 0 0 0 0 0 0 0 0 0 0 1 0 1 0 0 0 0 0 0 0 0 ]
