LINE 15
DIMENSOES 120 4998
N cortes 1
Found feasible solution after 0.00 sec.  Objective = 0.0000
Clique table members: 1074.
MIP emphasis: balance optimality and feasibility.
MIP search method: traditional branch-and-cut.
Parallel mode: none, using 1 thread.
Root relaxation solution time =    0.09 sec.

        Nodes                                         Cuts/
   Node  Left     Objective  IInf  Best Integer    Best Bound    ItCnt     Gap         Variable B NodeID Parent  Depth

*     0+    0                            0.0000                    646     --- 
*     0+    0                            8.0000                    646     --- 
      0     0       27.1888   212        8.0000       27.1888      646  239.86%
      0     0       26.7662   208        8.0000       User: 4      838  234.58%
*     0+    0                            9.0000       26.7662      838  197.40%
      0     0       26.3162   200        9.0000       User: 4     1053  192.40%
      0     0       26.1446   196        9.0000       User: 4     1183  190.50%
      0     0       26.0276   206        9.0000       User: 4     1265  189.20%
*     0+    0                           10.0000       26.0276     1265  160.28%
      0     0       25.9026   206       10.0000       User: 4     1392  159.03%
      0     0       25.7941   202       10.0000       User: 4     1478  157.94%
      0     0       25.7310   202       10.0000       User: 4     1560  157.31%
      0     0       25.6195   204       10.0000       User: 4     1709  156.20%
      0     0       25.5769   206       10.0000       User: 4     1775  155.77%
      0     0       25.4628   206       10.0000       User: 4     1858  154.63%
      0     0       25.3331   210       10.0000       User: 4     1989  153.33%
      0     0       25.2382   202       10.0000       User: 4     2116  152.38%
      0     0       25.1839   208       10.0000       User: 4     2194  151.84%
      0     0       25.1072   202       10.0000       User: 4     2282  151.07%
      0     0       25.0430   210       10.0000       User: 4     2356  150.43%
      0     0       24.8200   198       10.0000       User: 4     2493  148.20%
      0     0       24.7755   202       10.0000       User: 4     2553  147.75%
      0     0       24.6890   202       10.0000       User: 4     2682  146.89%
      0     0       24.6151   198       10.0000       User: 4     2777  146.15%
      0     0       24.5731   200       10.0000       User: 4     2842  145.73%
      0     0       24.5354   202       10.0000       User: 4     2922  145.35%
      0     0       24.4976   200       10.0000       User: 4     2974  144.98%
*     0+    0                           11.0000       24.4976     2974  122.71%
      0     0       24.4753   206       11.0000       User: 4     3034  122.50%
      0     0       24.4017   202       11.0000       User: 4     3100  121.83%
      0     0       24.3136   206       11.0000       User: 4     3198  121.03%
      0     0       24.2378   204       11.0000       User: 4     3290  120.34%
      0     0       24.1978   206       11.0000       User: 4     3385  119.98%
      0     0       24.1356   200       11.0000       User: 4     3485  119.41%
      0     0       24.0613   202       11.0000       User: 4     3596  118.74%
      0     0       24.0327   202       11.0000       User: 4     3665  118.48%
      0     0       23.9708   204       11.0000       User: 4     3750  117.92%
      0     0       23.8672   204       11.0000       User: 4     3863  116.97%
      0     0       23.8191   198       11.0000       User: 4     3946  116.54%
      0     0       23.7459   202       11.0000       User: 4     4071  115.87%
      0     0       23.7014   192       11.0000       User: 4     4208  115.47%
      0     0       23.6960   200       11.0000       User: 4     4260  115.42%
      0     0       23.6803   202       11.0000       User: 4     4348  115.28%
      0     0       23.6698   206       11.0000       User: 4     4398  115.18%
      0     0       23.6455   196       11.0000       User: 4     4450  114.96%
      0     0       23.6385   196       11.0000       User: 4     4466  114.90%
      0     0       23.6116   200       11.0000       User: 4     4535  114.65%
      0     0       23.5820   196       11.0000       User: 4     4605  114.38%
      0     0       23.5723   202       11.0000       User: 4     4658  114.29%
      0     0       23.5640   200       11.0000       User: 4     4701  114.22%
      0     0       23.5396   208       11.0000       User: 4     4774  114.00%
      0     0       23.5309   208       11.0000       User: 4     4829  113.92%
      0     0       23.5212   212       11.0000       User: 4     4889  113.83%
*     0+    0                           12.0000       23.5212     4889   96.01%
      0     0       23.5074   212       12.0000       User: 4     4926   95.89%
      0     0       23.4743   206       12.0000       User: 4     5015   95.62%
      0     0       23.4650   206       12.0000       User: 4     5052   95.54%
      0     0       23.4390   200       12.0000       User: 4     5120   95.33%
      0     0       23.4288   204       12.0000       User: 4     5188   95.24%
      0     0       23.4070   204       12.0000       User: 4     5256   95.06%
      0     0       23.3886   210       12.0000       User: 4     5328   94.91%
      0     0       23.3829   210       12.0000       User: 4     5362   94.86%
      0     0       23.3725   214       12.0000       User: 4     5448   94.77%
      0     0       23.3663   212       12.0000       User: 4     5487   94.72%
      0     0       23.3393   214       12.0000       User: 4     5547   94.49%
      0     0       23.3243   214       12.0000       User: 4     5610   94.37%
      0     0       23.3214   216       12.0000       User: 4     5650   94.34%
      0     0       23.3128   212       12.0000       User: 4     5701   94.27%
      0     0       23.2845   214       12.0000       User: 4     5805   94.04%
      0     0       23.2342   214       12.0000       User: 4     5916   93.62%
      0     0       23.2128   208       12.0000       User: 4     5975   93.44%
      0     0       23.1897   218       12.0000       User: 4     6051   93.25%
      0     0       23.1626   210       12.0000       User: 4     6148   93.02%
      0     0       23.1361   210       12.0000       User: 4     6246   92.80%
      0     0       23.1060   204       12.0000       User: 4     6385   92.55%
      0     0       23.0955   208       12.0000       User: 4     6462   92.46%
      0     0       23.0864   208       12.0000       User: 4     6509   92.39%
      0     0       23.0606   208       12.0000       User: 4     6582   92.17%
      0     0       23.0497   212       12.0000       User: 4     6648   92.08%
      0     0       23.0283   216       12.0000       User: 4     6729   91.90%
      0     0       23.0224   210       12.0000       User: 4     6763   91.85%
      0     0       23.0141   218       12.0000       User: 4     6824   91.78%
      0     0       23.0101   220       12.0000       User: 4     6856   91.75%
      0     0       22.9977   224       12.0000       User: 4     6897   91.65%
      0     0       22.9942   224       12.0000       User: 4     6921   91.62%
      0     0       22.9740   216       12.0000       User: 4     6998   91.45%
      0     0       22.9560   222       12.0000       User: 4     7049   91.30%
      0     0       22.9331   216       12.0000       User: 4     7124   91.11%
      0     0       22.9077   216       12.0000       User: 4     7191   90.90%
      0     0       22.8781   222       12.0000       User: 4     7275   90.65%
      0     0       22.8475   218       12.0000       User: 4     7398   90.40%
      0     0       22.8390   222       12.0000       User: 4     7460   90.33%
      0     0       22.8098   224       12.0000       User: 4     7533   90.08%
      0     0       22.7911   222       12.0000       User: 4     7593   89.93%
      0     0       22.7706   220       12.0000       User: 4     7662   89.76%
      0     0       22.7556   218       12.0000       User: 4     7725   89.63%
      0     0       22.7146   216       12.0000       User: 4     7807   89.29%
      0     0       22.6886   222       12.0000       User: 4     7885   89.07%
      0     0       22.6708   218       12.0000       User: 4     7961   88.92%
      0     0       22.6479   220       12.0000       User: 4     8042   88.73%
      0     0       22.6066   220       12.0000       User: 4     8133   88.39%
      0     0       22.5867   216       12.0000       User: 4     8202   88.22%
      0     0       22.5699   208       12.0000       User: 4     8282   88.08%
      0     0       22.5450   214       12.0000       User: 4     8398   87.88%
      0     0       22.5354   216       12.0000       User: 4     8462   87.79%
      0     0       22.5313   214       12.0000       User: 4     8517   87.76%
      0     0       22.5200   224       12.0000       User: 4     8585   87.67%
      0     0       22.5099   218       12.0000       User: 4     8645   87.58%
      0     0       22.4968   222       12.0000       User: 4     8707   87.47%
      0     0       22.4919   222       12.0000       User: 4     8776   87.43%
      0     0       22.4833   224       12.0000       User: 4     8866   87.36%
      0     0       22.4718   216       12.0000       User: 4     8924   87.27%
      0     0       22.4609   220       12.0000       User: 4     8995   87.17%
      0     0       22.4356   218       12.0000       User: 4     9093   86.96%
      0     0       22.4269   220       12.0000       User: 4     9145   86.89%
      0     0       22.4181   218       12.0000       User: 4     9201   86.82%
      0     0       22.4076   220       12.0000       User: 4     9262   86.73%
      0     0       22.3999   216       12.0000       User: 4     9323   86.67%
      0     0       22.3831   218       12.0000       User: 4     9404   86.53%
      0     0       22.3789   220       12.0000       User: 4     9453   86.49%
      0     0       22.3743   218       12.0000       User: 4     9515   86.45%
      0     0       22.3699   218       12.0000       User: 4     9545   86.42%
      0     0       22.3650   222       12.0000       User: 4     9580   86.37%
      0     0       22.3646   224       12.0000       User: 4     9599   86.37%
      0     0       22.3528   224       12.0000       User: 4     9653   86.27%
      0     0       22.3344   224       12.0000       User: 4     9715   86.12%
      0     0       22.3234   216       12.0000       User: 4     9766   86.03%
      0     0       22.3085   228       12.0000       User: 4     9837   85.90%
      0     0       22.2988   226       12.0000       User: 4     9885   85.82%
      0     0       22.2897   226       12.0000       User: 4     9917   85.75%
      0     0       22.2673   226       12.0000       User: 4     9965   85.56%
      0     0       22.2596   232       12.0000       User: 4    10011   85.50%
      0     0       22.2547   232       12.0000       User: 4    10036   85.46%
      0     0       22.2531   234       12.0000       User: 4    10048   85.44%
      0     0       22.2489   230       12.0000       User: 4    10079   85.41%
      0     0       22.2265   224       12.0000       User: 4    10157   85.22%
      0     0       22.1976   230       12.0000       User: 4    10235   84.98%
      0     0       22.1913   226       12.0000       User: 4    10272   84.93%
      0     0       22.1577   222       12.0000       User: 4    10352   84.65%
      0     0       22.1470   226       12.0000       User: 4    10412   84.56%
      0     0       22.1390   222       12.0000       User: 4    10455   84.49%
      0     0       22.1236   230       12.0000       User: 4    10493   84.36%
      0     0       22.1101   220       12.0000       User: 4    10560   84.25%
      0     0       22.1072   224       12.0000       User: 4    10600   84.23%
      0     0       22.1023   224       12.0000       User: 4    10635   84.19%
      0     0       22.0875   226       12.0000       User: 4    10697   84.06%
      0     0       22.0715   228       12.0000       User: 4    10750   83.93%
      0     0       22.0596   232       12.0000       User: 4    10796   83.83%
      0     0       22.0593   232       12.0000       User: 4    10804   83.83%
      0     0       22.0518   230       12.0000       User: 4    10840   83.77%
      0     0       22.0489   230       12.0000       User: 4    10860   83.74%
      0     0       22.0459   228       12.0000       User: 4    10885   83.72%
      0     0       22.0425   224       12.0000       User: 4    10906   83.69%
      0     0       22.0393   232       12.0000       User: 4    10928   83.66%
      0     0       22.0390   234       12.0000       User: 4    10932   83.66%
      0     0       22.0350   230       12.0000       User: 4    10949   83.63%
      0     0       22.0321   230       12.0000       User: 4    10973   83.60%
      0     0       22.0272   236       12.0000       User: 4    11002   83.56%
      0     0       22.0255   234       12.0000       User: 4    11019   83.55%
      0     0       22.0204   232       12.0000       User: 4    11043   83.50%
      0     0       22.0137   228       12.0000       User: 4    11078   83.45%
      0     0       22.0111   228       12.0000       User: 4    11106   83.43%
      0     0       22.0104   230       12.0000       User: 4    11124   83.42%
      0     0       22.0086   228       12.0000       User: 4    11148   83.40%
      0     0       21.9918   224       12.0000       User: 4    11216   83.26%
      0     0       21.9840   228       12.0000       User: 4    11270   83.20%
      0     0       21.9643   228       12.0000       User: 4    11332   83.04%
      0     0       21.9584   226       12.0000       User: 4    11369   82.99%
      0     0       21.9546   232       12.0000       User: 4    11418   82.95%
      0     0       21.9348   232       12.0000       User: 4    11482   82.79%
      0     0       21.9254   228       12.0000       User: 4    11530   82.71%
      0     0       21.9197   228       12.0000       User: 4    11582   82.66%
      0     0       21.9149   230       12.0000       User: 4    11622   82.62%
      0     0       21.9127   234       12.0000       User: 4    11656   82.61%
      0     0       21.9011   234       12.0000       User: 4    11717   82.51%
      0     0       21.8961   230       12.0000       User: 4    11752   82.47%
      0     0       21.8839   230       12.0000       User: 4    11812   82.37%
      0     0       21.8775   230       12.0000       User: 4    11859   82.31%
      0     0       21.8699   228       12.0000       User: 4    11895   82.25%
      0     0       21.8598   228       12.0000       User: 4    11943   82.16%
      0     0       21.8527   232       12.0000       User: 4    11998   82.11%
      0     0       21.8455   234       12.0000       User: 4    12039   82.05%
      0     0       21.8420   236       12.0000       User: 4    12073   82.02%
      0     0       21.8320   232       12.0000       User: 4    12114   81.93%
      0     0       21.8256   232       12.0000       User: 4    12153   81.88%
      0     0       21.8217   232       12.0000       User: 4    12203   81.85%
      0     0       21.8172   232       12.0000       User: 4    12245   81.81%
      0     0       21.8154   234       12.0000       User: 4    12270   81.79%
      0     0       21.8130   234       12.0000       User: 4    12291   81.78%
      0     0       21.8016   232       12.0000       User: 4    12338   81.68%
      0     0       21.7964   234       12.0000       User: 4    12365   81.64%
      0     0       21.7915   236       12.0000       User: 4    12408   81.60%
      0     0       21.7890   232       12.0000       User: 4    12446   81.57%
      0     0       21.7724   236       12.0000       User: 4    12559   81.44%
      0     0       21.7655   232       12.0000       User: 4    12598   81.38%
      0     0       21.7600   236       12.0000       User: 4    12643   81.33%
      0     0       21.7484   234       12.0000       User: 4    12709   81.24%
      0     0       21.7414   232       12.0000       User: 4    12750   81.18%
      0     0       21.7312   226       12.0000       User: 4    12817   81.09%
      0     0       21.7306   230       12.0000       User: 4    12832   81.09%
      0     0       21.7302   230       12.0000       User: 4    12842   81.08%
      0     0       21.7283   234       12.0000       User: 4    12875   81.07%
      0     0       21.7244   232       12.0000       User: 4    12926   81.04%
      0     0       21.7173   228       12.0000       User: 4    12981   80.98%
      0     0       21.7157   230       12.0000       User: 4    13007   80.96%
      0     0       21.7053   230       12.0000       User: 4    13088   80.88%
      0     0       21.7037   232       12.0000       User: 4    13123   80.86%
      0     0       21.6962   230       12.0000       User: 4    13183   80.80%
      0     0       21.6767   228       12.0000       User: 4    13245   80.64%
      0     0       21.6758   230       12.0000       User: 4    13264   80.63%
      0     0       21.6732   230       12.0000       User: 4    13298   80.61%
      0     0       21.6698   232       12.0000       User: 4    13337   80.58%
      0     0       21.6677   228       12.0000       User: 4    13361   80.56%
      0     0       21.6574   230       12.0000       User: 4    13408   80.48%
      0     0       21.6505   232       12.0000       User: 4    13443   80.42%
      0     0       21.6326   230       12.0000       User: 4    13517   80.27%
      0     0       21.6222   232       12.0000       User: 4    13557   80.19%
      0     0       21.6215   230       12.0000       User: 4    13584   80.18%
      0     0       21.6106   236       12.0000       User: 4    13639   80.09%
      0     0       21.5998   230       12.0000       User: 4    13688   80.00%
      0     0       21.5963   230       12.0000       User: 4    13727   79.97%
      0     0       21.5863   234       12.0000       User: 4    13779   79.89%
      0     0       21.5833   236       12.0000       User: 4    13815   79.86%
      0     0       21.5822   232       12.0000       User: 4    13829   79.85%
      0     0       21.5792   232       12.0000       User: 4    13856   79.83%
      0     0       21.5764   236       12.0000       User: 4    13889   79.80%
      0     0       21.5760   236       12.0000       User: 4    13899   79.80%
      0     0       21.5753   234       12.0000       User: 4    13912   79.79%
      0     0       21.5734   236       12.0000       User: 4    13930   79.78%
      0     0       21.5724   236       12.0000       User: 4    13940   79.77%
      0     0       21.5671   236       12.0000       User: 4    13970   79.73%
      0     0       21.5662   234       12.0000       User: 4    14005   79.72%
      0     0       21.5622   236       12.0000       User: 4    14034   79.68%
      0     0       21.5604   234       12.0000       User: 4    14054   79.67%
      0     0       21.5561   232       12.0000       User: 4    14074   79.63%
      0     0       21.5548   230       12.0000       User: 4    14098   79.62%
      0     0       21.5512   232       12.0000       User: 4    14141   79.59%
      0     0       21.5418   232       12.0000       User: 4    14193   79.51%
      0     0       21.5402   232       12.0000       User: 4    14216   79.50%
      0     0       21.5384   234       12.0000       User: 4    14246   79.49%
      0     0       21.5353   236       12.0000       User: 4    14292   79.46%
      0     0       21.5344   236       12.0000       User: 4    14312   79.45%
      0     0       21.5237   236       12.0000       User: 4    14395   79.36%
      0     0       21.5198   236       12.0000       User: 4    14433   79.33%
      0     0       21.5123   236       12.0000       User: 4    14479   79.27%
      0     0       21.5123   236       12.0000       User: 4    14487   79.27%
      0     0       21.5057   236       12.0000       User: 4    14527   79.21%
      0     0       21.4938   230       12.0000       User: 4    14587   79.12%
      0     0       21.4894   238       12.0000       User: 4    14636   79.08%
      0     0       21.4813   236       12.0000       User: 4    14678   79.01%
      0     0       21.4806   234       12.0000       User: 4    14697   79.00%
      0     0       21.4806   234       12.0000       User: 4    14702   79.00%
      0     0       21.4805   236       12.0000       User: 4    14714   79.00%
      0     0       21.4774   234       12.0000       User: 4    14741   78.98%
      0     0       21.4761   236       12.0000       User: 4    14766   78.97%
      0     0       21.4719   240       12.0000       User: 4    14803   78.93%
      0     0       21.4679   234       12.0000       User: 4    14842   78.90%
      0     0       21.4535   234       12.0000       User: 4    14913   78.78%
      0     0       21.4492   236       12.0000       User: 4    14959   78.74%
      0     0       21.4448   232       12.0000       User: 4    14994   78.71%
      0     0       21.4382   236       12.0000       User: 4    15040   78.65%
      0     0       21.4141   236       12.0000       User: 4    15109   78.45%
      0     0       21.4008   236       12.0000       User: 4    15162   78.34%
      0     0       21.3900   234       12.0000       User: 4    15223   78.25%
      0     0       21.3746   234       12.0000       User: 4    15289   78.12%
      0     0       21.3379   234       12.0000       User: 4    15369   77.82%
      0     0       21.3344   236       12.0000       User: 4    15403   77.79%
      0     0       21.3066   236       12.0000       User: 4    15480   77.56%
      0     0       21.3049   236       12.0000       User: 4    15495   77.54%
      0     0       21.2903   236       12.0000       User: 4    15536   77.42%
      0     0       21.2849   236       12.0000       User: 4    15581   77.37%
      0     0       21.2809   238       12.0000       User: 4    15615   77.34%
      0     0       21.2803   234       12.0000       User: 4    15635   77.34%
      0     0       21.2784   236       12.0000       User: 4    15662   77.32%
      0     0       21.2773   238       12.0000       User: 4    15679   77.31%
      0     0       21.2764   238       12.0000       User: 4    15693   77.30%
      0     0       21.2712   236       12.0000       User: 4    15735   77.26%
      0     0       21.2605   236       12.0000       User: 4    15788   77.17%
      0     0       21.2550   238       12.0000       User: 4    15825   77.12%
      0     0       21.2538   238       12.0000       User: 4    15839   77.11%
      0     0       21.2499   240       12.0000       User: 4    15872   77.08%
      0     0       21.2468   236       12.0000       User: 4    15899   77.06%
      0     0       21.2247   234       12.0000       User: 4    15966   76.87%
      0     0       21.2200   234       12.0000       User: 4    15999   76.83%
      0     0       21.2170   234       12.0000       User: 4    16038   76.81%
      0     0       21.2151   236       12.0000       User: 4    16070   76.79%
      0     0       21.2077   236       12.0000       User: 4    16109   76.73%
      0     0       21.2070   234       12.0000       User: 4    16126   76.72%
      0     0       21.2069   236       12.0000       User: 4    16135   76.72%
      0     0       21.2004   236       12.0000       User: 4    16199   76.67%
      0     0       21.1920   232       12.0000       User: 4    16248   76.60%
      0     0       21.1908   234       12.0000       User: 4    16272   76.59%
      0     0       21.1881   234       12.0000       User: 4    16301   76.57%
      0     0       21.1877   236       12.0000       User: 4    16311   76.56%
      0     0       21.1872   236       12.0000       User: 4    16318   76.56%
      0     0       21.1797   236       12.0000       User: 4    16346   76.50%
      0     0       21.1791   236       12.0000       User: 4    16362   76.49%
      0     0       21.1774   232       12.0000       User: 4    16384   76.48%
      0     0       21.1741   236       12.0000       User: 4    16412   76.45%
      0     0       21.1704   236       12.0000       User: 4    16442   76.42%
      0     0       21.1678   236       12.0000       User: 4    16472   76.40%
      0     0       21.1634   234       12.0000       User: 4    16499   76.36%
      0     0       21.1546   234       12.0000       User: 4    16567   76.29%
      0     0       21.1364   236       12.0000       User: 4    16641   76.14%
      0     0       21.1300   234       12.0000       User: 4    16677   76.08%
      0     0       21.1238   236       12.0000       User: 4    16720   76.03%
      0     0       21.1216   236       12.0000       User: 4    16736   76.01%
      0     0       21.1075   232       12.0000       User: 4    16784   75.90%
      0     0       21.0990   231       12.0000       User: 4    16833   75.82%
      0     0       21.0872   239       12.0000       User: 4    16895   75.73%
      0     0       21.0738   238       12.0000       User: 4    16982   75.61%
      0     0       21.0724   236       12.0000       User: 4    17008   75.60%
      0     0       21.0688   236       12.0000       User: 4    17054   75.57%
      0     0       21.0552   230       12.0000       User: 4    17127   75.46%
      0     0       21.0551   230       12.0000       User: 4    17137   75.46%
      0     0       21.0532   231       12.0000       User: 4    17165   75.44%
      0     0       21.0522   231       12.0000       User: 4    17182   75.44%
      0     0       21.0460   235       12.0000       User: 4    17234   75.38%
      0     0       21.0429   232       12.0000       User: 4    17262   75.36%
      0     0       21.0322   234       12.0000       User: 4    17313   75.27%
      0     0       21.0163   231       12.0000       User: 4    17381   75.14%
      0     0       21.0106   233       12.0000       User: 4    17426   75.09%
      0     0       21.0070   235       12.0000       User: 4    17465   75.06%
      0     0       21.0059   235       12.0000       User: 4    17485   75.05%
      0     0       21.0043   234       12.0000       User: 4    17512   75.04%
      0     0       21.0039   234       12.0000       User: 4    17523   75.03%
      0     0       21.0037   234       12.0000       User: 4    17529   75.03%
      0     0       21.0031   234       12.0000       User: 4    17549   75.03%
      0     0       21.0030   234       12.0000       User: 4    17558   75.02%
      0     0       21.0024   234       12.0000       User: 4    17579   75.02%
      0     0       21.0017   232       12.0000       User: 4    17596   75.01%
      0     0       21.0011   234       12.0000       User: 4    17619   75.01%
      0     0       20.9978   236       12.0000       User: 4    17658   74.98%
      0     0       20.9943   237       12.0000       User: 4    17683   74.95%
      0     0       20.9941   237       12.0000       User: 4    17689   74.95%
      0     0       20.9941   237       12.0000       User: 4    17696   74.95%
      0     0       20.9923   237       12.0000       User: 4    17727   74.94%
      0     0       20.9921   235       12.0000       User: 4    17742   74.93%
      0     0       20.9883   237       12.0000       User: 4    17777   74.90%
      0     0       20.9834   237       12.0000       User: 4    17817   74.86%
      0     0       20.9822   237       12.0000       User: 4    17827   74.85%
      0     0       20.9816   237       12.0000       User: 4    17839   74.85%
      0     0       20.9637   237       12.0000       User: 4    17905   74.70%
      0     0       20.9610   238       12.0000       User: 4    17940   74.67%
      0     0       20.9575   236       12.0000       User: 4    17987   74.65%
      0     0       20.9518   234       12.0000       User: 4    18028   74.60%
      0     0       20.9511   236       12.0000       User: 4    18047   74.59%
      0     0       20.9486   236       12.0000       User: 4    18076   74.57%
      0     0       20.9439   238       12.0000       User: 4    18120   74.53%
      0     0       20.9436   238       12.0000       User: 4    18129   74.53%
      0     0       20.9428   238       12.0000       User: 4    18160   74.52%
      0     0       20.9381   236       12.0000       User: 4    18218   74.48%
      0     0       20.9357   240       12.0000       User: 4    18256   74.46%
      0     0       20.9313   241       12.0000       User: 4    18284   74.43%
      0     0       20.9309   239       12.0000       User: 4    18294   74.42%
      0     0       20.9291   239       12.0000       User: 4    18307   74.41%
      0     0       20.9272   241       12.0000       User: 4    18333   74.39%
      0     0       20.9272   241       12.0000       User: 4    18335   74.39%
      0     0       20.9263   239       12.0000       User: 4    18359   74.39%
      0     0       20.9262   241       12.0000       User: 4    18367   74.39%
      0     0       20.9262   241       12.0000       User: 4    18381   74.38%
      0     0       20.9247   239       12.0000       User: 4    18416   74.37%
      0     0       20.9146   239       12.0000       User: 4    18468   74.29%
      0     0       20.9122   239       12.0000       User: 4    18499   74.27%
      0     0       20.9121   239       12.0000       User: 4    18504   74.27%
      0     0       20.9121   239       12.0000       User: 4    18512   74.27%
      0     0       20.9099   239       12.0000       User: 4    18538   74.25%
      0     0       20.9099   239       12.0000       User: 4    18543   74.25%
      0     2       20.9099   239       12.0000       20.9099    18543   74.25%                        0             0
Elapsed real time =  37.38 sec. (tree size =  0.00 MB, solutions = 6)
      1     3       20.7888   234       12.0000       20.8943    19394   74.12%           id109 D      1      0      1
      3     5       20.6567   231       12.0000       20.8943    20176   74.12%           id229 D      3      2      3
      5     7       20.5480   231       12.0000       20.8943    20988   74.12%            id23 D      5      4      5
      7     9       20.3406   227       12.0000       20.8943    22287   74.12%            id27 D      7      6      7
     10    12       20.0334   223       12.0000       20.8943    23864   74.12%           id207 D     10      9     10
     12    14       16.3688   143       12.0000       20.8943    26401   74.12%           id164 U     12     10     11
     15    17       19.7265   224       12.0000       20.8943    28058   74.12%            id92 D     15     14     14
     16    18       15.4290   137       12.0000       20.8943    30669   74.12%            id92 U     16     14     14
     20    22       19.3911   217       12.0000       20.8943    32085   74.12%           id233 D     20     19     18
     27    29       18.8031   213       12.0000       20.8943    35901   74.12%           id194 D     27     25     24
Elapsed real time =  44.05 sec. (tree size =  0.45 MB, solutions = 6)
     34    36       18.1961   205       12.0000       20.8943    39553   74.12%           id218 D     34     33     31
     40    42       15.0271   130       12.0000       20.8943    44712   74.12%           id232 U     40     37     35
     54    56       17.1866   183       12.0000       20.8943    48679   74.12%           id168 D     54     53     48
     64    66       16.7084   178       12.0000       20.8943    52898   74.12%           id224 D     64     62     55
     73    75       13.7319   108       12.0000       20.8943    56280   74.12%            id19 U     73     70     61
     84    86       14.3637   117       12.0000       20.8943    60184   74.12%           id145 U     84     82     69
     99   101       14.7715   148       12.0000       20.8943    64273   74.12%           id237 D     99     98     83
    120   116       13.5736   137       12.0000       20.8943    68027   74.12%           id210 D    120    118    101
    136   124       15.9692   148       12.0000       20.7662    73082   73.05%           id187 D    136    135      5
    142   128       15.6386   120       12.0000       20.7662    76571   73.05%           id145 D    142    140      9
Elapsed real time =  59.96 sec. (tree size =  1.90 MB, solutions = 6)
    150   136       15.0947   113       12.0000       20.7662    80717   73.05%           id192 D    150    149     17
    161   143       14.3790   105       12.0000       20.7662    84747   73.05%           id208 D    161    160     26
    171   151       13.6867    91       12.0000       20.7662    89179   73.05%           id179 D    171    170     35
    188   156       17.1377   158       12.0000       20.6870    94367   72.39%           id143 U    188      1      2
    201   169       15.2876   143       12.0000       20.6870    97340   72.39%           id204 D    201    200     15
    213   181       14.0559   132       12.0000       20.6870   100694   72.39%            id98 D    213    212     27
    231   195       16.1372   150       12.0000       20.6561   105453   72.13%           id229 U    231      2      3
    237   201       15.6928   143       12.0000       20.6561   108408   72.13%            id19 D    237    236      9
    242   206       15.2840   131       12.0000       20.6561   111154   72.13%            id20 D    242    241     14
    249   213       14.8014   125       12.0000       20.6561   114759   72.13%            id60 D    249    248     21
Elapsed real time =  79.78 sec. (tree size =  2.47 MB, solutions = 6)
    259   223       14.2060   116       12.0000       20.6561   118262   72.13%           id103 D    259    258     31
    265   229       13.7068    84       12.0000       20.6561   120373   72.13%           id226 U    265    264     37
    282   243       16.3460   155       12.0000       20.5579   126083   71.32%            id21 U    282      3      4
    296   257       15.4449   138       12.0000       20.5579   129376   71.32%           id211 D    296    295     18
    308   269       14.3564   127       12.0000       20.5579   131563   71.32%           id152 D    308    307     30
    319   280       13.6281   118       12.0000       20.5579   133453   71.32%           id155 D    319    318     41
    331   288       16.8273   156       12.0000       20.5469   136072   71.22%            id23 U    331      4      5
    338   291       13.1381    73       12.0000       20.5469   139484   71.22%           id224 U    338    336     10
    352   305       15.0165   136       12.0000       20.5469   141827   71.22%           id192 D    352    351     24
    367   318       13.7793   123       12.0000       20.5469   143648   71.22%           id157 D    367    366     37
Elapsed real time =  99.45 sec. (tree size =  9.10 MB, solutions = 6)
    385   328       15.8001   145       12.0000       20.4878   146847   70.73%            id48 U    385      5      6
    400   343       14.7283   129       12.0000       20.4878   148761   70.73%            id60 D    400    399     21
    420   363       13.0920    99       12.0000       20.4878   150721   70.73%           id147 D    420    419     41
    426   365       15.7853   154       12.0000       20.3383   152638   69.49%            id92 D    426    425      9
    441   380       14.6462   131       12.0000       20.3383   154659   69.49%           id129 D    441    440     24
    458   397       13.2128   117       12.0000       20.3383   156828   69.49%           id199 D    458    457     41
    464   399       15.7312   146       12.0000       20.2896   159485   69.08%           id200 U    464      7      8
    476   411       14.6087   137       12.0000       20.2896   161337   69.08%           id152 D    476    475     20
    490   425       13.1327   123       12.0000       20.2896   162949   69.08%            id36 D    490    489     34
    500   431       15.7002   149       12.0000       20.1582   165062   67.99%           id150 D    500    499     12
Elapsed real time = 120.26 sec. (tree size = 18.50 MB, solutions = 6)
    519   450       14.2504   126       12.0000       20.1582   167098   67.99%            id16 D    519    518     31
    534   465       13.2664   111       12.0000       20.1582   168706   67.99%            id32 D    534    533     46
    540   467       15.6390   143       12.0000       20.0035   170909   66.70%           id232 D    540    539     11
    555   482       14.5396   135       12.0000       20.0035   173377   66.70%            id44 D    555    554     25
    569   494        cutoff             12.0000       20.0035   176044   66.70%            id89 U    569    567     36
    577   498       16.3049   151       12.0000       19.9126   179520   65.94%            id16 U    577     11     12
    588   509       15.4918   140       12.0000       19.9126   181763   65.94%           id145 D    588    587     23
    596   517       14.2682   131       12.0000       19.9126   183326   65.94%            id44 D    596    595     31
    609   530       13.0932   117       12.0000       19.9126   184968   65.94%           id204 D    609    608     44
    616   533       15.3484   135       12.0000       19.7237   186754   64.36%           id150 D    616    615     16
Elapsed real time = 140.09 sec. (tree size = 28.77 MB, solutions = 6)
    623   540       14.7667   125       12.0000       19.7237   188905   64.36%           id233 D    623    622     23
    634   551       14.0459   116       12.0000       19.7237   190841   64.36%           id144 D    634    633     34
    644   561       13.4940   105       12.0000       19.7237   193496   64.36%           id125 D    644    643     44
    653   566       15.6534   144       12.0000       19.6329   197740   63.61%            id87 U    653     15     15
    662   575       14.6498   135       12.0000       19.6329   199845   63.61%           id180 D    662    661     24
    674   587       13.9141   125       12.0000       19.6329   202023   63.61%           id123 D    674    673     36
    690   600       16.2661   147       12.0000       19.6092   205560   63.41%           id113 U    690     17     16
    700   610       14.7466   137       12.0000       19.6092   207427   63.41%            id60 D    700    699     26
    719   629       13.2770   119       12.0000       19.6092   209383   63.41%           id133 D    719    718     45
    727   633       16.4316   150       12.0000       19.4970   211376   62.47%           id134 D    727    726     18
Elapsed real time = 160.83 sec. (tree size = 29.90 MB, solutions = 6)
    734   640       16.0485   145       12.0000       19.4970   213671   62.47%           id232 D    734    733     24
    746   650       13.0551    71       12.0000       19.4970   216824   62.47%           id226 U    746    744     35
    760   664       14.0090   121       12.0000       19.4970   218322   62.47%           id155 D    760    759     49
    773   673       15.7217   145       12.0000       19.3842   221092   61.53%           id233 U    773     19     18
    792   692       13.9035   124       12.0000       19.3842   223052   61.53%           id106 D    792    791     37
    807   703       14.8316   136       12.0000       19.3275   225470   61.06%           id199 U    807     20     19
    816   712       13.7877   129       12.0000       19.3275   228027   61.06%            id60 D    816    815     28
    825   721       13.1879   100       12.0000       19.3275   230212   61.06%           id186 U    825    824     37
    830   722       16.2926   154       12.0000       19.2405   232100   60.34%           id140 U    830     21     20
    837   729       14.7071   111       12.0000       19.2405   234533   60.34%            id60 D    837    836     27
Elapsed real time = 182.75 sec. (tree size = 40.53 MB, solutions = 6)
    842   732       14.4277   101       12.0000       19.2405   236443   60.34%            id44 D    842    840     31
    850   738       13.9961    87       12.0000       19.2405   238557   60.34%            id66 D    850    849     38
    859   747       13.4197    82       12.0000       19.2405   240816   60.34%            id68 D    859    858     47
    871   755       15.5525   145       12.0000       19.1459   244343   59.55%            id66 U    871     22     21
    880   764       14.8955   135       12.0000       19.1459   245879   59.55%           id226 D    880    879     30
    892   776       13.7587   120       12.0000       19.1459   247636   59.55%           id157 D    892    891     42
    904   784       15.6079   140       12.0000       18.8779   249899   57.32%            id44 U    904     23     22
    916   796       14.6070   127       12.0000       18.8779   251651   57.32%           id145 D    916    915     34
    925   801       14.0982   121       12.0000       18.8779   253608   57.32%           id123 D    925    923     41
    935   811       13.4240    82       12.0000       18.8779   256080   57.32%           id208 D    935    934     51
Elapsed real time = 204.75 sec. (tree size = 48.33 MB, solutions = 6)
    945   816       15.3727   137       12.0000       18.7934   258760   56.61%           id194 U    945     25     24
    957   828       13.6857   123       12.0000       18.7934   261012   56.61%           id144 D    957    956     36
    966   837       13.0904    95       12.0000       18.7934   262882   56.61%            id28 D    966    965     45
    975   842       14.4772   129       12.0000       18.7928   264422   56.61%            id88 D    975    974     31
    991   858       13.1263   111       12.0000       18.7928   266027   56.61%           id179 D    991    990     47
    996   859       15.0600   135       12.0000       18.7654   267948   56.38%           id155 U    996     27     25
   1004   867       14.5080   129       12.0000       18.7654   269423   56.38%           id102 D   1004   1003     33
   1013   876       13.9989   107       12.0000       18.7654   270900   56.38%            id24 D   1013   1012     42
   1022   885       13.3806    96       12.0000       18.7654   272537   56.38%            id13 D   1022   1021     51
   1050   909       13.8999    97       12.0000       18.6042   279363   55.04%            id98 D   1050   1049     44
Elapsed real time = 231.23 sec. (tree size = 54.35 MB, solutions = 6)
   1073   928       13.7045   104       12.0000       18.4541   287745   53.78%            id88 D   1073   1072     31
   1111   961       13.5843    91       12.0000       18.3406   295460   52.84%            id68 D   1111   1110     54
   1132   977       14.5094   106       12.0000       18.2314   302655   51.93%           id148 U   1132   1131     37
   1166  1007       14.6702   131       12.0000       18.1957   307962   51.63%           id158 D   1166   1165     37
   1196  1033       14.1563   128       12.0000       18.1833   315518   51.53%             id3 D   1196   1195     33
   1226  1055       14.0332    99       12.0000       17.8430   322378   48.69%            id88 U   1226   1225     44
   1254  1075       13.6089   124       12.0000       17.8242   330127   48.54%           id148 D   1254   1253     45
   1283  1100       13.2952   107       12.0000       17.7926   336142   48.27%            id60 D   1283   1282     57
   1322  1131       13.7598    97       12.0000       17.6893   342324   47.41%           id144 D   1322   1321     54
   1366  1165       14.4577   126       12.0000       17.5638   348707   46.36%           id224 D   1366   1365     45
Elapsed real time = 306.89 sec. (tree size = 76.53 MB, solutions = 6)
   1386  1181       14.6381   127       12.0000       17.4837   355193   45.70%           id235 U   1386     46     42
   1416  1201       14.3650   118       12.0000       17.4165   361799   45.14%            id88 D   1416   1415     47
   1448  1230       14.0288   122       12.0000       17.2994   368708   44.16%             id3 D   1448   1447     50
   1485  1253       13.5792   119       12.0000       17.1524   375640   42.94%           id158 D   1485   1484     51
   1526  1282       14.0474   117       12.0000       17.0972   381431   42.48%           id115 D   1526   1525     14
   1560  1302       15.4204   127       12.0000       16.6994   387703   39.16%           id147 D   1560   1559     10
   1577  1319       14.1202   105       12.0000       16.6994   394719   39.16%           id177 D   1577   1576     27
   1603  1336        cutoff             12.0000       16.6588   402673   38.82%            id92 U   1603    189      4
   1635  1364       13.5993   109       12.0000       16.5946   407971   38.29%           id164 D   1635   1634     23
   1673  1394       13.1019    71       12.0000       16.5549   414762   37.96%           id115 U   1673    191      6
Elapsed real time = 387.22 sec. (tree size = 97.48 MB, solutions = 6)
   1698  1399       14.5269   125       12.0000       16.3680   422004   36.40%           id226 U   1698     12     12
   1740  1432       14.2968   133       12.0000       16.3484   426985   36.24%            id35 D   1740   1739     25
   1767  1448       13.7063    88       12.0000       16.3051   432829   35.88%            id67 D   1767   1766     66
   1792  1459       15.1579   121       12.0000       16.2837   438427   35.70%           id224 D   1792   1791     11
   1812  1479       13.7731   101       12.0000       16.2837   444591   35.70%            id48 D   1812   1811     31
   1841  1504       13.2600   103       12.0000       16.2542   450740   35.45%           id102 D   1841   1840     32
   1856  1515       14.7036   120       12.0000       16.2514   456963   35.43%           id113 D   1856   1855     18
   1882  1533       13.4173    86       12.0000       16.2514   463733   35.43%            id39 D   1882   1880     40
   1904  1533       15.0231   115       12.0000       16.1905   470197   34.92%           id224 D   1904   1903     21
   1925  1554       13.6273    93       12.0000       16.1905   476346   34.92%           id182 D   1925   1924     42
Elapsed real time = 467.32 sec. (tree size = 115.12 MB, solutions = 6)
   1952  1567        cutoff             12.0000       16.1715   482994   34.76%            id35 U   1952   1949     17
   1989  1586       13.5984   112       12.0000       16.1643   488985   34.70%            id35 D   1989   1988     23
   2008  1589        cutoff             12.0000       16.1179   495109   34.32%           id187 U   2008    339     12
   2038  1613       13.5900    92       12.0000       16.0951   500551   34.13%            id71 D   2038   2037     48
   2066  1633       13.7825   110       12.0000       16.0926   506169   34.11%           id103 D   2066   2065     18
   2087  1640       14.5896   127       12.0000       16.0525   512436   33.77%            id92 U   2087    425      9
   2117  1658        cutoff             12.0000       16.0218   518227   33.52%           id180 U   2117    287     10
   2139  1658       14.3679   120       12.0000       15.9542   524107   32.95%             id3 D   2139   2138     12
   2168  1667        cutoff             12.0000       15.9408   530893   32.84%           id224 U   2168    136      6
   2197  1686       14.5856   109       12.0000       15.9169   536908   32.64%            id66 D   2197   2196     28
Elapsed real time = 546.95 sec. (tree size = 134.45 MB, solutions = 6)
Nodefile size =  6.81 MB (5.49 MB after compression)
   2231  1717       13.9253   117       12.0000       15.8875   541970   32.40%           id115 D   2231   2230     18
   2268  1742       13.2991   111       12.0000       15.8591   547378   32.16%           id136 D   2268   2267     28
   2287  1733        cutoff             12.0000       15.7685   553370   31.40%           id224 U   2287    426     10
   2310  1752       13.2046   117       12.0000       15.7663   558538   31.39%           id156 D   2310   2309     43
   2335  1769       13.9197    99       12.0000       15.7560   564180   31.30%           id152 D   2335   2334     41
   2361  1781       14.9800   108       12.0000       15.7521   570307   31.27%            id88 D   2361   2360     17
   2386  1806       13.5371    87       12.0000       15.7521   576110   31.27%            id71 D   2386   2385     42
   2405  1810       14.1456   117       12.0000       15.7217   581948   31.01%            id87 D   2405   2404     12
   2426  1827       14.7033   117       12.0000       15.7178   588077   30.98%            id88 D   2426   2425     21
   2450  1849       13.3734    93       12.0000       15.7178   593789   30.98%            id67 D   2450   2449     44
Elapsed real time = 627.59 sec. (tree size = 158.79 MB, solutions = 6)
Nodefile size = 30.95 MB (24.56 MB after compression)
   2472  1865       13.9480   109       12.0000       15.7114   599753   30.93%           id141 D   2472   2471     38
   2494  1875        cutoff             12.0000       15.6999   606474   30.83%           id192 U   2494    739     30
   2518  1885       13.0626   100       12.0000       15.6589   611695   30.49%            id89 D   2518   2517     31
   2542  1883       13.5341   107       12.0000       15.6183   616446   30.15%            id80 D   2542   2541     27
   2561  1879        cutoff             12.0000       15.5793   622253   29.83%            id48 U   2561    239     12
   2591  1892       13.9274   111       12.0000       15.5587   627820   29.66%           id224 D   2591   2590     22
   2613  1900       15.1357   140       12.0000       15.5473   634175   29.56%            id87 D   2613    138      8
   2634  1919       13.2976   119       12.0000       15.5473   640849   29.56%           id152 D   2634   2633     28
   2658  1931       14.2536   104       12.0000       15.5298   646205   29.41%           id102 D   2658   2657     27
   2693  1960       13.7263   109       12.0000       15.5278   650972   29.40%           id208 D   2693   2691     17
Elapsed real time = 710.18 sec. (tree size = 166.58 MB, solutions = 6)
Nodefile size = 38.74 MB (30.68 MB after compression)
   2738  1993       14.1343   132       12.0000       15.5184   655722   29.32%           id148 D   2738   2737     42
   2763  2002       13.3559   105       12.0000       15.5095   659936   29.25%            id19 D   2763   2762     39
   2789  2008        cutoff             12.0000       15.4677   665488   28.90%            id20 U   2789    241     14
   2807  2019       13.0063    94       12.0000       15.4558   670221   28.80%           id177 D   2807   2806     39
   2829  2028       14.2288   118       12.0000       15.4374   675730   28.64%           id145 U   2829    542     14
   2863  2052       14.2218   116       12.0000       15.4369   680432   28.64%           id140 D   2863   2862     13
   2903  2083        cutoff             12.0000       15.4300   685446   28.58%            id32 U   2903     90     76
   2936  2108       13.0799   113       12.0000       15.4134   690333   28.45%           id150 D   2936   2935     19
   2955  2115       13.4043   102       12.0000       15.3877   696192   28.23%            id80 D   2955   2954     28
   2981  2121       13.7000   111       12.0000       15.3708   702242   28.09%           id158 U   2981    945     25
Elapsed real time = 795.05 sec. (tree size = 187.25 MB, solutions = 6)
Nodefile size = 60.09 MB (47.27 MB after compression)
   3008  2134        cutoff             12.0000       15.3652   707143   28.04%           id180 U   3008    432     16
   3021  2123       14.7024   115       12.0000       15.2988   712751   27.49%           id148 U   3021    970     27
   3040  2142       13.4569    91       12.0000       15.2988   717925   27.49%            id91 D   3040   3039     46
   3065  2149        cutoff             12.0000       15.2876   723977   27.40%            id20 U   3065   2358     15
   3090  2159       14.0786   113       12.0000       15.2733   728364   27.28%            id60 U   3090    699     26
   3117  2156        cutoff             12.0000       15.2326   732859   26.94%           id187 U   3117    875     26
   3141  2174       14.1434   115       12.0000       15.2300   737970   26.92%           id187 U   3141    545     17
   3159  2183        cutoff             12.0000       15.2140   743581   26.78%           id150 U   3159   1901     19
   3179  2203       13.4205    86       12.0000       15.1994   748911   26.66%           id174 D   3179   3178     51
   3201  2214       13.0106    44       12.0000       15.1889   754068   26.57%           id140 U   3201   1902     20
Elapsed real time = 882.00 sec. (tree size = 202.73 MB, solutions = 6)
Nodefile size = 75.19 MB (59.15 MB after compression)
   3214  2207       13.6915   108       12.0000       15.1659   759433   26.38%           id232 D   3214   3213     30
   3232  2207        cutoff             12.0000       15.1427   764879   26.19%           id192 U   3232    149     17
   3254  2213       13.9727   113       12.0000       15.1280   770796   26.07%            id20 D   3254   3253     19
   3280  2227       14.4240   121       12.0000       15.1229   776797   26.02%            id16 U   3280   2613      9
   3293  2240       13.3327   106       12.0000       15.1229   782475   26.02%           id194 D   3293   3292     22
   3308  2252       13.7826   107       12.0000       15.1218   788503   26.01%           id115 D   3308   3307     13
   3327  2265       13.8051   114       12.0000       15.1177   794444   25.98%            id16 D   3327   3326     16
   3352  2281       13.1455    99       12.0000       15.1107   799015   25.92%           id102 D   3352   3351     25
   3379  2290       13.4902   108       12.0000       15.0919   803740   25.77%           id226 D   3379   3378     29
   3403  2306       13.2461   105       12.0000       15.0840   808935   25.70%           id113 D   3403   3402     25
Elapsed real time = 967.67 sec. (tree size = 217.93 MB, solutions = 6)
Nodefile size = 90.75 MB (71.13 MB after compression)
   3427  2314       13.9305    92       12.0000       15.0685   813574   25.57%            id32 D   3427   3426     40
   3455  2330       13.3008   105       12.0000       15.0573   818566   25.48%           id211 D   3455   3454     32
   3480  2345       14.2698   119       12.0000       15.0550   824267   25.46%           id224 U   3480   1731     17
   3504  2357       14.2070   104       12.0000       15.0411   830082   25.34%           id152 U   3504   2024     36
   3528  2375       13.8913    95       12.0000       15.0357   835995   25.30%            id89 U   3528    749     39
   3555  2396       13.3246   106       12.0000       15.0265   841759   25.22%            id60 D   3555   3554     25
   3579  2416       13.4069    94       12.0000       15.0249   846788   25.21%            id36 D   3579   3578     52
   3595  2414       13.5141   112       12.0000       15.0078   851740   25.06%           id150 U   3595   1089     33
   3617  2428       13.5571   111       12.0000       15.0044   858019   25.04%            id36 U   3617    352     25
   3652  2449       13.1127   101       12.0000       14.9983   863159   24.99%           id106 D   3652   3651     33
Elapsed real time = 1050.44 sec. (tree size = 226.86 MB, solutions = 6)
Nodefile size = 100.01 MB (77.85 MB after compression)
   3674  2448        cutoff             12.0000       14.9718   867940   24.76%            id88 U   3674   2649     19
   3692  2451       13.8027    99       12.0000       14.9538   872437   24.61%           id208 D   3692   3691     41
   3730  2478       13.4215   107       12.0000       14.9475   876605   24.56%            id60 D   3730   3729     27
   3771  2497        cutoff             12.0000       14.9250   881591   24.37%             id3 U   3771   2424     20
   3790  2496        cutoff             12.0000       14.9071   885841   24.23%           id232 U   3790   1568     19
   3814  2506       13.6011   101       12.0000       14.9000   891827   24.17%           id207 D   3814   3813     22
   3838  2510        cutoff             12.0000       14.8912   897374   24.09%           id115 U   3838    834     25
   3861  2517       13.0648    96       12.0000       14.8701   901926   23.92%           id192 D   3861   3860     26
   3883  2523       14.1465   108       12.0000       14.8597   907264   23.83%           id158 D   3883   3882     43
   3907  2535       13.1125   114       12.0000       14.8451   911621   23.71%           id155 U   3907    205     20
Elapsed real time = 1139.31 sec. (tree size = 251.65 MB, solutions = 6)
Nodefile size = 124.53 MB (96.93 MB after compression)
   3922  2534       13.3395   104       12.0000       14.8296   916381   23.58%            id19 D   3922   3921     26
   3940  2526        cutoff             12.0000       14.8070   921445   23.39%            id16 U   3940   2651     21
   3962  2534       13.9946   134       12.0000       14.7931   927194   23.28%            id60 D   3962   3961     35
   3987  2533        cutoff             12.0000       14.7788   932601   23.16%           id177 U   3987    881     32
   4009  2540        cutoff             12.0000       14.7667   935969   23.06%           id102 U   4009   2026     38
   4025  2532       13.6522   109       12.0000       14.7477   940782   22.90%           id115 D   4025   4024     24

User cuts applied:  21682

Root node processing (before b&c):
  Real time             =   36.64
Sequential b&c:
  Real time             = 1163.36
                          -------
Total (root+branch&cut) = 1200.00 sec.
Solution status = Feasible
Solution value  = 12
GAP             = 22.8093%
Heuristica 1 : 2786
Heuristica 2 : 880
A = [ 0 0 0 0 0 0 0 0 0 0 0 0 0 0 0 0 0 0 0 0 0 0 0 0 0 0 0 0 0 0 0 0 0 0 0 0 0 1 0 0 0 0 1 1 0 0 0 0 0 0 0 0 0 0 0 0 1 0 0 0 0 0 0 0 0 0 0 0 1 0 0 0 0 0 0 0 0 0 0 0 1 0 0 0 0 0 0 0 0 0 0 0 0 0 0 0 0 0 0 0 0 0 0 0 0 0 0 0 0 0 0 0 0 0 0 0 0 0 0 0 ]
B = [ 0 0 0 0 0 0 0 0 0 0 0 0 0 0 0 0 0 0 0 1 0 0 0 0 0 0 0 0 0 0 0 0 0 0 0 0 0 0 0 0 0 0 0 0 0 1 0 0 0 0 0 0 0 0 0 0 0 0 0 0 0 0 1 0 0 0 1 0 0 0 0 1 0 0 0 0 0 0 0 0 0 0 0 0 0 0 0 0 0 0 0 0 0 0 0 0 0 0 0 0 0 0 0 0 0 0 0 0 0 0 0 0 0 0 0 1 0 0 0 0 ]
