LINE 15
DIMENSOES 120 3570
N cortes 1
Found feasible solution after 0.00 sec.  Objective = 0.0000
Clique table members: 1424.
MIP emphasis: balance optimality and feasibility.
MIP search method: traditional branch-and-cut.
Parallel mode: none, using 1 thread.
Root relaxation solution time =    0.11 sec.

        Nodes                                         Cuts/
   Node  Left     Objective  IInf  Best Integer    Best Bound    ItCnt     Gap         Variable B NodeID Parent  Depth

*     0+    0                            0.0000                    807     --- 
*     0+    0                           12.0000                    807     --- 
*     0+    0                           13.0000                    807     --- 
      0     0       41.2003   235       13.0000       41.2003      807  216.93%
*     0+    0                           14.0000       41.2003      807  194.29%
      0     0       41.0816   232       14.0000       User: 4      865  193.44%
      0     0       40.9938   231       14.0000       User: 4      938  192.81%
*     0+    0                           15.0000       40.9938      938  173.29%
      0     0       40.5260   232       15.0000       User: 4     1122  170.17%
*     0+    0                           16.0000       40.5260     1122  153.29%
      0     0       40.3576   227       16.0000       User: 4     1234  152.23%
      0     0       40.0639   223       16.0000       User: 4     1374  150.40%
      0     0       39.9933   225       16.0000       User: 4     1456  149.96%
      0     0       39.6762   227       16.0000       User: 4     1591  147.98%
      0     0       39.6137   229       16.0000       User: 4     1656  147.59%
      0     0       39.3879   230       16.0000       User: 4     1749  146.17%
      0     0       39.2851   233       16.0000       User: 4     1850  145.53%
      0     0       39.1353   230       16.0000       User: 4     1938  144.60%
      0     0       39.0367   232       16.0000       User: 4     2006  143.98%
      0     0       38.8148   230       16.0000       User: 4     2111  142.59%
      0     0       38.6181   234       16.0000       User: 4     2205  141.36%
      0     0       38.5646   230       16.0000       User: 4     2272  141.03%
      0     0       38.4519   230       16.0000       User: 4     2372  140.32%
      0     0       38.4268   224       16.0000       User: 4     2440  140.17%
      0     0       38.3881   224       16.0000       User: 4     2504  139.93%
      0     0       38.2925   232       16.0000       User: 4     2610  139.33%
      0     0       38.2558   230       16.0000       User: 4     2660  139.10%
      0     0       38.1750   230       16.0000       User: 4     2728  138.59%
      0     0       38.0797   230       16.0000       User: 4     2806  138.00%
      0     0       37.9831   232       16.0000       User: 4     2900  137.39%
      0     0       37.8062   226       16.0000       User: 4     3004  136.29%
      0     0       37.6726   226       16.0000       User: 4     3113  135.45%
      0     0       37.6232   230       16.0000       User: 4     3196  135.14%
      0     0       37.5748   230       16.0000       User: 4     3258  134.84%
      0     0       37.5518   226       16.0000       User: 4     3312  134.70%
      0     0       37.5234   228       16.0000       User: 4     3357  134.52%
      0     0       37.5088   230       16.0000       User: 4     3415  134.43%
      0     0       37.4818   232       16.0000       User: 4     3468  134.26%
      0     0       37.4299   232       16.0000       User: 4     3538  133.94%
      0     0       37.4078   230       16.0000       User: 4     3591  133.80%
      0     0       37.3901   230       16.0000       User: 4     3631  133.69%
      0     0       37.3816   232       16.0000       User: 4     3670  133.64%
      0     0       37.3508   236       16.0000       User: 4     3716  133.44%
      0     0       37.3508   232       16.0000       User: 4     3722  133.44%
      0     0       37.2443   226       16.0000       User: 4     3810  132.78%
      0     0       37.1721   230       16.0000       User: 4     3893  132.33%
      0     0       37.1588   230       16.0000       User: 4     3931  132.24%
      0     0       37.0856   226       16.0000       User: 4     4001  131.79%
      0     0       37.0814   228       16.0000       User: 4     4023  131.76%
      0     0       37.0677   230       16.0000       User: 4     4060  131.67%
      0     0       36.9532   232       16.0000       User: 4     4164  130.96%
      0     0       36.9360   230       16.0000       User: 4     4202  130.85%
      0     0       36.9248   230       16.0000       User: 4     4237  130.78%
      0     0       36.9049   230       16.0000       User: 4     4280  130.66%
      0     0       36.8743   234       16.0000       User: 4     4348  130.46%
      0     0       36.8529   230       16.0000       User: 4     4396  130.33%
      0     0       36.8261   228       16.0000       User: 4     4455  130.16%
      0     0       36.8144   228       16.0000       User: 4     4497  130.09%
      0     0       36.7876   228       16.0000       User: 4     4553  129.92%
      0     0       36.7854   228       16.0000       User: 4     4581  129.91%
      0     0       36.7458   226       16.0000       User: 4     4658  129.66%
      0     0       36.7146   228       16.0000       User: 4     4721  129.47%
      0     0       36.7057   228       16.0000       User: 4     4752  129.41%
      0     0       36.6326   234       16.0000       User: 4     4832  128.95%
      0     0       36.5887   232       16.0000       User: 4     4911  128.68%
      0     0       36.5585   232       16.0000       User: 4     4962  128.49%
      0     0       36.5425   230       16.0000       User: 4     4998  128.39%
*     0+    0                           17.0000       36.5425     4998  114.96%
      0     0       36.5217   231       17.0000       User: 4     5030  114.83%
      0     0       36.5210   231       17.0000       User: 4     5047  114.83%
      0     0       36.5196   231       17.0000       User: 4     5064  114.82%
      0     0       36.5171   233       17.0000       User: 4     5074  114.81%
      0     0       36.5029   231       17.0000       User: 4     5102  114.72%
      0     0       36.4923   231       17.0000       User: 4     5128  114.66%
      0     0       36.4258   229       17.0000       User: 4     5219  114.27%
      0     0       36.3740   225       17.0000       User: 4     5304  113.96%
      0     0       36.3609   233       17.0000       User: 4     5353  113.89%
      0     0       36.3543   231       17.0000       User: 4     5385  113.85%
      0     0       36.3421   232       17.0000       User: 4     5437  113.78%
      0     0       36.3338   239       17.0000       User: 4     5468  113.73%
      0     0       36.3288   237       17.0000       User: 4     5490  113.70%
      0     0       36.3229   238       17.0000       User: 4     5519  113.66%
      0     0       36.2812   232       17.0000       User: 4     5590  113.42%
      0     0       36.2787   237       17.0000       User: 4     5610  113.40%
      0     0       36.2535   239       17.0000       User: 4     5656  113.26%
      0     0       36.2429   239       17.0000       User: 4     5684  113.19%
      0     0       36.2359   241       17.0000       User: 4     5707  113.15%
      0     0       36.2146   236       17.0000       User: 4     5742  113.03%
      0     0       36.1997   236       17.0000       User: 4     5774  112.94%
      0     0       36.1984   236       17.0000       User: 4     5783  112.93%
      0     0       36.1659   237       17.0000       User: 4     5836  112.74%
      0     0       36.1240   238       17.0000       User: 4     5878  112.49%
      0     0       36.0735   238       17.0000       User: 4     5935  112.20%
      0     0       36.0335   236       17.0000       User: 4     5975  111.96%
      0     0       36.0214   234       17.0000       User: 4     6010  111.89%
      0     0       35.9762   236       17.0000       User: 4     6054  111.62%
      0     0       35.9595   234       17.0000       User: 4     6092  111.53%
      0     0       35.9152   233       17.0000       User: 4     6172  111.27%
      0     0       35.8762   231       17.0000       User: 4     6230  111.04%
      0     0       35.8603   235       17.0000       User: 4     6290  110.94%
      0     0       35.8503   233       17.0000       User: 4     6330  110.88%
      0     0       35.8087   237       17.0000       User: 4     6393  110.64%
      0     0       35.8060   237       17.0000       User: 4     6413  110.62%
      0     0       35.8017   239       17.0000       User: 4     6439  110.60%
      0     0       35.8002   239       17.0000       User: 4     6453  110.59%
      0     0       35.7875   237       17.0000       User: 4     6501  110.51%
      0     0       35.7874   237       17.0000       User: 4     6504  110.51%
      0     0       35.7864   237       17.0000       User: 4     6514  110.51%
      0     0       35.7864   237       17.0000       User: 4     6517  110.51%
      0     2       35.7864   237       17.0000       35.7864     6517  110.51%                        0             0
Elapsed real time =   5.85 sec. (tree size =  0.00 MB, solutions = 7)
      1     3       35.4054   234       17.0000       35.7864     7287  110.51%            id28 D      1      0      1
      2     4       34.3756   231       17.0000       35.7864    10141  110.51%           id212 D      2      1      2
      3     5       27.8829   163       17.0000       35.7864    12267  110.51%           id212 U      3      1      2
      4     6       33.8298   233       17.0000       35.7864    13139  110.51%           id213 D      4      2      3
      5     7       29.1538   177       17.0000       35.7864    15182  110.51%           id213 U      5      2      3
     10    12       33.1173   231       17.0000       35.7864    17388  110.51%            id67 D     10      9      8
     13    15       32.8004   228       17.0000       35.7864    19662  110.51%            id60 D     13     11     10
     19    21       31.9932   223       17.0000       35.7864    20921  110.51%           id205 D     19     18     16
     27    29       31.0821   214       17.0000       35.7864    22224  110.51%            id55 D     27     26     24
     40    42       25.7546   160       17.0000       35.7864    27276  110.51%           id121 U     40     38     35
Elapsed real time =  11.69 sec. (tree size =  1.03 MB, solutions = 7)
     60    62       27.4714   185       17.0000       35.7864    33467  110.51%           id202 D     60     58     52
     93    95       18.3110    77       17.0000       35.7864    39095  110.51%            id88 U     93     90     78
    145   131       29.1321   183       17.0000       33.8255    44614   98.97%            id28 U    145      0      1
    160   146       26.8428   168       17.0000       33.8255    49233   98.97%           id233 D    160    159     14
    180   166       24.1550   149       17.0000       33.8255    54388   98.97%            id25 D    180    179     32
    206   192       18.2305    66       17.0000       33.8255    59843   98.97%           id222 U    206    204     51
*   220+  188                           18.0000       33.8255    62015   87.92%
    232   200       19.1264    88       18.0000       33.8255    63026   87.92%           id133 D    232    231     73
    250   214       26.4432   167       18.0000       33.4850    67082   86.03%           id231 D    250    249     18
    275   239       23.0334   141       18.0000       33.4850    72071   86.03%            id67 D    275    274     43
    315   276       28.0985   173       18.0000       33.3731    77512   85.41%           id128 U    315      6      5
Elapsed real time =  31.84 sec. (tree size =  7.91 MB, solutions = 8)
    340   301       23.6883   148       18.0000       33.3731    81644   85.41%           id103 D    340    339     30
    380   341       19.5077    98       18.0000       33.3731    85801   85.41%           id229 D    380    379     70
    404   361       26.4311   168       18.0000       33.3561    89176   85.31%           id227 D    404    403     21
    440   397       21.8578   131       18.0000       33.3561    92968   85.31%            id95 D    440    439     57
    468   422       27.2222   172       18.0000       33.3139    97063   85.08%           id191 U    468      8      7
    480   434       24.0359   140       18.0000       33.3139   100108   85.08%            id83 D    480    479     17
    513   463        cutoff             18.0000       33.3139   104402   85.08%           id102 U    513    511     46
    535   479       26.5442   164       18.0000       32.9691   108577   83.16%            id93 D    535    534     11
    556   500       23.4504   143       18.0000       32.9691   111797   83.16%           id143 D    556    555     32
    589   533       20.0509   108       18.0000       32.9691   114816   83.16%           id158 D    589    588     65
Elapsed real time =  52.06 sec. (tree size = 21.69 MB, solutions = 8)
    600   540       27.5030   172       18.0000       32.7539   116802   81.97%            id60 U    600     11     10
    630   570       23.2886   141       18.0000       32.7539   121273   81.97%           id149 D    630    629     40
    673   609       26.7647   167       18.0000       32.7506   125271   81.95%           id187 U    673     13     11
    697   633       23.1172   143       18.0000       32.7506   129390   81.95%            id87 D    697    696     35
    726   658       27.1571   175       18.0000       32.6465   132652   81.37%           id175 U    726     14     12
    760   692       22.6899   139       18.0000       32.6465   136208   81.37%           id225 D    760    759     46
    796   724       25.1661   160       18.0000       32.5380   139548   80.77%            id93 D    796    795     14
    813   741       22.6623   146       18.0000       32.5380   142568   80.77%            id47 D    813    812     29
    845   769       19.7241   120       18.0000       32.5380   145907   80.77%           id218 D    845    844     55
    868   786       24.5053   156       18.0000       32.2866   149042   79.37%            id78 D    868    867     26
Elapsed real time =  72.95 sec. (tree size = 43.66 MB, solutions = 8)
    895   813       21.0609   131       18.0000       32.2866   151445   79.37%           id218 D    895    894     53
    920   834       26.6226   164       18.0000       32.2035   154006   78.91%           id223 D    920    919     18
    952   866       22.0004   132       18.0000       32.2035   157115   78.91%            id87 D    952    951     50
    981   891       26.5535   168       18.0000       31.9794   160403   77.66%            id16 D    981    980     19
   1004   914       23.2651   145       18.0000       31.9794   163945   77.66%           id102 D   1004   1003     42
   1048   954       26.3724   168       18.0000       31.9257   167639   77.36%           id149 U   1048     19     17
   1070   976       23.1607   144       18.0000       31.9257   171264   77.36%             id9 D   1070   1069     39
   1105  1007       26.9294   175       18.0000       31.8192   174719   76.77%           id143 U   1105     20     18
   1120  1022       24.7516   159       18.0000       31.8192   177985   76.77%           id197 D   1120   1119     32
   1145  1047       22.1920   137       18.0000       31.8192   181119   76.77%           id151 D   1145   1144     55
Elapsed real time =  95.82 sec. (tree size = 68.65 MB, solutions = 8)
   1183  1071       19.0171   106       18.0000       31.8192   184432   76.77%            id41 D   1183   1181     84
   1198  1084       23.6334   150       18.0000       31.7434   187249   76.35%            id59 D   1198   1197     32
   1230  1116       19.7399   113       18.0000       31.7434   189554   76.35%            id72 D   1230   1229     64
   1248  1130       25.6321   164       18.0000       31.5693   192466   75.38%            id59 D   1248   1247     28
   1275  1157       22.1844   138       18.0000       31.5693   195790   75.38%           id201 D   1275   1274     55
   1310  1187       26.2374   166       18.0000       31.5137   198776   75.08%            id85 U   1310     23     21
   1324  1201       23.6597   149       18.0000       31.5137   201849   75.08%           id153 D   1324   1323     35
   1349  1220       26.2905   167       18.0000       31.4454   204798   74.70%            id25 U   1349     24     22
   1371  1242       22.7997   143       18.0000       31.4454   207921   74.70%           id231 D   1371   1370     44
   1410  1277       27.1102   174       18.0000       31.3247   211344   74.03%            id23 U   1410     25     23
Elapsed real time = 118.86 sec. (tree size = 87.82 MB, solutions = 8)
   1419  1286       23.9692   129       18.0000       31.3247   215031   74.03%           id197 U   1419   1417     30
   1431  1298       24.4299   157       18.0000       31.3247   218028   74.03%           id145 D   1431   1430     40
   1457  1316       25.9976   163       18.0000       31.0714   221320   72.62%            id55 U   1457     26     24
   1483  1342       22.0535   137       18.0000       31.0714   223737   72.62%            id33 D   1483   1482     50
   1516  1371       25.1408   161       18.0000       30.8193   226623   71.22%            id83 U   1516     27     25
   1545  1400       21.4189   132       18.0000       30.8193   229197   71.22%           id180 D   1545   1544     54
   1573  1424       24.1418   152       18.0000       30.7794   231869   71.00%           id197 D   1573   1572     29
   1599  1450       20.3644   126       18.0000       30.7794   234704   71.00%            id84 D   1599   1598     55
   1623  1470       24.5742   155       18.0000       30.6350   237636   70.19%           id121 D   1623   1622     35
   1650  1497       21.0348   127       18.0000       30.6350   240754   70.19%            id38 D   1650   1649     62
Elapsed real time = 141.72 sec. (tree size = 106.55 MB, solutions = 8)
   1667  1514       19.3989    93       18.0000       30.6350   243140   70.19%            id34 D   1667   1666     79
   1680  1523       23.7207   151       18.0000       30.3761   245747   68.76%           id153 D   1680   1679     35
   1692  1535       19.3853    94       18.0000       30.3761   248887   68.76%            id47 U   1692   1690     43
   1708  1546       24.1261   153       18.0000       30.2233   251614   67.91%           id197 D   1708   1707     35
   1745  1583       19.4488   114       18.0000       30.2233   254127   67.91%            id19 D   1745   1744     72
   1758  1592       23.2338   146       18.0000       30.0660   256728   67.03%            id93 D   1758   1757     37
   1777  1611       20.5612   124       18.0000       30.0660   258721   67.03%             id9 D   1777   1776     56
   1799  1629       23.6362   146       18.0000       29.9422   261464   66.35%            id31 D   1799   1798     36
   1828  1658       20.3870   119       18.0000       29.9422   264272   66.35%           id192 D   1828   1827     65
   1853  1679       22.7130   143       18.0000       29.7393   267104   65.22%            id27 D   1853   1852     45
Elapsed real time = 163.91 sec. (tree size = 128.22 MB, solutions = 8)
Nodefile size =  1.00 MB (0.82 MB after compression)
   1887  1710       23.4275   148       18.0000       29.3362   269813   62.98%           id192 U   1887     37     34
   1900  1723       21.7894   137       18.0000       29.3362   272753   62.98%           id179 D   1900   1899     46
   1930  1742       23.7247   148       18.0000       29.1528   276803   61.96%           id154 U   1930     39     36
   1949  1761       21.3818   128       18.0000       29.1528   279134   61.96%           id111 D   1949   1948     55
   1964  1776       20.0037    76       18.0000       29.1528   281435   61.96%            id38 D   1964   1963     70
   1979  1788       26.8226   179       18.0000       29.1488   284395   61.94%            id60 D   1979   1978      6
   2000  1809       24.0915   156       18.0000       29.1488   286914   61.94%            id65 D   2000   1999     27
   2031  1840       20.3329   123       18.0000       29.1488   289303   61.94%            id49 D   2031   2030     58
   2057  1862       22.8528   137       18.0000       29.1319   291746   61.84%            id47 D   2057   2056     15
   2086  1891       19.5676   107       18.0000       29.1319   294139   61.84%            id38 D   2086   2085     44
Elapsed real time = 188.26 sec. (tree size = 151.52 MB, solutions = 8)
Nodefile size = 23.71 MB (19.37 MB after compression)
   2103  1904       21.5480   114       18.0000       29.0255   296173   61.25%            id31 D   2103   2102     10
   2124  1921       22.0727   115       18.0000       29.0165   299324   61.20%           id212 U   2124    146      3
   2141  1938       19.4147    96       18.0000       29.0165   301680   61.20%            id95 D   2141   2140     19
   2159  1952       22.1304   138       18.0000       29.0077   304356   61.15%            id74 D   2159   2158     49
   2189  1978       27.4451   174       18.0000       28.9799   306889   61.00%            id83 D   2189     12     10
   2208  1997       22.4824   126       18.0000       28.9799   309022   61.00%           id154 D   2208   2207     29
   2225  2014       20.6735   107       18.0000       28.9799   310910   61.00%           id227 D   2225   2224     46
   2245  2027       24.3091   141       18.0000       28.9643   312838   60.91%            id83 U   2245     12     10
   2268  2050       21.1611   114       18.0000       28.9643   314962   60.91%           id230 D   2268   2267     33
   2353  2128       21.1051   129       18.0000       28.8748   324041   60.42%           id233 D   2353   2352     59
Elapsed real time = 219.44 sec. (tree size = 182.34 MB, solutions = 8)
Nodefile size = 54.49 MB (44.39 MB after compression)
   2460  2221       19.1311   103       18.0000       28.6463   333042   59.15%            id72 D   2460   2459     53
   2521  2274       22.5414   125       18.0000       28.6166   342054   58.98%           id197 D   2521   2520     24
   2585  2330       19.3327   101       18.0000       28.5796   350492   58.78%           id133 D   2585   2583     61
   2678  2411       23.5175   121       18.0000       28.3739   358989   57.63%             id1 D   2678   2677     10
   2761  2487       21.6235   108       18.0000       28.2758   367669   57.09%            id47 D   2761   2760     21
   2858  2568       24.9670   132       18.0000       28.0916   376761   56.06%           id156 U   2858    392     10
   2901  2611       20.4072    71       18.0000       28.0916   384433   56.06%            id41 D   2901   2900     53
   2970  2672       25.0914   146       18.0000       28.0093   392599   55.61%           id145 U   2970    393     11
   3005  2701       23.0701   136       18.0000       27.9749   400454   55.42%           id187 D   3005   3004     21
   3085  2773       22.6039   134       18.0000       27.9227   410082   55.13%            id78 D   3085   3084     20
Elapsed real time = 312.21 sec. (tree size = 244.56 MB, solutions = 8)
Nodefile size = 116.91 MB (94.28 MB after compression)
   3160  2840       23.1689   142       18.0000       27.8820   418293   54.90%            id84 U   3160     53     47
   3209  2883       20.5161   114       18.0000       27.8785   426603   54.88%            id95 D   3209   3208     22
   3290  2956       22.2967   134       18.0000       27.7931   435911   54.41%           id145 D   3290   3289     49
   3352  3010       22.0647   117       18.0000       27.7889   443947   54.38%            id60 D   3352   3350     13
   3435  3079       22.8382   135       18.0000       27.7447   452352   54.14%             id1 D   3435   3434     17
   3513  3153       19.5485   113       18.0000       27.7023   460002   53.90%           id236 D   3513   3512     89
   3566  3202       19.3772    77       18.0000       27.6664   467935   53.70%            id30 D   3566   3565     59
   3615  3239       20.1609   102       18.0000       27.6271   476165   53.48%           id102 D   3615   3614     46
   3690  3302       23.9482   137       18.0000       27.4852   483461   52.70%            id74 D   3690   3689     12
   3783  3385       21.1738   126       18.0000       27.4638   492216   52.58%           id195 D   3783   3782     60
Elapsed real time = 405.53 sec. (tree size = 305.80 MB, solutions = 8)
Nodefile size = 177.84 MB (142.59 MB after compression)
   3841  3429       20.5448   106       18.0000       27.4197   499541   52.33%           id187 D   3841   3840     26
   3921  3501       21.2723   120       18.0000       27.3911   507628   52.17%            id47 D   3921   3920     27
   4004  3570       22.3953   137       18.0000       27.3134   514575   51.74%            id47 D   4004   4003     58
   4081  3633       24.8452   152       18.0000       27.2620   522237   51.46%           id197 U   4081    244     13
   4127  3679       19.9985    96       18.0000       27.2620   530878   51.46%            id62 D   4127   4126     53
   4195  3735       19.6859   111       18.0000       27.2149   537798   51.19%           id105 D   4195   4194     41
   4294  3821       23.0638   137       18.0000       27.2008   545409   51.12%            id65 D   4294   4293     12
   4330  3849       19.4255    96       18.0000       27.2008   552224   51.12%           id202 D   4330   4329     44
   4412  3918       22.7979   114       18.0000       27.1819   559574   51.01%            id16 U   4412    399     17
   4465  3963       21.9392   130       18.0000       27.1355   566223   50.75%            id31 D   4465   4464     24
Elapsed real time = 500.15 sec. (tree size = 405.97 MB, solutions = 8)
Nodefile size = 278.08 MB (222.48 MB after compression)
   4526  4009       19.1359    92       18.0000       27.1301   572535   50.72%            id19 D   4526   4525     33
   4586  4061       20.0698   104       18.0000       27.1085   579990   50.60%            id78 D   4586   4585     28
   4660  4120       19.6751    89       18.0000       27.0981   587519   50.55%           id159 D   4660   4659     45
   4727  4176       20.0338   103       18.0000       27.0822   595902   50.46%            id67 D   4727   4726     20
   4780  4222       21.2318   117       18.0000       27.0059   602587   50.03%           id205 D   4780   4779     27
   4851  4277       19.2960    73       18.0000       26.9925   608904   49.96%           id217 D   4851   4850     67
   4939  4349       21.4521   117       18.0000       26.9532   615684   49.74%            id23 D   4939   4938     19
   4999  4402       19.7742   108       18.0000       26.9474   622972   49.71%            id27 D   4999   4998     52
   5079  4467       20.7179   109       18.0000       26.9203   629927   49.56%           id143 D   5079   5078     16
   5159  4535       20.0015   104       18.0000       26.9049   637230   49.47%            id95 D   5159   5158     21
Elapsed real time = 593.81 sec. (tree size = 491.57 MB, solutions = 8)
Nodefile size = 364.02 MB (290.65 MB after compression)
   5223  4583       20.1253   105       18.0000       26.8722   643759   49.29%           id197 D   5223   5222     27
   5295  4639       21.4502   132       18.0000       26.8583   650821   49.21%            id47 D   5295   5294     61
   5389  4726       19.8927   104       18.0000       26.8555   658550   49.20%           id215 D   5389   5388     37
   5467  4788       22.6549   130       18.0000       26.8308   665197   49.06%           id222 D   5467   5466     31
   5539  4852       22.9038   123       18.0000       26.8175   671931   48.99%            id65 D   5539   5538     19
   5613  4918       21.5470   116       18.0000       26.7868   679652   48.82%            id83 U   5613    979     18
   5692  4981       21.2901   109       18.0000       26.7508   687045   48.62%           id222 U   5692    605     16
   5739  5021       23.4657   140       18.0000       26.7260   693335   48.48%            id65 D   5739   5738     15
   5814  5078       22.0078   110       18.0000       26.7166   701421   48.43%            id16 U   5814    673     12
   5893  5149       19.5089   104       18.0000       26.6829   707953   48.24%            id87 D   5893   5892     46
Elapsed real time = 689.07 sec. (tree size = 575.84 MB, solutions = 8)
Nodefile size = 448.41 MB (356.79 MB after compression)
   5946  5193       19.9384   104       18.0000       26.6727   714616   48.18%            id88 D   5946   5945     28
   5984  5227       21.2006    89       18.0000       26.6705   720692   48.17%           id230 D   5984   5983     46
   6030  5265       22.5890   129       18.0000       26.6562   726790   48.09%           id154 D   6030   6029     26
   6112  5333       20.0461   109       18.0000       26.6191   733712   47.88%            id92 D   6112   6111     43
   6151  5368       20.6915    98       18.0000       26.6083   740152   47.82%           id102 D   6151   6150     47
   6210  5415       23.4938   137       18.0000       26.5926   747498   47.74%            id74 D   6210   6209     20
   6231  5434       21.2951   120       18.0000       26.5926   753574   47.74%           id230 D   6231   6230     37
   6276  5470       20.3943   100       18.0000       26.5738   759986   47.63%           id187 D   6276   6275     30
   6340  5525       20.4079   113       18.0000       26.5577   767148   47.54%             id6 D   6340   6339     49
   6402  5581       21.7608   114       18.0000       26.5457   775206   47.48%            id31 U   6402    981     20
Elapsed real time = 785.37 sec. (tree size = 649.33 MB, solutions = 8)
Nodefile size = 522.39 MB (414.93 MB after compression)
   6487  5654       21.9892   122       18.0000       26.5115   781990   47.29%           id148 D   6487   6486     27
   6591  5751       20.1032   106       18.0000       26.4763   789039   47.09%           id233 U   6591   6589     69
   6665  5809       22.3779   131       18.0000       26.4611   795834   47.01%            id25 D   6665   6664     25
   6748  5882       19.9099   102       18.0000       26.4280   802468   46.82%           id206 D   6748   6746     29
   6830  5954       20.3526   114       18.0000       26.3842   809327   46.58%            id87 D   6830   6829     44
   6908  6024       22.2854   118       18.0000       26.3682   816527   46.49%             id1 U   6908   1109     23
   6966  6070        cutoff             18.0000       26.3631   824010   46.46%            id87 U   6966   6965     41
   7014  6110       20.3925   116       18.0000       26.3439   830634   46.35%           id185 D   7014   7013     45
   7066  6150       19.2835    77       18.0000       26.2965   838313   46.09%            id65 U   7066   7064     27
   7123  6195       20.3499   110       18.0000       26.2845   844966   46.03%           id227 D   7123   7122     43
Elapsed real time = 880.41 sec. (tree size = 742.18 MB, solutions = 8)
Nodefile size = 614.71 MB (487.74 MB after compression)
   7197  6262       23.2682   154       18.0000       26.2527   851972   45.85%            id47 D   7197   7196     27
   7252  6307       20.4123   107       18.0000       26.2482   858315   45.82%            id78 D   7252   7251     20
   7330  6373       21.7456   126       18.0000       26.2221   864997   45.68%           id230 D   7330   7329     33
   7398  6432       21.8885   128       18.0000       26.2100   871861   45.61%            id72 D   7398   7397     35
   7477  6500       23.8288   141       18.0000       26.1964   878266   45.54%           id156 U   7477   1049     19
   7532  6544       21.5352   112       18.0000       26.1304   885624   45.17%             id1 U   7532    322     13
   7568  6576       21.7933   119       18.0000       26.1264   891676   45.15%            id19 D   7568   7567     38
   7607  6611       22.3639   130       18.0000       26.1255   897580   45.14%           id145 D   7607   7606     19
   7676  6672       21.0547   112       18.0000       26.1178   904807   45.10%            id93 U   7676    857     16
   7741  6724       20.7741   111       18.0000       26.0838   911238   44.91%           id223 U   7741   1350     24
Elapsed real time = 979.40 sec. (tree size = 854.17 MB, solutions = 8)
Nodefile size = 727.17 MB (577.14 MB after compression)
   7808  6779       19.4154    97       18.0000       26.0306   917200   44.61%            id92 D   7808   7807     45
   7851  6811       22.1076   126       18.0000       26.0031   923118   44.46%            id47 D   7851   7850     38
   7900  6854       19.2665    98       18.0000       25.9991   929082   44.44%            id19 D   7900   7898     37
   7945  6888       20.5134   109       18.0000       25.9902   935315   44.39%           id223 U   7945   1457     25
   7995  6930       20.0084   100       18.0000       25.9752   941214   44.31%           id197 D   7995   7994     27
   8037  6960       22.1032   123       18.0000       25.9536   947764   44.19%           id222 D   8037   8036     27
   8103  7014        cutoff             18.0000       25.9457   954099   44.14%           id225 U   8103   8101     44
   8158  7059       19.7278   101       18.0000       25.9272   960032   44.04%           id209 D   8158   8157     39
   8218  7103       21.7130   114       18.0000       25.8807   966062   43.78%            id74 U   8218    733     20
   8291  7162       20.5063   111       18.0000       25.8671   972367   43.71%            id40 D   8291   8290     42
Elapsed real time = 1078.07 sec. (tree size = 922.81 MB, solutions = 8)
Nodefile size = 795.14 MB (630.47 MB after compression)
   8330  7193       20.7914   107       18.0000       25.8585   978081   43.66%            id65 D   8330   8329     21
   8377  7224       21.7967   115       18.0000       25.8368   984155   43.54%            id74 U   8377   1246     27
   8425  7264       19.0250    77       18.0000       25.8097   990741   43.39%           id129 U   8425   8422     28
   8483  7314       19.8010   101       18.0000       25.7898   996875   43.28%            id23 D   8483   8482     28
   8558  7376       19.2932    74       18.0000       25.7734  1002764   43.19%            id47 D   8558   8557     32
   8625  7427       20.8739   108       18.0000       25.7557  1009042   43.09%           id197 D   8625   8624     21
   8699  7483       21.4490   134       18.0000       25.7301  1015253   42.95%           id195 D   8699   8698     61
   8766  7534        cutoff             18.0000       25.7258  1021511   42.92%            id95 U   8766   8765     35
   8836  7593       20.8201   109       18.0000       25.6962  1027288   42.76%            id31 U   8836    860     19
   8886  7633       20.2787   113       18.0000       25.6893  1033555   42.72%           id218 D   8886   8885     44
Elapsed real time = 1174.43 sec. (tree size = 967.60 MB, solutions = 8)
Nodefile size = 840.40 MB (665.95 MB after compression)
   8950  7690       19.6233    97       18.0000       25.6747  1039635   42.64%            id25 D   8950   8949     30
   8998  7724       21.6997   117       18.0000       25.6554  1046055   42.53%           id121 D   8998   8997     36

User cuts applied:  21530

Root node processing (before b&c):
  Real time             =    5.57
Sequential b&c:
  Real time             = 1194.45
                          -------
Total (root+branch&cut) = 1200.02 sec.
Solution status = Feasible
Solution value  = 18
GAP             = 42.492%
Heuristica 1 : 6783
Heuristica 2 : 1761
A = [ 0 0 0 0 0 0 0 0 0 0 0 0 0 1 0 0 1 0 0 0 0 0 0 0 0 1 0 1 0 0 0 0 0 0 0 0 0 0 0 0 0 0 0 0 0 0 0 0 1 0 0 0 0 0 0 0 0 0 0 0 0 0 0 0 0 0 0 0 0 0 0 0 0 0 0 0 1 0 0 0 0 0 0 0 0 0 1 0 0 0 0 0 0 0 1 0 0 0 0 0 0 0 0 1 0 0 0 0 0 0 0 0 0 0 0 0 0 0 0 0 ]
B = [ 0 0 0 0 0 0 0 0 0 0 0 0 0 0 0 0 0 0 0 0 0 0 0 0 0 0 0 0 0 0 0 0 0 0 0 0 0 0 0 0 0 0 0 1 0 0 1 0 0 0 1 0 1 1 0 0 0 0 0 1 0 0 0 0 0 0 0 0 0 0 0 0 0 1 0 0 0 0 0 0 0 0 0 0 0 0 0 0 0 1 0 0 0 0 0 0 0 0 0 0 0 0 0 0 0 1 0 0 0 0 0 0 0 0 0 0 0 0 0 0 ]
