LINE 15
DIMENSOES 120 3570
N cortes 1
Found feasible solution after 0.00 sec.  Objective = 0.0000
Clique table members: 1412.
MIP emphasis: balance optimality and feasibility.
MIP search method: traditional branch-and-cut.
Parallel mode: none, using 1 thread.
Root relaxation solution time =    0.12 sec.

        Nodes                                         Cuts/
   Node  Left     Objective  IInf  Best Integer    Best Bound    ItCnt     Gap         Variable B NodeID Parent  Depth

*     0+    0                            0.0000                    878     --- 
*     0+    0                           11.0000                    878     --- 
*     0+    0                           13.0000                    878     --- 
      0     0       41.2169   234       13.0000       41.2169      878  217.05%
*     0+    0                           14.0000       41.2169      878  194.41%
*     0+    0                           15.0000       41.2169      878  174.78%
      0     0       41.1077   232       15.0000       User: 4      966  174.05%
      0     0       40.9774   226       15.0000       User: 4     1076  173.18%
      0     0       40.6532   232       15.0000       User: 4     1195  171.02%
      0     0       40.5786   232       15.0000       User: 4     1268  170.52%
*     0+    0                           15.0000       40.5786     1268  170.52%
      0     0       40.1481   232       15.0000       User: 4     1421  167.65%
      0     0       39.9354   238       15.0000       User: 4     1547  166.24%
*     0+    0                           16.0000       39.9354     1547  149.60%
      0     0       39.7871   230       16.0000       User: 4     1680  148.67%
      0     0       39.5736   236       16.0000       User: 4     1811  147.33%
      0     0       39.4163   234       16.0000       User: 4     1906  146.35%
      0     0       39.3397   236       16.0000       User: 4     1992  145.87%
      0     0       39.2645   234       16.0000       User: 4     2114  145.40%
      0     0       39.0699   230       16.0000       User: 4     2241  144.19%
      0     0       38.9267   234       16.0000       User: 4     2329  143.29%
      0     0       38.7984   226       16.0000       User: 4     2458  142.49%
      0     0       38.6663   230       16.0000       User: 4     2569  141.66%
      0     0       38.3056   220       16.0000       User: 4     2729  139.41%
      0     0       38.2631   228       16.0000       User: 4     2799  139.14%
      0     0       38.1366   224       16.0000       User: 4     2962  138.35%
      0     0       38.0554   224       16.0000       User: 4     3121  137.85%
      0     0       37.9720   218       16.0000       User: 4     3223  137.33%
      0     0       37.8847   222       16.0000       User: 4     3331  136.78%
      0     0       37.8691   226       16.0000       User: 4     3379  136.68%
      0     0       37.8460   224       16.0000       User: 4     3432  136.54%
      0     0       37.7000   226       16.0000       User: 4     3545  135.63%
      0     0       37.5839   222       16.0000       User: 4     3627  134.90%
      0     0       37.5601   220       16.0000       User: 4     3700  134.75%
      0     0       37.4993   222       16.0000       User: 4     3808  134.37%
      0     0       37.4831   222       16.0000       User: 4     3854  134.27%
      0     0       37.4704   220       16.0000       User: 4     3880  134.19%
      0     0       37.4516   226       16.0000       User: 4     3963  134.07%
      0     0       37.4207   224       16.0000       User: 4     4033  133.88%
      0     0       37.4175   226       16.0000       User: 4     4053  133.86%
      0     0       37.3791   228       16.0000       User: 4     4134  133.62%
      0     0       37.3593   226       16.0000       User: 4     4196  133.50%
      0     0       37.3499   232       16.0000       User: 4     4227  133.44%
      0     0       37.3144   226       16.0000       User: 4     4299  133.21%
      0     0       37.2199   226       16.0000       User: 4     4378  132.62%
      0     0       37.1483   230       16.0000       User: 4     4460  132.18%
      0     0       37.1326   232       16.0000       User: 4     4503  132.08%
      0     0       37.1131   234       16.0000       User: 4     4548  131.96%
      0     0       37.0540   234       16.0000       User: 4     4636  131.59%
      0     0       37.0154   230       16.0000       User: 4     4693  131.35%
      0     0       36.9617   225       16.0000       User: 4     4762  131.01%
      0     0       36.8925   223       16.0000       User: 4     4812  130.58%
      0     0       36.8897   221       16.0000       User: 4     4825  130.56%
      0     0       36.8803   225       16.0000       User: 4     4856  130.50%
      0     0       36.8790   227       16.0000       User: 4     4867  130.49%
      0     0       36.8332   224       16.0000       User: 4     4934  130.21%
      0     0       36.8143   230       16.0000       User: 4     4971  130.09%
      0     0       36.8105   230       16.0000       User: 4     5001  130.07%
      0     0       36.7936   226       16.0000       User: 4     5045  129.96%
      0     0       36.7756   230       16.0000       User: 4     5089  129.85%
      0     0       36.6543   222       16.0000       User: 4     5192  129.09%
      0     0       36.6126   226       16.0000       User: 4     5269  128.83%
      0     0       36.4663   227       16.0000       User: 4     5379  127.91%
      0     0       36.4265   227       16.0000       User: 4     5434  127.67%
      0     0       36.3313   225       16.0000       User: 4     5516  127.07%
      0     0       36.2987   219       16.0000       User: 4     5585  126.87%
*     0+    0                           17.0000       36.2987     5585  113.52%
      0     0       36.2833   227       17.0000       User: 4     5647  113.43%
      0     0       36.2294   233       17.0000       User: 4     5740  113.11%
      0     0       36.1720   229       17.0000       User: 4     5830  112.78%
      0     0       36.0851   225       17.0000       User: 4     5932  112.27%
      0     0       36.0476   227       17.0000       User: 4     6003  112.04%
      0     0       36.0215   231       17.0000       User: 4     6060  111.89%
      0     0       35.9905   229       17.0000       User: 4     6126  111.71%
      0     0       35.9630   229       17.0000       User: 4     6165  111.55%
      0     0       35.9625   229       17.0000       User: 4     6176  111.54%
      0     0       35.9613   229       17.0000       User: 4     6191  111.54%
      0     0       35.9366   231       17.0000       User: 4     6239  111.39%
      0     0       35.9274   231       17.0000       User: 4     6262  111.34%
      0     0       35.8920   229       17.0000       User: 4     6308  111.13%
      0     0       35.8104   227       17.0000       User: 4     6382  110.65%
      0     0       35.7532   225       17.0000       User: 4     6480  110.31%
      0     0       35.6743   229       17.0000       User: 4     6571  109.85%
      0     0       35.6516   221       17.0000       User: 4     6628  109.72%
      0     0       35.6284   225       17.0000       User: 4     6689  109.58%
      0     0       35.5960   227       17.0000       User: 4     6768  109.39%
      0     0       35.5727   225       17.0000       User: 4     6823  109.25%
      0     0       35.5675   227       17.0000       User: 4     6856  109.22%
      0     0       35.5508   235       17.0000       User: 4     6896  109.12%
      0     0       35.5373   235       17.0000       User: 4     6921  109.04%
      0     0       35.5126   235       17.0000       User: 4     6961  108.90%
      0     0       35.4785   235       17.0000       User: 4     7040  108.70%
      0     0       35.4670   235       17.0000       User: 4     7068  108.63%
      0     0       35.4599   235       17.0000       User: 4     7102  108.59%
      0     0       35.4429   235       17.0000       User: 4     7163  108.49%
      0     0       35.4072   231       17.0000       User: 4     7211  108.28%
      0     0       35.4012   231       17.0000       User: 4     7243  108.24%
      0     0       35.3992   231       17.0000       User: 4     7260  108.23%
      0     0       35.3944   233       17.0000       User: 4     7279  108.20%
      0     0       35.3849   233       17.0000       User: 4     7317  108.15%
      0     0       35.3719   233       17.0000       User: 4     7358  108.07%
      0     0       35.3440   233       17.0000       User: 4     7408  107.91%
      0     0       35.3373   228       17.0000       User: 4     7443  107.87%
      0     0       35.3053   235       17.0000       User: 4     7522  107.68%
      0     0       35.3052   235       17.0000       User: 4     7532  107.68%
      0     0       35.2510   234       17.0000       User: 4     7625  107.36%
      0     0       35.2396   232       17.0000       User: 4     7664  107.29%
      0     0       35.2242   234       17.0000       User: 4     7702  107.20%
      0     0       35.2202   236       17.0000       User: 4     7716  107.18%
      0     0       35.2164   232       17.0000       User: 4     7739  107.16%
      0     0       35.1982   232       17.0000       User: 4     7777  107.05%
      0     0       35.1667   232       17.0000       User: 4     7831  106.86%
      0     0       35.1664   232       17.0000       User: 4     7842  106.86%
      0     0       35.1456   232       17.0000       User: 4     7916  106.74%
      0     0       35.1416   233       17.0000       User: 4     7956  106.72%
      0     0       35.1366   235       17.0000       User: 4     7987  106.69%
      0     0       35.1325   235       17.0000       User: 4     8016  106.66%
      0     0       35.1319   235       17.0000       User: 4     8023  106.66%
      0     0       35.1172   235       17.0000       User: 4     8049  106.57%
      0     0       35.1104   235       17.0000       User: 4     8089  106.53%
      0     0       35.1033   235       17.0000       User: 4     8117  106.49%
      0     0       35.0891   233       17.0000       User: 4     8147  106.41%
      0     0       35.0856   233       17.0000       User: 4     8167  106.39%
      0     0       35.0843   233       17.0000       User: 4     8185  106.38%
      0     0       35.0614   231       17.0000       User: 4     8241  106.24%
      0     0       35.0440   231       17.0000       User: 4     8295  106.14%
      0     0       35.0242   233       17.0000       User: 4     8338  106.02%
      0     0       34.9366   223       17.0000       User: 4     8433  105.51%
      0     0       34.8947   227       17.0000       User: 4     8514  105.26%
      0     0       34.8881   231       17.0000       User: 4     8542  105.22%
      0     0       34.8798   235       17.0000       User: 4     8586  105.18%
      0     0       34.8311   235       17.0000       User: 4     8657  104.89%
      0     0       34.7778   233       17.0000       User: 4     8725  104.58%
      0     0       34.7624   231       17.0000       User: 4     8793  104.48%
*     0+    0                           18.0000       34.7624     8856   93.12%
      0     0       34.7480   237       18.0000       User: 4     8856   93.04%
      0     0       34.7340   235       18.0000       User: 4     8898   92.97%
      0     0       34.7196   235       18.0000       User: 4     8939   92.89%
      0     0       34.7144   233       18.0000       User: 4     8954   92.86%
      0     0       34.6934   235       18.0000       User: 4     8999   92.74%
      0     0       34.6810   235       18.0000       User: 4     9048   92.67%
      0     0       34.6801   235       18.0000       User: 4     9068   92.67%
      0     0       34.6690   233       18.0000       User: 4     9124   92.61%
      0     0       34.6685   233       18.0000       User: 4     9137   92.60%
      0     0       34.6632   233       18.0000       User: 4     9176   92.57%
      0     0       34.6532   233       18.0000       User: 4     9219   92.52%
      0     0       34.6457   233       18.0000       User: 4     9255   92.48%
      0     0       34.6428   233       18.0000       User: 4     9279   92.46%
      0     0       34.6377   237       18.0000       User: 4     9310   92.43%
      0     0       34.6285   237       18.0000       User: 4     9344   92.38%
      0     0       34.6169   237       18.0000       User: 4     9382   92.32%
      0     0       34.6087   235       18.0000       User: 4     9420   92.27%
      0     0       34.6068   235       18.0000       User: 4     9434   92.26%
      0     0       34.5991   237       18.0000       User: 4     9459   92.22%
      0     0       34.5939   235       18.0000       User: 4     9490   92.19%
      0     0       34.5898   237       18.0000       User: 4     9518   92.17%
      0     0       34.5605   233       18.0000       User: 4     9587   92.00%
      0     0       34.5441   235       18.0000       User: 4     9642   91.91%
      0     0       34.5407   233       18.0000       User: 4     9669   91.89%
      0     0       34.5364   237       18.0000       User: 4     9700   91.87%
      0     0       34.5314   239       18.0000       User: 4     9722   91.84%
      0     0       34.5034   235       18.0000       User: 4     9777   91.69%
      0     0       34.5005   237       18.0000       User: 4     9798   91.67%
      0     0       34.4934   235       18.0000       User: 4     9832   91.63%
      0     0       34.4926   235       18.0000       User: 4     9844   91.63%
      0     0       34.4874   237       18.0000       User: 4     9864   91.60%
      0     0       34.4729   233       18.0000       User: 4     9904   91.52%
      0     0       34.4615   239       18.0000       User: 4     9938   91.45%
      0     0       34.4402   235       18.0000       User: 4    10008   91.33%
      0     0       34.4341   235       18.0000       User: 4    10038   91.30%
      0     0       34.4321   235       18.0000       User: 4    10050   91.29%
      0     0       34.3791   237       18.0000       User: 4    10120   90.99%
      0     0       34.3753   235       18.0000       User: 4    10141   90.97%
      0     0       34.3512   237       18.0000       User: 4    10185   90.84%
      0     0       34.3409   237       18.0000       User: 4    10224   90.78%
      0     0       34.3031   231       18.0000       User: 4    10291   90.57%
      0     0       34.2970   233       18.0000       User: 4    10325   90.54%
      0     0       34.2625   231       18.0000       User: 4    10395   90.35%
      0     0       34.2381   233       18.0000       User: 4    10435   90.21%
      0     0       34.2350   235       18.0000       User: 4    10461   90.19%
      0     0       34.2274   235       18.0000       User: 4    10506   90.15%
      0     0       34.2062   229       18.0000       User: 4    10558   90.03%
      0     0       34.2062   231       18.0000       User: 4    10561   90.03%
      0     0       34.2061   231       18.0000       User: 4    10568   90.03%
      0     0       34.1619   233       18.0000       User: 4    10636   89.79%
      0     0       34.1493   237       18.0000       User: 4    10660   89.72%
      0     0       34.1198   237       18.0000       User: 4    10702   89.55%
      0     0       34.1141   235       18.0000       User: 4    10739   89.52%
      0     0       34.1091   239       18.0000       User: 4    10766   89.49%
      0     0       34.1020   233       18.0000       User: 4    10797   89.46%
      0     0       34.0581   237       18.0000       User: 4    10872   89.21%
      0     0       34.0558   237       18.0000       User: 4    10890   89.20%
      0     0       34.0484   239       18.0000       User: 4    10920   89.16%
      0     0       34.0481   237       18.0000       User: 4    10926   89.16%
      0     0       34.0440   237       18.0000       User: 4    10946   89.13%
      0     0       34.0422   235       18.0000       User: 4    10974   89.12%
      0     0       34.0387   237       18.0000       User: 4    11016   89.10%
      0     0       34.0247   241       18.0000       User: 4    11050   89.03%
      0     0       34.0246   241       18.0000       User: 4    11054   89.03%
      0     0       34.0181   241       18.0000       User: 4    11074   88.99%
      0     0       34.0008   239       18.0000       User: 4    11113   88.89%
      0     0       33.9955   237       18.0000       User: 4    11144   88.86%
      0     0       33.9952   239       18.0000       User: 4    11159   88.86%
      0     0       33.9918   239       18.0000       User: 4    11182   88.84%
      0     0       33.9792   239       18.0000       User: 4    11211   88.77%
      0     0       33.9541   239       18.0000       User: 4    11276   88.63%
      0     0       33.9442   237       18.0000       User: 4    11309   88.58%
      0     0       33.9218   239       18.0000       User: 4    11354   88.45%
      0     0       33.9161   239       18.0000       User: 4    11375   88.42%
      0     0       33.8846   239       18.0000       User: 4    11427   88.25%
      0     0       33.8787   239       18.0000       User: 4    11457   88.21%
      0     0       33.8777   241       18.0000       User: 4    11472   88.21%
      0     0       33.8770   241       18.0000       User: 4    11488   88.21%
      0     0       33.8768   241       18.0000       User: 4    11500   88.20%
      0     2       33.8768   241       18.0000       33.8761    11500   88.20%                        0             0
Elapsed real time =  17.89 sec. (tree size =  0.00 MB, solutions = 9)
      1     3       33.6024   236       18.0000       33.8684    12028   88.16%            id54 D      1      0      1
      2     4       29.1247   178       18.0000       33.6017    14682   86.68%            id54 U      2      0      1
      3     5       33.1742   234       18.0000       33.5940    15246   86.63%           id174 D      3      1      2
      5     7       28.6079   183       18.0000       33.5940    18016   86.63%            id40 U      5      3      3
      7     9       29.0019   188       18.0000       33.5940    20683   86.63%            id86 U      7      4      4
     10    12       32.0004   226       18.0000       33.5940    22682   86.63%           id206 D     10      9      7
     13    15       31.7366   228       18.0000       33.5940    24984   86.63%            id62 D     13     12      9
     17    19       28.3647   175       18.0000       33.5940    27779   86.63%           id160 U     17     15     12
     19    21       27.2381   171       18.0000       33.5940    30181   86.63%           id229 U     19     16     13
     30    32       30.1219   218       18.0000       33.5940    36271   86.63%           id144 D     30     28     22
Elapsed real time =  24.32 sec. (tree size =  0.13 MB, solutions = 9)
     45    47       26.1771   160       18.0000       33.5940    43748   86.63%           id147 U     45     42     32
     57    59       27.8886   194       18.0000       33.5940    48742   86.63%           id103 D     57     56     42
     73    75       26.2021   186       18.0000       33.5940    55211   86.63%            id58 D     73     71     54
     94    96       24.5846   165       18.0000       33.5940    59220   86.63%             id8 D     94     92     70
    119   121       22.2148   148       18.0000       33.5940    63420   86.63%           id148 D    119    118     90
    145   139       19.8593   127       18.0000       33.5940    66713   86.63%           id100 D    145    144    110
    166   153       25.7240   150       18.0000       32.7040    71027   81.69%           id233 U    166    164      8
    189   176       25.2853   159       18.0000       32.7040    74983   81.69%            id71 D    189    188     29
    212   193       26.6351   169       18.0000       32.5362    79250   80.76%           id198 U    212      6      5
    231   212       23.7708   149       18.0000       32.5362    82353   80.76%           id114 D    231    230     24
Elapsed real time =  42.94 sec. (tree size =  9.70 MB, solutions = 9)
    261   242       20.2350   118       18.0000       32.5362    85587   80.76%            id29 D    261    260     54
    282   259       27.0959   177       18.0000       31.9999    89564   77.78%            id11 D    282    281     13
    314   291       23.0163   147       18.0000       31.9999    95107   77.78%            id96 D    314    313     45
    350   325       19.0450   109       18.0000       31.9999    99518   77.78%            id69 D    350    349     81
    366   339       24.5030   158       18.0000       31.9165   104390   77.31%           id158 D    366    365     22
    397   370       20.6942   123       18.0000       31.9165   109098   77.31%           id199 D    397    396     53
    416   385       27.8464   182       18.0000       31.7336   113091   76.30%            id22 D    416    415     12
    433   402       25.6900   169       18.0000       31.7336   116706   76.30%           id176 D    433    432     26
    459   426       19.8355   100       18.0000       31.7336   119368   76.30%           id232 D    459    458     47
    480   440       25.1003   166       18.0000       31.5638   122310   75.35%           id111 D    480    479     20
Elapsed real time =  63.59 sec. (tree size = 17.77 MB, solutions = 9)
    515   475       21.2942   132       18.0000       31.5638   125435   75.35%            id60 D    515    514     55
    540   496       26.7429   173       18.0000       31.1376   128857   72.99%           id205 U    540     14     11
    566   522       23.3343   143       18.0000       31.1376   131448   72.99%           id194 D    566    565     37
    607   559       27.1122   173       18.0000       30.9344   134758   71.86%            id88 U    607     18     14
    640   592       22.4355   139       18.0000       30.9344   137712   71.86%           id186 D    640    639     47
    672   620       24.6502   162       18.0000       30.8570   141051   71.43%            id28 D    672    671     24
    703   651       19.5367   109       18.0000       30.8570   143971   71.43%           id109 D    703    702     55
    714   658       24.4501   159       18.0000       30.7403   146883   70.78%           id104 D    714    713     19
    732   676       19.6460    96       18.0000       30.7403   150509   70.78%           id190 U    732    730     34
    748   690       20.2826   107       18.0000       30.7403   153679   70.78%           id230 D    748    747     47
Elapsed real time =  84.42 sec. (tree size = 32.78 MB, solutions = 9)
    769   707       25.5044   163       18.0000       30.5035   156971   69.46%           id216 D    769    768     22
    795   733       22.2274   141       18.0000       30.5035   160590   69.46%           id180 D    795    794     48
    825   759       24.9590   159       18.0000       30.4278   164083   69.04%            id45 U    825     24     19
    857   791       20.7952   127       18.0000       30.4278   167224   69.04%           id173 D    857    856     51
    896   826       22.4261   139       18.0000       30.2599   170347   68.11%            id79 D    896    895     40
    929   855       24.8698   157       18.0000       30.1146   173747   67.30%            id27 D    929    928     25
    952   878       21.8020   132       18.0000       30.1146   176971   67.30%            id79 D    952    951     48
    980   902       23.4857   136       18.0000       29.7755   180291   65.42%            id97 U    980    978     25
    990   912       22.5121   131       18.0000       29.7755   183549   65.42%           id216 D    990    989     32
   1022   936       25.3908   163       18.0000       29.6583   186351   64.77%           id104 D   1022   1021     28
Elapsed real time = 106.80 sec. (tree size = 48.81 MB, solutions = 9)
   1057   971       20.4937   128       18.0000       29.6583   189290   64.77%           id221 D   1057   1056     63
   1085   996       23.8388   154       18.0000       29.6455   191954   64.70%            id33 D   1085   1084     39
   1111  1022       20.5420   101       18.0000       29.6455   195154   64.70%            id70 U   1111   1110     65
   1128  1035       24.9258   155       18.0000       29.5494   198829   64.16%           id232 U   1128     37     28
   1143  1046       24.8031   154       18.0000       29.3345   202652   62.97%           id180 U   1143     39     30
   1169  1072       20.7244   128       18.0000       29.3345   205553   62.97%            id31 D   1169   1168     56
   1192  1091       23.8375   130       18.0000       29.3338   208401   62.97%           id104 U   1192   1190     13
   1209  1108       22.0508   118       18.0000       29.3338   210613   62.97%           id194 D   1209   1207     26
   1234  1126       24.0978   145       18.0000       29.1146   213131   61.75%           id104 D   1234   1233      9
   1268  1160       19.6937   109       18.0000       29.1146   215972   61.75%            id38 D   1268   1267     43
Elapsed real time = 129.62 sec. (tree size = 63.98 MB, solutions = 9)
*  1280+  823                           20.0000       29.1101   217151   45.55%
   1291   836       25.8930   170       20.0000       29.1101   218130   45.55%            id85 D   1291   1290     16
   1315   860       22.7910   145       20.0000       29.1101   220490   45.55%            id94 D   1315   1314     40
   1330   872       22.4432   118       20.0000       29.0016   222978   45.01%           id144 D   1330   1329      3
   1357   895       25.8827   172       20.0000       28.9974   225664   44.99%           id232 D   1357   1356     21
   1373   911       23.7419   156       20.0000       28.9974   227128   44.99%           id212 D   1373   1372     37
   1396   933       21.0366   132       20.0000       28.9974   228846   44.99%           id156 D   1396   1395     60
   1410   945       23.2267   128       20.0000       28.8150   231494   44.07%           id158 D   1410   1409     15
   1431   962       21.0189    97       20.0000       28.8150   233873   44.07%           id167 D   1431   1430     34
   1445   972       22.1811   139       20.0000       28.7762   236512   43.88%            id47 D   1445   1444     46
   1464   987       22.8019   125       20.0000       28.6434   238764   43.22%            id97 D   1464   1463     15
Elapsed real time = 151.98 sec. (tree size = 58.45 MB, solutions = 10)
   1484  1003       22.6376   146       20.0000       28.6302   241321   43.15%            id11 D   1484   1483     44
   1505  1020       22.2757   121       20.0000       28.6077   243704   43.04%           id206 D   1505   1504     14
   1520  1031       26.8500   178       20.0000       28.6074   245516   43.04%            id72 D   1520   1519      8
   1541  1041       23.2046   124       20.0000       28.5693   248342   42.85%           id205 U   1541      5      4
   1564  1061       23.2563   131       20.0000       28.5494   250830   42.75%            id72 D   1564   1563     11
   1591  1084       22.7952   138       20.0000       28.5014   253192   42.51%            id15 D   1591   1590     45
   1609  1098       24.0166   130       20.0000       28.4699   255711   42.35%           id104 D   1609   1608     12
   1630  1115       24.8727   151       20.0000       28.4452   258747   42.23%           id205 D   1630   1629     11
   1649  1132       22.0483   115       20.0000       28.4452   261134   42.23%           id158 D   1649   1648     26
   1671  1144       23.8376   153       20.0000       28.3646   263935   41.82%            id85 D   1671   1670     44
Elapsed real time = 175.21 sec. (tree size = 72.70 MB, solutions = 10)
   1694  1163       27.0715   176       20.0000       28.3642   266729   41.82%           id232 D   1694     17     13
   1711  1180       21.6592   113       20.0000       28.3642   269072   41.82%           id112 D   1711   1710     30
   1730  1193       23.6755   133       20.0000       28.3549   271227   41.77%           id109 D   1730   1729     23
   1749  1212       21.6771   109       20.0000       28.3549   273390   41.77%            id56 D   1749   1748     42
   1773  1232       22.9567   139       20.0000       28.3266   275861   41.63%           id111 D   1773   1772     26
   1794  1250       23.5736   151       20.0000       28.3000   278648   41.50%           id114 D   1794   1793     41
   1814  1264       23.6717   128       20.0000       28.2595   282067   41.30%            id72 U   1814    161      5
   1835  1281       23.5348   147       20.0000       28.1821   284229   40.91%            id60 U   1835     54     40
   1854  1296       25.6634   152       20.0000       28.1593   286883   40.80%           id194 U   1854    162      6
   1867  1309       23.8939   138       20.0000       28.1593   289535   40.80%            id40 D   1867   1866     19
Elapsed real time = 199.45 sec. (tree size = 87.47 MB, solutions = 10)
   1880  1322       22.3741   124       20.0000       28.1593   291048   40.80%           id112 D   1880   1879     32
   1896  1334       23.5717   151       20.0000       28.1192   293567   40.60%            id66 U   1896     55     41
   1916  1350       23.1528   126       20.0000       28.0434   296116   40.22%            id22 D   1916   1915      4
   1944  1374       23.6095   146       20.0000       28.0322   298511   40.16%            id38 D   1944   1943     21
   1972  1398       25.1940   145       20.0000       28.0149   300921   40.07%            id88 D   1972   1971      7
   2000  1422       23.5441   147       20.0000       28.0141   303374   40.07%           id103 U   2000     56     42
   2019  1437       24.7253   146       20.0000       28.0115   306045   40.06%           id192 D   2019   2018     16
   2044  1462       21.0522   122       20.0000       28.0115   309092   40.06%           id231 D   2044   2043     41
   2060  1472       23.2798   141       20.0000       27.9781   311520   39.89%            id88 D   2060   2059     18
   2149  1545       25.1981   150       20.0000       27.8450   321064   39.23%           id122 D   2149   2148      8
Elapsed real time = 229.56 sec. (tree size = 113.70 MB, solutions = 10)
   2196  1588       21.8258   117       20.0000       27.8426   328845   39.21%            id88 D   2196   2195     22
   2254  1627       23.3972   127       20.0000       27.7220   338015   38.61%           id198 D   2254   2253     11
   2344  1702       22.8717   135       20.0000       27.6590   347903   38.29%           id233 D   2344   2343     29
   2415  1761       23.2288   132       20.0000       27.5651   355933   37.83%           id192 U   2415   1343      8
   2480  1806       24.2343   146       20.0000       27.4630   363857   37.32%           id107 U   2480   1281      7
   2563  1875       21.7288   120       20.0000       27.3500   372857   36.75%            id28 D   2563   2562     19
   2642  1936       21.3647   117       20.0000       27.2614   381387   36.31%           id103 D   2642   2640     22
   2717  1995       22.7600   129       20.0000       27.2361   391033   36.18%           id149 D   2717   2716     23
   2782  2044       23.0251   124       20.0000       27.2292   398095   36.15%           id122 U   2782    418     15
   2860  2110       21.6386   127       20.0000       27.1026   406932   35.51%           id111 D   2860   2859     24
Elapsed real time = 321.61 sec. (tree size = 181.78 MB, solutions = 10)
Nodefile size = 54.78 MB (44.80 MB after compression)
   2905  2139       23.8780   136       20.0000       27.0634   415537   35.32%           id147 U   2905   1346     11
   3001  2219        cutoff             20.0000       27.0068   424182   35.03%           id176 D   3001   3000     37
   3078  2276       21.8074   137       20.0000       26.9107   433007   34.55%           id179 U   3078     65     50
   3170  2344       22.9337   122       20.0000       26.8431   442115   34.22%            id22 U   3170   1695     15
   3253  2403       23.0727   127       20.0000       26.7869   451576   33.93%           id147 U   3253    423     19
   3350  2485       21.7034   102       20.0000       26.7747   460320   33.87%            id62 U   3350   3348      8
   3402  2525       21.6298   122       20.0000       26.7522   467579   33.76%           id181 D   3402   3401     40
   3465  2572       22.4738   122       20.0000       26.7227   476846   33.61%            id22 U   3465    540     12
   3552  2648       21.8045   116       20.0000       26.6997   484672   33.50%           id212 D   3552   3551     30
   3630  2703       21.2212   115       20.0000       26.6536   492532   33.27%           id109 D   3630   3629     25
Elapsed real time = 418.40 sec. (tree size = 262.68 MB, solutions = 10)
Nodefile size = 135.27 MB (110.13 MB after compression)
   3702  2760       23.6597   139       20.0000       26.6323   500374   33.16%           id147 D   3702   3701     20
   3762  2808       24.6767   165       20.0000       26.6130   507970   33.07%            id22 D   3762   3761     22
   3853  2887       22.2296   141       20.0000       26.5859   516425   32.93%            id38 D   3853   3852     48
   3928  2940       21.9853   124       20.0000       26.5030   524815   32.51%           id229 U   3928   1351     16
   3994  2979       23.5286   143       20.0000       26.4180   533419   32.09%           id176 U   3994    287     19
   4056  3025       24.2326   156       20.0000       26.3881   541998   31.94%           id149 D   4056   4055     26
   4142  3095       21.4665   113       20.0000       26.3559   549853   31.78%           id229 U   4142    355     12
   4210  3139       22.7051   139       20.0000       26.2918   558102   31.46%           id149 D   4210   4209     23
   4287  3202       22.0157   129       20.0000       26.2734   565952   31.37%           id216 D   4287   4286     32
   4365  3248       21.3073   132       20.0000       26.1967   573677   30.98%            id33 D   4365   4364     66
Elapsed real time = 513.65 sec. (tree size = 339.45 MB, solutions = 10)
Nodefile size = 211.85 MB (172.06 MB after compression)
   4458  3315       22.0481   117       20.0000       26.1435   583323   30.72%           id122 U   4458    765     19
   4513  3350       21.5848   103       20.0000       26.1110   590788   30.56%           id205 U   4513   1399      7
   4601  3411       22.9097   137       20.0000       26.0723   598260   30.36%           id114 D   4601   4600     25
   4668  3460       23.1642   141       20.0000       26.0325   606132   30.16%            id85 D   4668   4666     13
   4744  3522       21.4803   119       20.0000       26.0105   613947   30.05%            id79 U   4744    290     22
   4823  3564       21.2724   118       20.0000       25.9451   621746   29.73%           id191 U   4823    766     20
   4891  3613       22.4192   121       20.0000       25.9182   629889   29.59%           id160 U   4891    431     25
   4964  3655       23.6750   146       20.0000       25.8809   637929   29.40%           id114 U   4964   1357     22
   5026  3695       21.3343   115       20.0000       25.8396   645101   29.20%           id122 U   5026    977     24
   5076  3719       21.0066   118       20.0000       25.8183   652821   29.09%           id192 D   5076   5075     27
Elapsed real time = 612.41 sec. (tree size = 417.14 MB, solutions = 10)
Nodefile size = 289.31 MB (234.56 MB after compression)
   5139  3768       21.5443   122       20.0000       25.7828   660248   28.91%           id205 D   5139   5138     27
   5204  3811       21.7938    96       20.0000       25.7238   667451   28.62%           id122 U   5204   2375      7
   5273  3868       21.3517    96       20.0000       25.7144   674238   28.57%           id208 D   5273   5272     10
   5329  3900       22.3199   131       20.0000       25.6925   681178   28.46%           id191 D   5329   5328     17
   5391  3930       23.8978   140       20.0000       25.6409   688449   28.20%           id147 D   5391   5390     23
   5479  3995       21.2348   105       20.0000       25.6125   696118   28.06%           id230 D   5479   5478     47
   5520  4011       22.4038   113       20.0000       25.5994   703011   28.00%           id207 D   5520   5519     19
   5582  4047       22.1050   134       20.0000       25.5415   710708   27.71%           id183 U   5582    294     26
   5635  4074       21.9321   120       20.0000       25.5031   717171   27.52%           id147 U   5635    769     23
   5681  4094       21.0321   111       20.0000       25.4762   724458   27.38%           id205 U   5681    435     29
Elapsed real time = 711.41 sec. (tree size = 485.58 MB, solutions = 10)
Nodefile size = 358.08 MB (289.91 MB after compression)
   5758  4142       22.8679   127       20.0000       25.4472   731563   27.24%           id191 D   5758   5757     10
   5794  4162       22.0841   124       20.0000       25.4065   738507   27.03%            id87 U   5794    296     28
   5863  4206       21.1456   116       20.0000       25.3808   745588   26.90%           id107 D   5863   5862     22
   5926  4249       22.4404   135       20.0000       25.3528   752451   26.76%            id11 D   5926   5925     25
   6000  4305       21.0403   113       20.0000       25.3328   759610   26.66%            id31 D   6000   5999     32
   6056  4334       22.4344   130       20.0000       25.3119   767026   26.56%            id66 U   6056     40     30
   6119  4386       22.4777   114       20.0000       25.2952   773321   26.48%           id149 D   6119   6118     23
   6177  4424       21.4076    96       20.0000       25.2846   781079   26.42%           id122 U   6177   1935     13
   6243  4464       21.0958   119       20.0000       25.2507   787577   26.25%            id29 D   6243   6242     43
   6298  4487        cutoff             20.0000       25.1952   794851   25.98%             id4 U   6298    297     29
Elapsed real time = 810.50 sec. (tree size = 549.87 MB, solutions = 10)
Nodefile size = 422.85 MB (341.77 MB after compression)
   6343  4511       21.4375   119       20.0000       25.1671   802396   25.84%           id176 D   6343   6342     38
   6398  4531       21.7148   128       20.0000       25.1294   809413   25.65%            id72 U   6398    772     26
   6452  4570       21.2205   119       20.0000       25.1178   815850   25.59%           id240 D   6452   6451     39
   6524  4617       22.1552   122       20.0000       25.0886   822655   25.44%           id176 D   6524   6523     27
   6572  4655       23.2620   140       20.0000       25.0738   828618   25.37%           id147 U   6572    668     21
   6631  4688       21.6136    98       20.0000       25.0502   835866   25.25%           id206 U   6631   1973      9
   6657  4680       21.6043    98       20.0000       25.0052   842880   25.03%            id27 U   6657   1859     12
   6704  4703       21.2521   112       20.0000       24.9675   849786   24.84%           id122 U   6704   3759     21
   6749  4726       21.9916   133       20.0000       24.9401   856689   24.70%           id179 D   6749   6748     31
   6811  4760       21.0403   126       20.0000       24.9142   863298   24.57%           id176 D   6811   6810     34
Elapsed real time = 912.46 sec. (tree size = 612.29 MB, solutions = 10)
Nodefile size = 484.86 MB (391.50 MB after compression)
   6851  4778        cutoff             20.0000       24.8899   869960   24.45%           id191 U   6851    879     24
   6888  4789       22.3191   122       20.0000       24.8717   876640   24.36%           id122 U   6888   1128     29
   6940  4811        cutoff             20.0000       24.8428   883143   24.21%           id103 U   6940    670     23
   6999  4853        cutoff             20.0000       24.8385   890159   24.19%           id192 U   6999   2018     16
   7045  4871       23.1254   141       20.0000       24.7990   897443   24.00%            id22 U   7045   3761     22
   7102  4914       21.9557   117       20.0000       24.7809   903665   23.90%            id97 D   7102   7101     25
   7160  4946        cutoff             20.0000       24.7733   910417   23.87%           id216 U   7160    364     21
   7215  4973        cutoff             20.0000       24.7396   917394   23.70%            id71 U   7215    302     34
   7263  5005       21.6053   108       20.0000       24.7210   923641   23.61%           id199 D   7263   7262     33
   7320  5043        cutoff             20.0000       24.7163   930631   23.58%           id158 U   7320    985     30
Elapsed real time = 1015.68 sec. (tree size = 656.46 MB, solutions = 10)
Nodefile size = 529.36 MB (426.52 MB after compression)
   7350  5055       21.3393   127       20.0000       24.6856   937226   23.43%           id179 U   7350   3488     26
   7420  5098        cutoff             20.0000       24.6721   944046   23.36%            id15 U   7420    554     26
   7473  5131        cutoff             20.0000       24.6628   950246   23.31%           id232 U   7473   2152     12
   7507  5141        cutoff             20.0000       24.6331   956249   23.17%           id158 U   7507   2381     13
   7562  5176        cutoff             20.0000       24.6223   962382   23.11%           id180 U   7562   7560     50
   7594  5192       21.1835   100       20.0000       24.5981   969070   22.99%           id182 U   7594   2153     13
   7643  5209        cutoff             20.0000       24.5690   976359   22.84%           id208 U   7643   2705     12
   7708  5242       21.0906    97       20.0000       24.5511   983560   22.76%           id229 D   7708   7707     17
   7763  5271       21.0093   115       20.0000       24.5313   990233   22.66%           id176 U   7763   1367     32
   7788  5270        cutoff             20.0000       24.4970   996819   22.48%           id111 U   7788    673     26
Elapsed real time = 1118.99 sec. (tree size = 701.53 MB, solutions = 10)
Nodefile size = 575.48 MB (463.20 MB after compression)
   7850  5315        cutoff             20.0000       24.4852  1003816   22.43%            id66 U   7850    304     36
   7903  5350       23.0790   126       20.0000       24.4666  1009959   22.33%           id231 U   7903    224     18
   7943  5376       21.0875   111       20.0000       24.4613  1015990   22.31%            id66 D   7943   7942     23
   7981  5384       21.3860   119       20.0000       24.4309  1023274   22.15%           id114 U   7981    485     26
   8029  5398       22.7496   118       20.0000       24.4075  1029756   22.04%            id47 D   8029   8028     23
   8079  5416        cutoff             20.0000       24.3835  1036554   21.92%           id191 U   8079   1368     33
   8114  5429       21.5585   127       20.0000       24.3562  1042742   21.78%           id192 D   8114   8113     39

User cuts applied:  19548

Root node processing (before b&c):
  Real time             =   17.39
Sequential b&c:
  Real time             = 1182.61
                          -------
Total (root+branch&cut) = 1200.00 sec.
Solution status = Feasible
Solution value  = 20
GAP             = 21.6753%
Heuristica 1 : 6290
Heuristica 2 : 914
A = [ 0 0 0 0 0 1 0 0 0 0 0 0 0 0 0 0 0 0 0 0 0 0 0 0 0 1 1 0 0 0 0 0 1 0 0 0 0 0 0 0 0 0 0 0 0 0 0 0 0 0 0 0 0 1 0 0 0 0 0 0 1 0 0 0 0 0 0 0 0 0 0 0 0 1 0 0 0 0 0 0 1 0 0 0 0 0 1 0 0 0 0 0 0 0 0 0 0 0 0 0 0 0 0 0 0 0 0 0 0 0 0 0 1 0 0 0 0 0 0 0 ]
B = [ 0 0 0 0 0 0 0 0 0 0 0 0 0 0 0 0 1 0 0 1 0 1 0 0 0 0 0 0 0 0 0 0 0 0 0 0 0 0 0 1 0 0 0 0 0 1 1 0 0 0 0 0 0 0 0 0 0 0 0 0 0 0 0 0 0 0 0 0 0 0 0 0 0 0 0 0 0 0 0 0 0 0 0 0 0 0 0 0 1 0 0 0 0 0 0 0 0 0 0 0 0 0 0 0 0 0 0 0 0 0 0 1 0 1 1 0 0 0 0 0 ]
