LINE 15
DIMENSOES 120 6426
N cortes 1
Found feasible solution after 0.00 sec.  Objective = 0.0000
Clique table members: 716.
MIP emphasis: balance optimality and feasibility.
MIP search method: traditional branch-and-cut.
Parallel mode: none, using 1 thread.
Root relaxation solution time =    0.06 sec.

        Nodes                                         Cuts/
   Node  Left     Objective  IInf  Best Integer    Best Bound    ItCnt     Gap         Variable B NodeID Parent  Depth

*     0+    0                            0.0000                    638     --- 
*     0+    0                            7.0000                    638     --- 
      0     0       14.7769   134        7.0000       14.7769      638  111.10%
      0     0       14.3691   134        7.0000       User: 4      854  105.27%
      0     0       14.1267   134        7.0000       User: 4     1088  101.81%
      0     0       14.0553   133        7.0000       User: 4     1236  100.79%
      0     0       13.8826   136        7.0000       User: 4     1393   98.32%
      0     0       13.6859   135        7.0000       User: 4     1568   95.51%
      0     0       13.5653   134        7.0000       User: 4     1687   93.79%
      0     0       13.4567   135        7.0000       User: 4     1825   92.24%
      0     0       13.3873   131        7.0000       User: 4     1937   91.25%
      0     0       13.3170   134        7.0000       User: 4     2064   90.24%
*     0+    0                            8.0000       13.3170     2064   66.46%
      0     0       13.2420   130        8.0000       User: 4     2181   65.53%
      0     0       13.1795   130        8.0000       User: 4     2303   64.74%
      0     0       13.1258   136        8.0000       User: 4     2409   64.07%
      0     0       13.0717   130        8.0000       User: 4     2527   63.40%
      0     0       13.0196   133        8.0000       User: 4     2638   62.74%
      0     0       12.9941   136        8.0000       User: 4     2725   62.43%
      0     0       12.9711   136        8.0000       User: 4     2807   62.14%
      0     0       12.9468   139        8.0000       User: 4     2900   61.84%
      0     0       12.9313   137        8.0000       User: 4     2983   61.64%
      0     0       12.9007   144        8.0000       User: 4     3090   61.26%
      0     0       12.8933   147        8.0000       User: 4     3156   61.17%
      0     0       12.8681   141        8.0000       User: 4     3263   60.85%
      0     0       12.8452   139        8.0000       User: 4     3349   60.57%
      0     0       12.8137   146        8.0000       User: 4     3457   60.17%
      0     0       12.7796   141        8.0000       User: 4     3567   59.74%
      0     0       12.7473   147        8.0000       User: 4     3684   59.34%
      0     0       12.7172   141        8.0000       User: 4     3791   58.96%
      0     0       12.6791   142        8.0000       User: 4     3900   58.49%
      0     0       12.6647   149        8.0000       User: 4     3966   58.31%
      0     0       12.6550   145        8.0000       User: 4     4019   58.19%
      0     0       12.6351   155        8.0000       User: 4     4102   57.94%
      0     0       12.6198   154        8.0000       User: 4     4187   57.75%
      0     0       12.6049   155        8.0000       User: 4     4264   57.56%
      0     0       12.5873   148        8.0000       User: 4     4345   57.34%
      0     0       12.5673   154        8.0000       User: 4     4437   57.09%
      0     0       12.5356   156        8.0000       User: 4     4526   56.69%
      0     0       12.5098   148        8.0000       User: 4     4633   56.37%
      0     0       12.4934   152        8.0000       User: 4     4707   56.17%
      0     0       12.4747   153        8.0000       User: 4     4785   55.93%
      0     0       12.4553   151        8.0000       User: 4     4880   55.69%
      0     0       12.4398   155        8.0000       User: 4     4961   55.50%
      0     0       12.4284   155        8.0000       User: 4     5036   55.36%
      0     0       12.4130   148        8.0000       User: 4     5095   55.16%
      0     0       12.4034   156        8.0000       User: 4     5156   55.04%
      0     0       12.3925   155        8.0000       User: 4     5235   54.91%
      0     0       12.3805   157        8.0000       User: 4     5335   54.76%
      0     0       12.3715   155        8.0000       User: 4     5402   54.64%
      0     0       12.3622   158        8.0000       User: 4     5489   54.53%
      0     0       12.3527   163        8.0000       User: 4     5555   54.41%
      0     0       12.3427   161        8.0000       User: 4     5625   54.28%
      0     0       12.3391   164        8.0000       User: 4     5674   54.24%
      0     0       12.3326   166        8.0000       User: 4     5739   54.16%
      0     0       12.3212   166        8.0000       User: 4     5814   54.02%
      0     0       12.3134   170        8.0000       User: 4     5874   53.92%
      0     0       12.2992   162        8.0000       User: 4     5946   53.74%
      0     0       12.2931   165        8.0000       User: 4     6007   53.66%
      0     0       12.2833   161        8.0000       User: 4     6097   53.54%
      0     0       12.2759   164        8.0000       User: 4     6165   53.45%
      0     0       12.2578   169        8.0000       User: 4     6267   53.22%
      0     0       12.2389   163        8.0000       User: 4     6355   52.99%
      0     0       12.2277   173        8.0000       User: 4     6443   52.85%
      0     0       12.2094   169        8.0000       User: 4     6531   52.62%
      0     0       12.2006   173        8.0000       User: 4     6607   52.51%
      0     0       12.1864   172        8.0000       User: 4     6684   52.33%
      0     0       12.1652   165        8.0000       User: 4     6798   52.06%
      0     0       12.1517   168        8.0000       User: 4     6861   51.90%
      0     0       12.1392   165        8.0000       User: 4     6924   51.74%
      0     0       12.1311   161        8.0000       User: 4     6985   51.64%
      0     0       12.1250   170        8.0000       User: 4     7059   51.56%
      0     0       12.1136   175        8.0000       User: 4     7145   51.42%
      0     0       12.1032   172        8.0000       User: 4     7229   51.29%
      0     0       12.0907   171        8.0000       User: 4     7305   51.13%
      0     0       12.0803   173        8.0000       User: 4     7395   51.00%
      0     0       12.0727   172        8.0000       User: 4     7452   50.91%
      0     0       12.0656   172        8.0000       User: 4     7520   50.82%
      0     0       12.0557   179        8.0000       User: 4     7596   50.70%
      0     0       12.0243   176        8.0000       User: 4     7721   50.30%
      0     0       12.0174   170        8.0000       User: 4     7774   50.22%
      0     0       12.0057   173        8.0000       User: 4     7843   50.07%
      0     0       12.0001   175        8.0000       User: 4     7904   50.00%
      0     0       11.9898   176        8.0000       User: 4     7975   49.87%
      0     0       11.9808   179        8.0000       User: 4     8025   49.76%
      0     0       11.9743   180        8.0000       User: 4     8081   49.68%
      0     0       11.9637   182        8.0000       User: 4     8172   49.55%
      0     0       11.9528   179        8.0000       User: 4     8243   49.41%
      0     0       11.9448   187        8.0000       User: 4     8317   49.31%
      0     0       11.9333   180        8.0000       User: 4     8400   49.17%
      0     0       11.9246   180        8.0000       User: 4     8489   49.06%
      0     0       11.9053   179        8.0000       User: 4     8569   48.82%
      0     0       11.8963   176        8.0000       User: 4     8630   48.70%
      0     0       11.8821   181        8.0000       User: 4     8695   48.53%
      0     0       11.8729   183        8.0000       User: 4     8783   48.41%
      0     0       11.8648   171        8.0000       User: 4     8862   48.31%
      0     0       11.8591   182        8.0000       User: 4     8911   48.24%
      0     0       11.8555   180        8.0000       User: 4     8950   48.19%
      0     0       11.8532   187        8.0000       User: 4     8986   48.16%
      0     0       11.8493   190        8.0000       User: 4     9052   48.12%
      0     0       11.8430   185        8.0000       User: 4     9124   48.04%
      0     0       11.8301   190        8.0000       User: 4     9221   47.88%
      0     0       11.8117   183        8.0000       User: 4     9321   47.65%
      0     0       11.8017   184        8.0000       User: 4     9403   47.52%
      0     0       11.7919   184        8.0000       User: 4     9484   47.40%
      0     0       11.7825   177        8.0000       User: 4     9563   47.28%
      0     0       11.7700   178        8.0000       User: 4     9656   47.12%
      0     0       11.7620   182        8.0000       User: 4     9713   47.03%
      0     0       11.7573   184        8.0000       User: 4     9763   46.97%
      0     0       11.7504   181        8.0000       User: 4     9840   46.88%
      0     0       11.7411   188        8.0000       User: 4     9907   46.76%
      0     0       11.7276   177        8.0000       User: 4    10000   46.60%
      0     0       11.7176   183        8.0000       User: 4    10080   46.47%
      0     0       11.7113   187        8.0000       User: 4    10147   46.39%
      0     0       11.7031   188        8.0000       User: 4    10226   46.29%
      0     0       11.6877   185        8.0000       User: 4    10314   46.10%
      0     0       11.6715   181        8.0000       User: 4    10375   45.89%
      0     0       11.6616   186        8.0000       User: 4    10445   45.77%
      0     0       11.6478   189        8.0000       User: 4    10554   45.60%
      0     0       11.6390   192        8.0000       User: 4    10635   45.49%
      0     0       11.6295   186        8.0000       User: 4    10710   45.37%
      0     0       11.6217   183        8.0000       User: 4    10760   45.27%
      0     0       11.6129   188        8.0000       User: 4    10824   45.16%
      0     0       11.6021   191        8.0000       User: 4    10893   45.03%
      0     0       11.5935   197        8.0000       User: 4    10966   44.92%
      0     0       11.5831   196        8.0000       User: 4    11026   44.79%
      0     0       11.5691   194        8.0000       User: 4    11107   44.61%
      0     0       11.5580   194        8.0000       User: 4    11176   44.48%
      0     0       11.5513   192        8.0000       User: 4    11251   44.39%
      0     0       11.5433   192        8.0000       User: 4    11313   44.29%
      0     0       11.5258   186        8.0000       User: 4    11414   44.07%
      0     0       11.5085   195        8.0000       User: 4    11494   43.86%
      0     0       11.4945   185        8.0000       User: 4    11562   43.68%
      0     0       11.4805   186        8.0000       User: 4    11641   43.51%
      0     0       11.4717   196        8.0000       User: 4    11709   43.40%
      0     0       11.4574   193        8.0000       User: 4    11796   43.22%
      0     0       11.4386   184        8.0000       User: 4    11887   42.98%
      0     0       11.4291   193        8.0000       User: 4    11964   42.86%
      0     0       11.4171   188        8.0000       User: 4    12044   42.71%
      0     0       11.4041   196        8.0000       User: 4    12119   42.55%
      0     0       11.3902   192        8.0000       User: 4    12203   42.38%
      0     0       11.3792   191        8.0000       User: 4    12281   42.24%
      0     0       11.3696   190        8.0000       User: 4    12347   42.12%
      0     0       11.3633   196        8.0000       User: 4    12427   42.04%
      0     0       11.3541   192        8.0000       User: 4    12520   41.93%
      0     0       11.3375   191        8.0000       User: 4    12614   41.72%
      0     0       11.3315   192        8.0000       User: 4    12691   41.64%
      0     0       11.3179   185        8.0000       User: 4    12796   41.47%
      0     0       11.3146   187        8.0000       User: 4    12847   41.43%
      0     0       11.3103   191        8.0000       User: 4    12908   41.38%
      0     0       11.3038   196        8.0000       User: 4    12978   41.30%
      0     0       11.2968   196        8.0000       User: 4    13057   41.21%
      0     0       11.2897   190        8.0000       User: 4    13140   41.12%
      0     0       11.2852   197        8.0000       User: 4    13199   41.07%
      0     0       11.2806   194        8.0000       User: 4    13258   41.01%
      0     0       11.2730   194        8.0000       User: 4    13345   40.91%
      0     0       11.2679   195        8.0000       User: 4    13422   40.85%
      0     0       11.2642   201        8.0000       User: 4    13488   40.80%
      0     0       11.2582   195        8.0000       User: 4    13565   40.73%
      0     0       11.2532   200        8.0000       User: 4    13629   40.67%
      0     0       11.2449   200        8.0000       User: 4    13723   40.56%
      0     0       11.2372   200        8.0000       User: 4    13817   40.47%
      0     0       11.2313   205        8.0000       User: 4    13898   40.39%
      0     0       11.2250   196        8.0000       User: 4    13988   40.31%
      0     0       11.2190   194        8.0000       User: 4    14065   40.24%
      0     0       11.2091   198        8.0000       User: 4    14148   40.11%
      0     0       11.2033   202        8.0000       User: 4    14227   40.04%
      0     0       11.1978   197        8.0000       User: 4    14297   39.97%
      0     0       11.1920   193        8.0000       User: 4    14377   39.90%
      0     0       11.1842   192        8.0000       User: 4    14472   39.80%
      0     0       11.1801   190        8.0000       User: 4    14548   39.75%
      0     0       11.1763   202        8.0000       User: 4    14617   39.70%
      0     0       11.1718   202        8.0000       User: 4    14679   39.65%
      0     0       11.1679   195        8.0000       User: 4    14736   39.60%
      0     0       11.1619   201        8.0000       User: 4    14827   39.52%
      0     0       11.1584   199        8.0000       User: 4    14890   39.48%
      0     0       11.1567   201        8.0000       User: 4    14945   39.46%
      0     0       11.1537   200        8.0000       User: 4    15011   39.42%
      0     0       11.1514   202        8.0000       User: 4    15070   39.39%
      0     0       11.1488   203        8.0000       User: 4    15129   39.36%
      0     0       11.1451   202        8.0000       User: 4    15205   39.31%
      0     0       11.1433   204        8.0000       User: 4    15255   39.29%
      0     0       11.1361   199        8.0000       User: 4    15350   39.20%
      0     0       11.1293   195        8.0000       User: 4    15416   39.12%
      0     0       11.1189   192        8.0000       User: 4    15507   38.99%
      0     0       11.1146   200        8.0000       User: 4    15569   38.93%
      0     0       11.1113   197        8.0000       User: 4    15615   38.89%
      0     0       11.1030   193        8.0000       User: 4    15691   38.79%
      0     0       11.0979   195        8.0000       User: 4    15761   38.72%
      0     0       11.0913   194        8.0000       User: 4    15826   38.64%
      0     0       11.0851   194        8.0000       User: 4    15894   38.56%
      0     0       11.0815   204        8.0000       User: 4    15966   38.52%
      0     0       11.0744   195        8.0000       User: 4    16042   38.43%
      0     0       11.0717   200        8.0000       User: 4    16095   38.40%
      0     0       11.0655   197        8.0000       User: 4    16173   38.32%
      0     0       11.0597   200        8.0000       User: 4    16244   38.25%
      0     0       11.0492   203        8.0000       User: 4    16338   38.12%
      0     0       11.0442   201        8.0000       User: 4    16399   38.05%
      0     0       11.0403   198        8.0000       User: 4    16452   38.00%
      0     0       11.0322   203        8.0000       User: 4    16540   37.90%
      0     0       11.0270   195        8.0000       User: 4    16602   37.84%
      0     0       11.0239   202        8.0000       User: 4    16654   37.80%
      0     0       11.0159   208        8.0000       User: 4    16758   37.70%
      0     0       11.0109   202        8.0000       User: 4    16822   37.64%
      0     0       11.0079   204        8.0000       User: 4    16883   37.60%
      0     0       11.0042   204        8.0000       User: 4    16938   37.55%
      0     0       10.9989   209        8.0000       User: 4    16990   37.49%
      0     0       10.9959   204        8.0000       User: 4    17054   37.45%
      0     0       10.9932   207        8.0000       User: 4    17108   37.41%
      0     0       10.9882   202        8.0000       User: 4    17167   37.35%
      0     0       10.9843   201        8.0000       User: 4    17212   37.30%
      0     0       10.9787   205        8.0000       User: 4    17283   37.23%
      0     0       10.9749   205        8.0000       User: 4    17337   37.19%
      0     0       10.9709   202        8.0000       User: 4    17386   37.14%
      0     0       10.9667   202        8.0000       User: 4    17460   37.08%
      0     0       10.9616   200        8.0000       User: 4    17526   37.02%
      0     0       10.9547   202        8.0000       User: 4    17586   36.93%
      0     0       10.9512   200        8.0000       User: 4    17654   36.89%
      0     0       10.9486   203        8.0000       User: 4    17706   36.86%
      0     0       10.9430   201        8.0000       User: 4    17772   36.79%
      0     0       10.9361   205        8.0000       User: 4    17837   36.70%
      0     0       10.9300   203        8.0000       User: 4    17890   36.62%
      0     0       10.9178   204        8.0000       User: 4    17963   36.47%
      0     0       10.9098   201        8.0000       User: 4    18039   36.37%
      0     0       10.9018   202        8.0000       User: 4    18114   36.27%
      0     0       10.8905   209        8.0000       User: 4    18204   36.13%
      0     0       10.8803   202        8.0000       User: 4    18287   36.00%
      0     0       10.8712   203        8.0000       User: 4    18356   35.89%
      0     0       10.8651   208        8.0000       User: 4    18420   35.81%
      0     0       10.8590   201        8.0000       User: 4    18488   35.74%
      0     0       10.8516   195        8.0000       User: 4    18566   35.64%
      0     0       10.8421   200        8.0000       User: 4    18666   35.53%
      0     0       10.8305   202        8.0000       User: 4    18757   35.38%
      0     0       10.8232   197        8.0000       User: 4    18850   35.29%
      0     0       10.8134   194        8.0000       User: 4    18927   35.17%
      0     0       10.8087   201        8.0000       User: 4    18986   35.11%
      0     0       10.8051   201        8.0000       User: 4    19048   35.06%
      0     0       10.8030   200        8.0000       User: 4    19098   35.04%
      0     0       10.7981   202        8.0000       User: 4    19167   34.98%
      0     0       10.7947   199        8.0000       User: 4    19223   34.93%
      0     0       10.7926   199        8.0000       User: 4    19281   34.91%
      0     0       10.7881   204        8.0000       User: 4    19347   34.85%
      0     0       10.7787   204        8.0000       User: 4    19444   34.73%
      0     0       10.7746   205        8.0000       User: 4    19519   34.68%
      0     0       10.7698   204        8.0000       User: 4    19590   34.62%
      0     0       10.7656   202        8.0000       User: 4    19659   34.57%
      0     0       10.7600   209        8.0000       User: 4    19755   34.50%
      0     0       10.7556   205        8.0000       User: 4    19841   34.45%
      0     0       10.7524   207        8.0000       User: 4    19935   34.40%
      0     0       10.7487   208        8.0000       User: 4    20022   34.36%
      0     0       10.7454   213        8.0000       User: 4    20070   34.32%
      0     0       10.7416   207        8.0000       User: 4    20159   34.27%
      0     0       10.7377   206        8.0000       User: 4    20235   34.22%
      0     0       10.7326   203        8.0000       User: 4    20318   34.16%
      0     0       10.7292   203        8.0000       User: 4    20387   34.11%
      0     0       10.7251   199        8.0000       User: 4    20457   34.06%
      0     0       10.7201   210        8.0000       User: 4    20551   34.00%
      0     0       10.7160   211        8.0000       User: 4    20631   33.95%
      0     0       10.7126   209        8.0000       User: 4    20694   33.91%
      0     0       10.7074   206        8.0000       User: 4    20774   33.84%
      0     0       10.7055   206        8.0000       User: 4    20830   33.82%
      0     0       10.7035   201        8.0000       User: 4    20882   33.79%
      0     0       10.6982   210        8.0000       User: 4    20958   33.73%
      0     0       10.6961   213        8.0000       User: 4    21012   33.70%
      0     0       10.6939   216        8.0000       User: 4    21062   33.67%
      0     0       10.6915   213        8.0000       User: 4    21117   33.64%
      0     0       10.6883   209        8.0000       User: 4    21177   33.60%
      0     0       10.6856   211        8.0000       User: 4    21241   33.57%
      0     0       10.6826   212        8.0000       User: 4    21312   33.53%
      0     0       10.6797   214        8.0000       User: 4    21367   33.50%
      0     0       10.6779   205        8.0000       User: 4    21428   33.47%
      0     0       10.6752   210        8.0000       User: 4    21475   33.44%
      0     0       10.6734   212        8.0000       User: 4    21519   33.42%
      0     0       10.6722   214        8.0000       User: 4    21552   33.40%
      0     0       10.6705   213        8.0000       User: 4    21600   33.38%
      0     0       10.6673   217        8.0000       User: 4    21686   33.34%
      0     0       10.6661   220        8.0000       User: 4    21733   33.33%
      0     0       10.6647   218        8.0000       User: 4    21774   33.31%
      0     0       10.6619   222        8.0000       User: 4    21828   33.27%
      0     0       10.6544   215        8.0000       User: 4    21904   33.18%
      0     0       10.6509   212        8.0000       User: 4    21964   33.14%
      0     0       10.6488   220        8.0000       User: 4    22033   33.11%
      0     0       10.6460   218        8.0000       User: 4    22091   33.07%
      0     0       10.6396   213        8.0000       User: 4    22160   33.00%
      0     0       10.6346   213        8.0000       User: 4    22220   32.93%
      0     0       10.6315   215        8.0000       User: 4    22272   32.89%
      0     0       10.6258   215        8.0000       User: 4    22334   32.82%
      0     0       10.6195   218        8.0000       User: 4    22401   32.74%
      0     0       10.6166   220        8.0000       User: 4    22451   32.71%
      0     0       10.6124   214        8.0000       User: 4    22521   32.65%
      0     0       10.6076   219        8.0000       User: 4    22572   32.60%
      0     0       10.6021   216        8.0000       User: 4    22637   32.53%
      0     0       10.5993   217        8.0000       User: 4    22685   32.49%
      0     0       10.5976   219        8.0000       User: 4    22720   32.47%
      0     0       10.5919   216        8.0000       User: 4    22785   32.40%
      0     0       10.5876   211        8.0000       User: 4    22851   32.35%
      0     0       10.5820   213        8.0000       User: 4    22916   32.27%
      0     0       10.5793   215        8.0000       User: 4    22962   32.24%
      0     0       10.5768   223        8.0000       User: 4    23029   32.21%
      0     0       10.5749   220        8.0000       User: 4    23086   32.19%
      0     0       10.5715   223        8.0000       User: 4    23158   32.14%
      0     0       10.5699   216        8.0000       User: 4    23195   32.12%
      0     0       10.5669   213        8.0000       User: 4    23261   32.09%
      0     0       10.5571   214        8.0000       User: 4    23361   31.96%
      0     0       10.5515   215        8.0000       User: 4    23437   31.89%
      0     0       10.5471   216        8.0000       User: 4    23499   31.84%
      0     0       10.5352   211        8.0000       User: 4    23578   31.69%
      0     0       10.5259   211        8.0000       User: 4    23645   31.57%
      0     0       10.5210   218        8.0000       User: 4    23702   31.51%
      0     0       10.5156   216        8.0000       User: 4    23753   31.44%
      0     0       10.5086   214        8.0000       User: 4    23841   31.36%
      0     0       10.5052   214        8.0000       User: 4    23905   31.31%
      0     0       10.4990   213        8.0000       User: 4    23972   31.24%
      0     0       10.4916   208        8.0000       User: 4    24055   31.15%
      0     0       10.4853   209        8.0000       User: 4    24145   31.07%
      0     0       10.4815   207        8.0000       User: 4    24203   31.02%
      0     0       10.4743   208        8.0000       User: 4    24249   30.93%
      0     0       10.4694   209        8.0000       User: 4    24314   30.87%
      0     0       10.4668   208        8.0000       User: 4    24366   30.83%
      0     0       10.4626   208        8.0000       User: 4    24442   30.78%
      0     0       10.4611   208        8.0000       User: 4    24481   30.76%
      0     0       10.4573   211        8.0000       User: 4    24548   30.72%
      0     0       10.4508   209        8.0000       User: 4    24623   30.64%
      0     0       10.4456   212        8.0000       User: 4    24699   30.57%
      0     0       10.4414   212        8.0000       User: 4    24762   30.52%
      0     0       10.4378   214        8.0000       User: 4    24826   30.47%
      0     0       10.4328   207        8.0000       User: 4    24924   30.41%
      0     0       10.4276   214        8.0000       User: 4    25008   30.35%
      0     0       10.4248   213        8.0000       User: 4    25066   30.31%
      0     0       10.4230   212        8.0000       User: 4    25106   30.29%
      0     0       10.4213   208        8.0000       User: 4    25139   30.27%
      0     0       10.4181   212        8.0000       User: 4    25201   30.23%
      0     0       10.4136   214        8.0000       User: 4    25256   30.17%
      0     0       10.4101   216        8.0000       User: 4    25310   30.13%
      0     0       10.4076   217        8.0000       User: 4    25358   30.09%
      0     0       10.4053   217        8.0000       User: 4    25422   30.07%
      0     0       10.4023   208        8.0000       User: 4    25485   30.03%
      0     0       10.4012   213        8.0000       User: 4    25525   30.02%
      0     0       10.4000   210        8.0000       User: 4    25571   30.00%
      0     0       10.3987   218        8.0000       User: 4    25613   29.98%
      0     0       10.3967   213        8.0000       User: 4    25659   29.96%
      0     0       10.3954   218        8.0000       User: 4    25693   29.94%
      0     0       10.3939   218        8.0000       User: 4    25732   29.92%
      0     0       10.3916   214        8.0000       User: 4    25781   29.89%
      0     0       10.3907   219        8.0000       User: 4    25825   29.88%
      0     0       10.3898   223        8.0000       User: 4    25865   29.87%
      0     0       10.3886   222        8.0000       User: 4    25908   29.86%
      0     0       10.3878   220        8.0000       User: 4    25958   29.85%
      0     0       10.3866   220        8.0000       User: 4    26009   29.83%
      0     0       10.3850   220        8.0000       User: 4    26051   29.81%
      0     0       10.3835   219        8.0000       User: 4    26103   29.79%
      0     0       10.3816   219        8.0000       User: 4    26157   29.77%
      0     0       10.3789   217        8.0000       User: 4    26219   29.74%
      0     0       10.3763   216        8.0000       User: 4    26276   29.70%
      0     0       10.3741   213        8.0000       User: 4    26327   29.68%
      0     0       10.3705   213        8.0000       User: 4    26383   29.63%
      0     0       10.3699   219        8.0000       User: 4    26410   29.62%
      0     0       10.3687   215        8.0000       User: 4    26450   29.61%
      0     0       10.3677   218        8.0000       User: 4    26496   29.60%
      0     0       10.3664   222        8.0000       User: 4    26529   29.58%
      0     0       10.3657   219        8.0000       User: 4    26565   29.57%
      0     0       10.3648   223        8.0000       User: 4    26596   29.56%
      0     0       10.3637   223        8.0000       User: 4    26622   29.55%
      0     0       10.3622   224        8.0000       User: 4    26654   29.53%
      0     0       10.3612   220        8.0000       User: 4    26685   29.51%
      0     0       10.3602   220        8.0000       User: 2    26715   29.50%
      0     0       10.3588   218        8.0000       User: 2    26745   29.49%
      0     0       10.3578   219        8.0000       User: 2    26770   29.47%
      0     0       10.3563   217        8.0000       User: 2    26788   29.45%
      0     0       10.3549   220        8.0000       User: 2    26821   29.44%
      0     0       10.3545   218        8.0000       User: 2    26834   29.43%
      0     0       10.3528   219        8.0000       User: 2    26853   29.41%
      0     0       10.3488   219        8.0000       User: 2    26892   29.36%
      0     0       10.3481   221        8.0000       User: 2    26908   29.35%
      0     0       10.3464   219        8.0000       User: 2    26947   29.33%
      0     0       10.3451   220        8.0000       User: 2    26975   29.31%
      0     0       10.3437   218        8.0000       User: 2    27003   29.30%
      0     0       10.3432   218        8.0000       User: 2    27019   29.29%
      0     0       10.3432   218        8.0000       User: 2    27023   29.29%
      0     0       10.3425   218        8.0000       User: 2    27039   29.28%
      0     0       10.3424   219        8.0000       User: 2    27051   29.28%
      0     0       10.3414   218        8.0000       User: 2    27074   29.27%
      0     0       10.3404   220        8.0000       User: 2    27101   29.26%
      0     0       10.3400   217        8.0000       User: 2    27125   29.25%
      0     0       10.3387   221        8.0000       User: 2    27154   29.23%
      0     0       10.3346   221        8.0000       User: 2    27192   29.18%
      0     0       10.3314   221        8.0000       User: 2    27236   29.14%
      0     0       10.3275   217        8.0000       User: 2    27268   29.09%
      0     0       10.3240   217        8.0000       User: 2    27298   29.05%
      0     0       10.3231   219        8.0000       User: 2    27323   29.04%
      0     0       10.3158   216        8.0000       User: 2    27373   28.95%
      0     0       10.3137   218        8.0000       User: 2    27400   28.92%
      0     0       10.3110   218        8.0000       User: 2    27428   28.89%
      0     0       10.3067   222        8.0000       User: 2    27465   28.83%
      0     0       10.3024   218        8.0000       User: 2    27504   28.78%
      0     0       10.2994   218        8.0000       User: 2    27533   28.74%
      0     0       10.2985   217        8.0000       User: 2    27548   28.73%
      0     0       10.2960   217        8.0000       User: 2    27574   28.70%
      0     0       10.2948   218        8.0000       User: 2    27601   28.68%
      0     0       10.2943   218        8.0000       User: 2    27616   26.15%
      0     0       10.2934   217        8.0000       User: 2    27645   26.15%
      0     0       10.2889   219        8.0000       User: 2    27681   26.15%
      0     0       10.2873   218        8.0000       User: 2    27719   26.15%
      0     0       10.2870   219        8.0000       User: 2    27737   26.15%
      0     0       10.2858   217        8.0000       User: 2    27768   26.15%
      0     0       10.2853   220        8.0000       User: 2    27783   26.15%
      0     0       10.2846   222        8.0000       User: 2    27807   26.15%
      0     0       10.2841   221        8.0000       User: 2    27821   26.15%
      0     0       10.2838   222        8.0000       User: 2    27834   26.15%
      0     0       10.2827   218        8.0000       User: 2    27851   26.15%
      0     0       10.2822   218        8.0000       User: 2    27868   26.15%
      0     0       10.2817   220        8.0000       User: 2    27889   26.15%
      0     0       10.2811   218        8.0000       User: 2    27908   26.15%
      0     0       10.2769   221        8.0000       User: 2    27949   26.15%
      0     0       10.2761   219        8.0000       User: 2    27961   26.15%
      0     0       10.2760   218        8.0000       User: 2    27969   26.15%
      0     0       10.2759   219        8.0000       User: 2    27976   26.15%
      0     0       10.2756   219        8.0000       User: 2    27985   26.15%
      0     0       10.2739   218        8.0000       User: 2    28015   26.15%
      0     0       10.2734   223        8.0000       User: 2    28037   26.15%
      0     0       10.2729   222        8.0000       User: 2    28050   26.15%
      0     0       10.2720   221        8.0000       User: 2    28071   26.15%
      0     0       10.2715   219        8.0000       User: 2    28084   26.15%
      0     0       10.2705   219        8.0000       User: 2    28112   26.15%
      0     0       10.2688   219        8.0000       User: 2    28139   26.15%
      0     0       10.2679   218        8.0000       User: 2    28163   26.15%
      0     0       10.2663   217        8.0000       User: 2    28182   26.15%
      0     0       10.2656   219        8.0000       User: 2    28195   26.15%
      0     0       10.2652   220        8.0000       User: 2    28203   26.15%
      0     0       10.2652   220        8.0000       User: 2    28205   26.15%
      0     0       10.2647   220        8.0000       User: 2    28222   26.15%
      0     0       10.2633   221        8.0000       User: 2    28245   26.15%
      0     0       10.2627   218        8.0000       User: 2    28266   26.15%
      0     0       10.2614   218        8.0000       User: 2    28297   26.15%
      0     0       10.2565   218        8.0000       User: 2    28347   26.15%
      0     0       10.2561   218        8.0000       User: 2    28367   26.15%
      0     0       10.2555   221        8.0000       User: 2    28379   26.15%
      0     0       10.2512   219        8.0000       User: 2    28419   26.15%
      0     0       10.2484   220        8.0000       User: 2    28468   26.15%
      0     0       10.2473   219        8.0000       User: 2    28493   26.15%
      0     0       10.2455   216        8.0000       User: 2    28537   26.15%
      0     0       10.2452   217        8.0000       User: 2    28552   26.15%
      0     0       10.2423   220        8.0000       User: 2    28596   26.15%
      0     0       10.2419   221        8.0000       User: 2    28612   26.15%
      0     0       10.2407   224        8.0000       User: 2    28639   26.15%
      0     0       10.2395   223        8.0000       User: 2    28662   26.15%
      0     0       10.2390   221        8.0000       User: 2    28681   26.15%
      0     0       10.2375   221        8.0000       User: 2    28701   26.15%
      0     0       10.2366   220        8.0000       User: 2    28717   26.15%
      0     0       10.2345   219        8.0000       User: 2    28750   26.15%
      0     0       10.2339   221        8.0000       User: 2    28771   26.15%
      0     0       10.2337   221        8.0000       User: 2    28783   26.15%
      0     0       10.2331   222        8.0000       User: 2    28800   26.15%
      0     0       10.2326   222        8.0000       User: 2    28815   26.15%
      0     0       10.2311   224        8.0000       User: 2    28841   26.15%
      0     0       10.2308   220        8.0000       User: 2    28861   26.15%
      0     0       10.2298   222        8.0000       User: 2    28889   26.15%
      0     0       10.2290   222        8.0000       User: 2    28905   26.15%
      0     0       10.2285   222        8.0000       User: 2    28925   26.15%
      0     0       10.2275   222        8.0000       User: 2    28954   26.15%
      0     0       10.2243   220        8.0000       User: 2    29000   26.15%
      0     0       10.2235   218        8.0000       User: 2    29022   26.15%
      0     0       10.2234   218        8.0000       User: 2    29028   26.15%
      0     0       10.2227   220        8.0000       User: 2    29052   26.15%
      0     0       10.2221   221        8.0000       User: 2    29086   26.15%
      0     0       10.2205   217        8.0000       User: 2    29128   26.15%
      0     0       10.2200   217        8.0000       User: 2    29153   26.15%
      0     0        cutoff              8.0000        8.0000    29181    0.00%                        0             0
Elapsed real time =  50.11 sec. (tree size =  0.00 MB, solutions = 3)

User cuts applied:  1650

Root node processing (before b&c):
  Real time             =   50.11
Sequential b&c:
  Real time             =    0.00
                          -------
Total (root+branch&cut) =   50.11 sec.
Solution status = Optimal
Solution value  = 8
GAP             = 0%
Heuristica 1 : 24
Heuristica 2 : 440
A = [ 1 0 0 0 0 0 0 1 0 0 0 0 0 0 0 0 0 1 0 0 0 0 0 0 0 0 0 0 0 0 0 0 0 0 0 0 0 0 0 0 0 0 0 1 0 0 0 0 0 0 0 0 0 0 0 0 0 0 0 0 0 0 0 0 0 0 0 0 0 0 0 0 0 0 0 0 0 0 0 0 0 0 0 0 0 0 0 0 0 0 0 0 0 0 0 0 0 0 0 0 0 0 0 0 0 0 0 0 0 0 0 0 0 0 0 0 0 0 0 0 ]
B = [ 0 0 0 1 1 0 0 0 0 0 0 0 0 0 0 0 0 0 0 0 1 0 0 0 0 0 0 0 0 0 0 0 0 0 0 0 0 0 0 0 0 0 0 0 0 0 0 0 0 0 0 0 0 0 0 0 0 0 0 0 0 0 0 0 0 0 0 0 0 0 0 0 0 0 0 0 0 0 0 0 0 0 0 0 0 0 0 0 0 0 0 0 0 1 0 0 0 0 0 0 0 0 0 0 0 0 0 0 0 0 0 0 0 0 0 0 0 0 0 0 ]
