LINE 15
DIMENSOES 120 4998
N cortes 1
Found feasible solution after 0.00 sec.  Objective = 0.0000
Clique table members: 1088.
MIP emphasis: balance optimality and feasibility.
MIP search method: traditional branch-and-cut.
Parallel mode: none, using 1 thread.
Root relaxation solution time =    0.11 sec.

        Nodes                                         Cuts/
   Node  Left     Objective  IInf  Best Integer    Best Bound    ItCnt     Gap         Variable B NodeID Parent  Depth

*     0+    0                            0.0000                    832     --- 
*     0+    0                           10.0000                    832     --- 
      0     0       27.8368   216       10.0000       27.8368      832  178.37%
      0     0       27.2625   212       10.0000       User: 4      993  172.62%
      0     0       27.0458   214       10.0000       User: 4     1134  170.46%
      0     0       26.8757   206       10.0000       User: 4     1244  168.76%
*     0+    0                           11.0000       26.8757     1244  144.32%
      0     0       26.6872   216       11.0000       User: 4     1348  142.61%
      0     0       26.5545   210       11.0000       User: 4     1447  141.40%
      0     0       26.4024   206       11.0000       User: 4     1554  140.02%
      0     0       26.1914   206       11.0000       User: 4     1657  138.10%
      0     0       26.0592   210       11.0000       User: 4     1748  136.90%
      0     0       25.8828   200       11.0000       User: 4     1860  135.30%
      0     0       25.7996   200       11.0000       User: 4     1934  134.54%
      0     0       25.6708   198       11.0000       User: 4     2060  133.37%
      0     0       25.6072   200       11.0000       User: 4     2151  132.79%
      0     0       25.5180   208       11.0000       User: 4     2274  131.98%
      0     0       25.5086   206       11.0000       User: 4     2319  131.90%
      0     0       25.4621   202       11.0000       User: 4     2400  131.47%
      0     0       25.3621   204       11.0000       User: 4     2521  130.56%
      0     0       25.3004   204       11.0000       User: 4     2620  130.00%
      0     0       25.2378   208       11.0000       User: 4     2716  129.43%
      0     0       25.1448   214       11.0000       User: 4     2829  128.59%
      0     0       25.1316   214       11.0000       User: 4     2863  128.47%
      0     0       25.0774   204       11.0000       User: 4     2950  127.98%
      0     0       25.0068   208       11.0000       User: 4     3044  127.33%
*     0+    0                           12.0000       25.0068     3044  108.39%
      0     0       24.8142   206       12.0000       User: 4     3181  106.79%
      0     0       24.8070   208       12.0000       User: 4     3212  106.73%
      0     0       24.7162   200       12.0000       User: 4     3290  105.97%
      0     0       24.6936   198       12.0000       User: 4     3343  105.78%
      0     0       24.6202   194       12.0000       User: 4     3440  105.17%
      0     0       24.5823   192       12.0000       User: 4     3505  104.85%
      0     0       24.5439   202       12.0000       User: 4     3572  104.53%
      0     0       24.4991   204       12.0000       User: 4     3668  104.16%
      0     0       24.4600   206       12.0000       User: 4     3775  103.83%
      0     0       24.4321   204       12.0000       User: 4     3859  103.60%
      0     0       24.3860   198       12.0000       User: 4     3957  103.22%
      0     0       24.3623   202       12.0000       User: 4     4038  103.02%
      0     0       24.3528   200       12.0000       User: 4     4098  102.94%
      0     0       24.3399   200       12.0000       User: 4     4144  102.83%
      0     0       24.2948   200       12.0000       User: 4     4223  102.46%
      0     0       24.2434   198       12.0000       User: 4     4342  102.03%
      0     0       24.2033   206       12.0000       User: 4     4448  101.69%
      0     0       24.1703   214       12.0000       User: 4     4561  101.42%
      0     0       24.1424   210       12.0000       User: 4     4640  101.19%
      0     0       24.0758   216       12.0000       User: 4     4769  100.63%
      0     0       24.0375   210       12.0000       User: 4     4872  100.31%
      0     0       23.9921   206       12.0000       User: 4     4964   99.93%
      0     0       23.9217   210       12.0000       User: 4     5090   99.35%
      0     0       23.9091   208       12.0000       User: 4     5156   99.24%
      0     0       23.8962   206       12.0000       User: 4     5216   99.14%
      0     0       23.8884   212       12.0000       User: 4     5278   99.07%
      0     0       23.8773   204       12.0000       User: 4     5333   98.98%
      0     0       23.8746   198       12.0000       User: 4     5365   98.96%
      0     0       23.8540   208       12.0000       User: 4     5480   98.78%
      0     0       23.8299   212       12.0000       User: 4     5590   98.58%
      0     0       23.8149   208       12.0000       User: 4     5660   98.46%
      0     0       23.7837   212       12.0000       User: 4     5753   98.20%
      0     0       23.7815   208       12.0000       User: 4     5775   98.18%
      0     0       23.7778   212       12.0000       User: 4     5817   98.15%
      0     0       23.7516   204       12.0000       User: 4     5909   97.93%
      0     0       23.7391   208       12.0000       User: 4     5974   97.83%
      0     0       23.7073   206       12.0000       User: 4     6073   97.56%
      0     0       23.6787   204       12.0000       User: 4     6168   97.32%
      0     0       23.6436   206       12.0000       User: 4     6257   97.03%
      0     0       23.6065   204       12.0000       User: 4     6386   96.72%
      0     0       23.5771   202       12.0000       User: 4     6445   96.48%
      0     0       23.5594   198       12.0000       User: 4     6503   96.33%
      0     0       23.5499   204       12.0000       User: 4     6545   96.25%
      0     0       23.5391   202       12.0000       User: 4     6592   96.16%
      0     0       23.5332   206       12.0000       User: 4     6629   96.11%
      0     0       23.5200   204       12.0000       User: 4     6696   96.00%
      0     0       23.5057   202       12.0000       User: 4     6737   95.88%
      0     0       23.4965   212       12.0000       User: 4     6788   95.80%
      0     0       23.4600   202       12.0000       User: 4     6878   95.50%
      0     0       23.4521   206       12.0000       User: 4     6932   95.43%
      0     0       23.4193   208       12.0000       User: 4     7005   95.16%
      0     0       23.3854   208       12.0000       User: 4     7052   94.88%
      0     0       23.3608   206       12.0000       User: 4     7120   94.67%
      0     0       23.3555   202       12.0000       User: 4     7161   94.63%
      0     0       23.3507   214       12.0000       User: 4     7204   94.59%
      0     0       23.3220   212       12.0000       User: 4     7311   94.35%
      0     0       23.3186   206       12.0000       User: 4     7334   94.32%
      0     0       23.3180   210       12.0000       User: 4     7350   94.32%
      0     0       23.2923   206       12.0000       User: 4     7434   94.10%
      0     0       23.2660   208       12.0000       User: 4     7507   93.88%
      0     0       23.2470   212       12.0000       User: 4     7588   93.73%
      0     0       23.2399   214       12.0000       User: 4     7637   93.67%
      0     0       23.2375   212       12.0000       User: 4     7667   93.65%
      0     0       23.2213   218       12.0000       User: 4     7738   93.51%
      0     0       23.2094   218       12.0000       User: 4     7800   93.41%
      0     0       23.1972   214       12.0000       User: 4     7854   93.31%
      0     0       23.1891   220       12.0000       User: 4     7905   93.24%
      0     0       23.1373   218       12.0000       User: 4     7990   92.81%
      0     0       23.1148   226       12.0000       User: 4     8047   92.62%
      0     0       23.0974   212       12.0000       User: 4     8101   92.48%
      0     0       23.0716   216       12.0000       User: 4     8180   92.26%
      0     0       23.0307   214       12.0000       User: 4     8271   91.92%
      0     0       23.0196   214       12.0000       User: 4     8350   91.83%
      0     0       23.0109   218       12.0000       User: 4     8410   91.76%
      0     0       23.0073   212       12.0000       User: 4     8454   91.73%
      0     0       22.9930   218       12.0000       User: 4     8516   91.61%
      0     0       22.9870   212       12.0000       User: 4     8587   91.56%
      0     0       22.9763   218       12.0000       User: 4     8662   91.47%
      0     0       22.9602   214       12.0000       User: 4     8707   91.33%
      0     0       22.9533   214       12.0000       User: 4     8753   91.28%
      0     0       22.9246   218       12.0000       User: 4     8858   91.04%
      0     0       22.9161   220       12.0000       User: 4     8928   90.97%
      0     0       22.9151   220       12.0000       User: 4     8941   90.96%
      0     0       22.9017   222       12.0000       User: 4     9010   90.85%
      0     0       22.8979   220       12.0000       User: 4     9054   90.82%
      0     0       22.8941   226       12.0000       User: 4     9090   90.78%
      0     0       22.8886   228       12.0000       User: 4     9119   90.74%
      0     0       22.8831   226       12.0000       User: 4     9167   90.69%
      0     0       22.8715   226       12.0000       User: 4     9214   90.60%
      0     0       22.8569   220       12.0000       User: 4     9271   90.47%
      0     0       22.8488   220       12.0000       User: 4     9308   90.41%
      0     0       22.8470   220       12.0000       User: 4     9326   90.39%
      0     0       22.8301   226       12.0000       User: 4     9378   90.25%
      0     0       22.7413   216       12.0000       User: 4     9496   89.51%
      0     0       22.7330   222       12.0000       User: 4     9546   89.44%
      0     0       22.7206   218       12.0000       User: 4     9600   89.34%
      0     0       22.7157   216       12.0000       User: 4     9641   89.30%
      0     0       22.6996   216       12.0000       User: 4     9708   89.16%
      0     0       22.6906   220       12.0000       User: 4     9764   89.09%
      0     0       22.6898   218       12.0000       User: 4     9777   89.08%
      0     0       22.6893   220       12.0000       User: 4     9793   89.08%
      0     0       22.6827   222       12.0000       User: 4     9834   89.02%
      0     0       22.6791   222       12.0000       User: 4     9878   88.99%
      0     0       22.6658   216       12.0000       User: 4     9958   88.88%
      0     0       22.6626   216       12.0000       User: 4     9993   88.85%
      0     0       22.6601   218       12.0000       User: 4    10025   88.83%
      0     0       22.6508   218       12.0000       User: 4    10102   88.76%
      0     0       22.6379   220       12.0000       User: 4    10197   88.65%
      0     0       22.6200   220       12.0000       User: 4    10278   88.50%
      0     0       22.6171   222       12.0000       User: 4    10311   88.48%
      0     0       22.5997   228       12.0000       User: 4    10376   88.33%
      0     0       22.5573   224       12.0000       User: 4    10473   87.98%
      0     0       22.5468   224       12.0000       User: 4    10538   87.89%
      0     0       22.5441   220       12.0000       User: 4    10581   87.87%
      0     0       22.5328   214       12.0000       User: 4    10644   87.77%
      0     0       22.5312   216       12.0000       User: 4    10682   87.76%
      0     0       22.5243   216       12.0000       User: 4    10730   87.70%
      0     0       22.5198   218       12.0000       User: 4    10773   87.66%
      0     0       22.5157   218       12.0000       User: 4    10802   87.63%
      0     0       22.4647   214       12.0000       User: 4    10918   87.21%
      0     0       22.4598   220       12.0000       User: 4    10947   87.17%
      0     0       22.4545   218       12.0000       User: 4    10995   87.12%
      0     0       22.4396   222       12.0000       User: 4    11045   87.00%
      0     0       22.4335   224       12.0000       User: 4    11092   86.95%
      0     0       22.4219   226       12.0000       User: 4    11153   86.85%
      0     0       22.4090   218       12.0000       User: 4    11195   86.74%
      0     0       22.4040   218       12.0000       User: 4    11235   86.70%
      0     0       22.4003   216       12.0000       User: 4    11266   86.67%
      0     0       22.3955   222       12.0000       User: 4    11320   86.63%
      0     0       22.3811   220       12.0000       User: 4    11408   86.51%
      0     0       22.3778   222       12.0000       User: 4    11436   86.48%
      0     0       22.3724   222       12.0000       User: 4    11489   86.44%
      0     0       22.3609   218       12.0000       User: 4    11548   86.34%
      0     0       22.3374   222       12.0000       User: 4    11586   86.14%
      0     0       22.3146   220       12.0000       User: 4    11667   85.96%
      0     0       22.3095   226       12.0000       User: 4    11710   85.91%
      0     0       22.2781   220       12.0000       User: 4    11771   85.65%
      0     0       22.2759   226       12.0000       User: 4    11801   85.63%
      0     0       22.2741   226       12.0000       User: 4    11832   85.62%
      0     0       22.2732   226       12.0000       User: 4    11848   85.61%
      0     0       22.2717   226       12.0000       User: 4    11887   85.60%
      0     0       22.2560   224       12.0000       User: 4    11971   85.47%
      0     0       22.2504   222       12.0000       User: 4    12014   85.42%
      0     0       22.2429   222       12.0000       User: 4    12064   85.36%
      0     0       22.2407   228       12.0000       User: 4    12097   85.34%
      0     0       22.2309   232       12.0000       User: 4    12177   85.26%
      0     0       22.2201   226       12.0000       User: 4    12226   85.17%
      0     0       22.2172   226       12.0000       User: 4    12270   85.14%
      0     0       22.2092   232       12.0000       User: 4    12339   85.08%
      0     0       22.2014   232       12.0000       User: 4    12374   85.01%
      0     0       22.1925   226       12.0000       User: 4    12424   84.94%
      0     0       22.1894   230       12.0000       User: 4    12462   84.91%
      0     0       22.1856   230       12.0000       User: 4    12496   84.88%
      0     0       22.1775   222       12.0000       User: 4    12540   84.81%
      0     0       22.1674   226       12.0000       User: 4    12581   84.73%
      0     0       22.1312   228       12.0000       User: 4    12705   84.43%
      0     0       22.1234   224       12.0000       User: 4    12744   84.36%
      0     0       22.1202   226       12.0000       User: 4    12784   84.33%
      0     0       22.1124   220       12.0000       User: 4    12827   84.27%
      0     0       22.1108   226       12.0000       User: 4    12862   84.26%
      0     0       22.1060   222       12.0000       User: 4    12914   84.22%
      0     0       22.1039   228       12.0000       User: 4    12950   84.20%
      0     0       22.0846   230       12.0000       User: 4    13036   84.04%
      0     0       22.0577   224       12.0000       User: 4    13097   83.81%
      0     0       22.0385   218       12.0000       User: 4    13181   83.65%
      0     0       22.0131   224       12.0000       User: 4    13273   83.44%
      0     0       22.0035   226       12.0000       User: 4    13334   83.36%
      0     0       22.0032   224       12.0000       User: 4    13345   83.36%
      0     0       21.9964   222       12.0000       User: 4    13391   83.30%
      0     0       21.9941   224       12.0000       User: 4    13420   83.28%
      0     0       21.9892   226       12.0000       User: 4    13457   83.24%
      0     0       21.9675   222       12.0000       User: 4    13551   83.06%
      0     0       21.9617   220       12.0000       User: 4    13605   83.01%
      0     0       21.9611   220       12.0000       User: 4    13648   83.01%
      0     0       21.9540   220       12.0000       User: 4    13706   82.95%
      0     0       21.9423   230       12.0000       User: 4    13793   82.85%
      0     0       21.9379   228       12.0000       User: 4    13835   82.82%
      0     0       21.9363   226       12.0000       User: 4    13852   82.80%
      0     0       21.9271   228       12.0000       User: 4    13936   82.73%
      0     0       21.9185   222       12.0000       User: 4    14011   82.65%
      0     0       21.9087   228       12.0000       User: 4    14067   82.57%
      0     0       21.9022   234       12.0000       User: 4    14136   82.52%
      0     0       21.8980   230       12.0000       User: 4    14170   82.48%
      0     0       21.8899   232       12.0000       User: 4    14258   82.42%
      0     0       21.8876   228       12.0000       User: 4    14294   82.40%
      0     0       21.8787   234       12.0000       User: 4    14337   82.32%
      0     0       21.8756   236       12.0000       User: 4    14367   82.30%
      0     0       21.8529   228       12.0000       User: 4    14436   82.11%
      0     0       21.8474   230       12.0000       User: 4    14478   82.06%
      0     0       21.8422   232       12.0000       User: 4    14516   82.02%
      0     0       21.8382   230       12.0000       User: 4    14555   81.99%
      0     0       21.8303   230       12.0000       User: 4    14605   81.92%
      0     0       21.8133   226       12.0000       User: 4    14702   81.78%
      0     0       21.8087   226       12.0000       User: 4    14751   81.74%
      0     0       21.8066   226       12.0000       User: 4    14785   81.72%
      0     0       21.8062   228       12.0000       User: 4    14792   81.72%
      0     0       21.8050   226       12.0000       User: 4    14803   81.71%
      0     0       21.7947   232       12.0000       User: 4    14851   81.62%
      0     0       21.7821   224       12.0000       User: 4    14912   81.52%
      0     0       21.7792   230       12.0000       User: 4    14941   81.49%
      0     0       21.7695   226       12.0000       User: 4    15012   81.41%
      0     0       21.7646   230       12.0000       User: 4    15040   81.37%
      0     0       21.7637   232       12.0000       User: 4    15050   81.36%
      0     0       21.7613   228       12.0000       User: 4    15073   81.34%
      0     0       21.7608   232       12.0000       User: 4    15088   81.34%
      0     0       21.7597   232       12.0000       User: 4    15104   81.33%
      0     0       21.7597   232       12.0000       User: 4    15112   81.33%
      0     0       21.7583   232       12.0000       User: 4    15137   81.32%
      0     0       21.7500   230       12.0000       User: 4    15173   81.25%
      0     0       21.7447   230       12.0000       User: 4    15213   81.21%
      0     0       21.7447   230       12.0000       User: 4    15215   81.21%
      0     0       21.7436   232       12.0000       User: 4    15227   81.20%
      0     0       21.7397   232       12.0000       User: 4    15242   81.16%
      0     0       21.7361   230       12.0000       User: 4    15277   81.13%
      0     0       21.7361   230       12.0000       User: 4    15284   81.13%
      0     0       21.7354   230       12.0000       User: 4    15306   81.13%
      0     0       21.7354   232       12.0000       User: 4    15310   81.13%
      0     0       21.7346   230       12.0000       User: 4    15322   81.12%
      0     0       21.7319   236       12.0000       User: 4    15344   81.10%
      0     0       21.7309   236       12.0000       User: 4    15364   81.09%
      0     0       21.7279   238       12.0000       User: 4    15384   81.07%
      0     0       21.7263   238       12.0000       User: 4    15407   81.05%
      0     0       21.7222   238       12.0000       User: 4    15442   81.02%
      0     0       21.7214   238       12.0000       User: 4    15458   81.01%
      0     0       21.7116   234       12.0000       User: 4    15501   80.93%
      0     0       21.7068   234       12.0000       User: 4    15529   80.89%
      0     0       21.7024   238       12.0000       User: 4    15556   80.85%
      0     0       21.6987   236       12.0000       User: 4    15586   80.82%
      0     0       21.6970   236       12.0000       User: 4    15611   80.81%
      0     0       21.6901   240       12.0000       User: 4    15641   80.75%
      0     0       21.6747   236       12.0000       User: 4    15681   80.62%
      0     0       21.6619   240       12.0000       User: 4    15731   80.52%
      0     0       21.6532   240       12.0000       User: 4    15772   80.44%
      0     0       21.6511   240       12.0000       User: 4    15799   80.43%
      0     0       21.6420   238       12.0000       User: 4    15853   80.35%
      0     0       21.6351   234       12.0000       User: 4    15898   80.29%
      0     0       21.6350   236       12.0000       User: 4    15906   80.29%
      0     0       21.6350   234       12.0000       User: 4    15911   80.29%
      0     0       21.6349   234       12.0000       User: 4    15919   80.29%
      0     0       21.6348   236       12.0000       User: 4    15931   80.29%
      0     0       21.6300   236       12.0000       User: 4    15967   80.25%
      0     0       21.6297   234       12.0000       User: 4    15985   80.25%
      0     0       21.6238   236       12.0000       User: 4    16045   80.20%
      0     0       21.6208   238       12.0000       User: 4    16061   80.17%
      0     0       21.6158   238       12.0000       User: 4    16089   80.13%
      0     0       21.6156   238       12.0000       User: 4    16095   80.13%
      0     0       21.6126   238       12.0000       User: 4    16124   80.11%
      0     0       21.5992   235       12.0000       User: 4    16194   79.99%
      0     0       21.5982   235       12.0000       User: 4    16225   79.99%
      0     0       21.5980   235       12.0000       User: 4    16239   79.98%
      0     0       21.5975   235       12.0000       User: 4    16258   79.98%
      0     0       21.5974   235       12.0000       User: 4    16266   79.98%
      0     0       21.5813   238       12.0000       User: 4    16332   79.84%
      0     0       21.5691   235       12.0000       User: 4    16402   79.74%
      0     0       21.5606   239       12.0000       User: 4    16469   79.67%
      0     0       21.5579   239       12.0000       User: 4    16497   79.65%
      0     0       21.5509   235       12.0000       User: 4    16561   79.59%
      0     0       21.5375   237       12.0000       User: 4    16619   79.48%
      0     0       21.5312   231       12.0000       User: 4    16663   79.43%
      0     0       21.5255   231       12.0000       User: 4    16713   79.38%
      0     0       21.4938   233       12.0000       User: 4    16807   79.12%
      0     0       21.4922   237       12.0000       User: 4    16834   79.10%
      0     0       21.4917   235       12.0000       User: 4    16856   79.10%
      0     0       21.4915   237       12.0000       User: 4    16878   79.10%
      0     0       21.4908   235       12.0000       User: 4    16894   79.09%
      0     0       21.4892   237       12.0000       User: 4    16908   79.08%
      0     0       21.4801   241       12.0000       User: 4    16964   79.00%
      0     2       21.4801   241       12.0000       21.4792    16964   78.99%                        0             0
Elapsed real time =  26.15 sec. (tree size =  0.00 MB, solutions = 4)
      1     3       21.4276   236       12.0000       21.4650    17284   78.88%           id140 D      1      0      1
      2     4       17.1387   149       12.0000       21.4267    19594   78.56%           id140 U      2      0      1
      4     6       21.2613   231       12.0000       21.4125    20363   78.44%           id213 D      4      3      3
      5     7       16.8106   145       12.0000       21.4125    21827   78.44%           id213 U      5      3      3
      7     9       17.6641   161       12.0000       21.4125    24927   78.44%           id174 U      7      4      4
      9    11       20.8656   233       12.0000       21.4125    25977   78.44%           id130 D      9      8      6
     12    14       20.7254   230       12.0000       21.4125    26912   78.44%           id208 D     12     11      9
     14    16       16.9912   157       12.0000       21.4125    29113   78.44%           id167 U     14     12     10
     19    21       17.1653   161       12.0000       21.4125    31807   78.44%           id189 U     19     17     14
     27    29       19.6258   213       12.0000       21.4125    35528   78.44%           id214 D     27     26     22
Elapsed real time =  32.68 sec. (tree size =  0.08 MB, solutions = 4)
     36    38       18.9719   209       12.0000       21.4125    39845   78.44%           id218 D     36     35     30
     44    46       14.9683   125       12.0000       21.4125    44567   78.44%            id51 U     44     42     36
     53    55       14.4199   113       12.0000       21.4125    49195   78.44%            id86 U     53     51     43
     63    65       17.6344   190       12.0000       21.4125    53402   78.44%            id64 D     63     62     51
     75    77       16.9260   178       12.0000       21.4125    57068   78.44%           id237 D     75     74     62
     84    86       16.5194   169       12.0000       21.4125    61184   78.44%            id82 D     84     83     69
    100   102       15.5829   154       12.0000       21.4125    65696   78.44%            id79 D    100     99     83
    116   116       13.1824    94       12.0000       21.4125    69356   78.44%             id2 U    116    114     95
    135   129       13.7803   128       12.0000       21.4125    71731   78.44%           id108 D    135    134    111
    156   139       16.3428   125       12.0000       21.0432    74664   75.36%            id28 U    156    154      3
Elapsed real time =  48.51 sec. (tree size =  2.98 MB, solutions = 4)
    160   143       16.5829   150       12.0000       21.0432    75448   75.36%           id167 D    160    159      7
    170   153       15.5267   137       12.0000       21.0432    78792   75.36%           id169 D    170    169     16
    190   171        cutoff             12.0000       21.0432    81465   75.36%           id218 U    190    188     34
    214   185       16.2892   139       12.0000       20.8825    84591   74.02%           id126 U    214      6      5
    224   195       15.1013   136       12.0000       20.8825    87231   74.02%           id196 D    224    223     15
    236   207       13.9820   121       12.0000       20.8825    90046   74.02%           id133 D    236    235     27
    246   217       13.4703   115       12.0000       20.8825    92324   74.02%            id46 D    246    245     37
    256   223       16.2042   141       12.0000       20.8530    95422   73.78%           id130 U    256      8      6
    263   230       15.6925   135       12.0000       20.8530    98260   73.78%            id51 D    263    262     13
    271   238       15.0104   123       12.0000       20.8530   101318   73.78%            id44 D    271    270     21
Elapsed real time =  65.91 sec. (tree size =  6.82 MB, solutions = 4)
    281   248       14.3312   118       12.0000       20.8530   104182   73.78%            id31 D    281    280     31
    295   262       13.6317    88       12.0000       20.8530   107813   73.78%             id8 D    295    294     45
    306   269       16.1101   142       12.0000       20.7687   111590   73.07%           id154 U    306      9      7
    320   283       14.7319   127       12.0000       20.7687   114284   73.07%            id89 D    320    319     21
    336   299       13.4836   109       12.0000       20.7687   116897   73.07%            id72 D    336    335     37
    346   305       16.2957   144       12.0000       20.7661   119798   73.05%           id159 U    346     10      8
    354   313       15.5227   142       12.0000       20.7661   123379   73.05%           id117 D    354    353     16
    360   319       15.1934   131       12.0000       20.7661   124430   73.05%            id44 D    360    359     22
    371   324        cutoff             12.0000       20.7661   127320   73.05%            id34 U    371    369     30
    385   336       13.8457   111       12.0000       20.7661   129967   73.05%            id99 D    385    383     43
Elapsed real time =  86.03 sec. (tree size = 11.71 MB, solutions = 4)
    402   345       13.1927   100       12.0000       20.7661   133227   73.05%           id169 D    402    401     56
    412   351       15.4091   131       12.0000       20.6910   136479   72.42%            id64 D    412    411     11
    424   363       14.2024   123       12.0000       20.6910   139280   72.42%            id82 D    424    423     23
    439   378       13.2617   101       12.0000       20.6910   142275   72.42%            id72 D    439    438     38
    446   381       16.8401   150       12.0000       20.5824   145660   71.52%            id64 D    446    445     12
    453   388       16.0856   106       12.0000       20.5824   148231   71.52%           id218 D    453    452     19
    464   399       15.3641    97       12.0000       20.5824   150219   71.52%           id227 D    464    463     30
    475   410       14.7857    83       12.0000       20.5824   151990   71.52%           id210 D    475    474     41
    487   422       14.0366    69       12.0000       20.5824   153936   71.52%           id171 D    487    486     53
    506   437       15.4439   143       12.0000       20.5645   157415   71.37%           id160 U    506     15     12
Elapsed real time = 105.99 sec. (tree size = 14.20 MB, solutions = 4)
    523   454       14.1268   128       12.0000       20.5645   159769   71.37%            id69 D    523    522     29
    543   470       17.1470   147       12.0000       20.4624   162538   70.52%           id157 U    543     16     13
    561   488       15.2163   134       12.0000       20.4624   164945   70.52%            id69 D    561    560     31
    585   512       13.7978    96       12.0000       20.4624   167018   70.52%            id73 D    585    584     55
    602   525       15.7123   148       12.0000       20.4006   169679   70.00%           id183 U    602     18     15
    621   542       14.0389   129       12.0000       20.4006   171801   70.00%            id35 D    621    620     33
    636   551       13.0874    98       12.0000       20.4006   173545   70.00%            id88 D    636    634     44
    643   554       15.1284   145       12.0000       20.3561   175622   69.63%           id117 D    643    642     19
    658   569       13.8725   131       12.0000       20.3561   177950   69.63%            id35 D    658    657     34
    675   582       17.0274   150       12.0000       20.3141   180216   69.28%            id69 U    675     21     17
Elapsed real time = 126.50 sec. (tree size = 30.46 MB, solutions = 4)
    685   592       15.8154   143       12.0000       20.3141   183526   69.28%            id29 D    685    684     27
    702   609       14.5238   129       12.0000       20.3141   186772   69.28%            id52 D    702    701     44
    722   629       13.1044   108       12.0000       20.3141   190062   69.28%           id234 D    722    721     64
    728   631       15.7355   145       12.0000       20.2812   193404   69.01%            id76 U    728     22     18
    737   640       14.9849   135       12.0000       20.2812   195224   69.01%             id2 D    737    736     27
    750   653       14.2827   123       12.0000       20.2812   196980   69.01%           id240 D    750    749     40
    766   669       13.5013   103       12.0000       20.2812   198842   69.01%           id220 D    766    765     56
    776   675       16.2492   139       12.0000       20.0524   202276   67.10%            id35 U    776     23     19
    788   687       14.4727   129       12.0000       20.0524   204964   67.10%           id216 D    788    787     31
    800   699       13.4650   116       12.0000       20.0524   207650   67.10%           id166 D    800    799     43
Elapsed real time = 147.15 sec. (tree size = 30.93 MB, solutions = 4)
    810   705       15.1793   134       12.0000       19.9018   210780   65.85%            id34 U    810     24     20
    826   719       13.6332   112       12.0000       19.9018   212443   65.85%           id206 D    826    825     34
    844   731       15.6906   140       12.0000       19.6133   214831   63.44%           id185 U    844     25     21
    853   740       14.9202   133       12.0000       19.6133   216664   63.44%             id2 D    853    852     30
    863   750       14.2715   118       12.0000       19.6133   218641   63.44%            id88 D    863    862     40
    872   759       13.6183    97       12.0000       19.6133   220855   63.44%             id5 D    872    871     49
    889   772        cutoff             12.0000       19.6133   223093   63.44%            id81 U    889    887     65
    895   778       14.7219   118       12.0000       19.4139   225154   61.78%            id26 D    895    894     28
    915   798       13.1801   107       12.0000       19.4139   227003   61.78%            id72 D    915    914     48
    924   802        cutoff             12.0000       19.3616   229421   61.35%            id26 U    924    923     29
Elapsed real time = 168.71 sec. (tree size = 42.02 MB, solutions = 4)
    934   812       14.5510   132       12.0000       19.3616   231934   61.35%             id1 D    934    933     38
    950   828       13.3377   115       12.0000       19.3616   233826   61.35%            id31 D    950    949     54
    955   829       14.5793   134       12.0000       19.3322   235979   61.10%           id142 U    955     30     25
    961   835       14.0365   129       12.0000       19.3322   237875   61.10%           id103 D    961    960     31
    972   846       13.2948   114       12.0000       19.3322   239822   61.10%            id46 D    972    971     42
    982   852       14.5345   127       12.0000       19.2352   242169   60.29%            id26 D    982    981     27
    991   861       13.7341   121       12.0000       19.2352   244498   60.29%             id2 D    991    990     36
   1002   868       13.2029   111       12.0000       19.2352   246511   60.29%            id88 D   1002   1001     45
   1009   871       15.1191   140       12.0000       19.1639   249285   59.70%            id86 D   1009   1008     29
   1019   881       14.1304   128       12.0000       19.1639   251494   59.70%             id1 D   1019   1018     39
Elapsed real time = 189.41 sec. (tree size = 45.15 MB, solutions = 4)
   1034   896       13.0402   114       12.0000       19.1639   253777   59.70%             id3 D   1034   1033     54
   1040   898       15.6215   141       12.0000       19.1019   255875   59.18%            id51 D   1040   1039     31
   1048   906       14.7324   133       12.0000       19.1019   257719   59.18%             id2 D   1048   1047     39
   1058   916       14.1358   124       12.0000       19.1019   259594   59.18%            id43 D   1058   1057     49
   1067   925       13.7187   115       12.0000       19.1019   262107   59.18%            id39 D   1067   1066     58
   1076   934       13.2904   107       12.0000       19.1019   264074   59.18%            id56 D   1076   1075     67
   1086   940       15.1501   137       12.0000       19.0488   266064   58.74%           id166 U   1086     34     29
   1102   956       13.4569   109       12.0000       19.0488   268101   58.74%           id205 U   1102   1101     45
   1113   963       15.6249   143       12.0000       18.8789   270562   57.32%           id218 U   1113     35     30
   1153  1003       13.1596   104       12.0000       18.8789   277495   57.32%            id56 D   1153   1152     70
Elapsed real time = 218.39 sec. (tree size = 52.51 MB, solutions = 4)
   1202  1044       13.3287   104       12.0000       18.8057   284850   56.71%           id210 D   1202   1201     51
   1257  1091       13.3298   106       12.0000       18.6018   291629   55.01%           id227 D   1257   1256     48
   1310  1132       13.0921   113       12.0000       18.4437   298109   53.70%           id133 D   1310   1309     50
   1347  1161       14.6812   134       12.0000       18.1221   305159   51.02%           id125 U   1347     49     42
   1395  1198       14.5014   117       12.0000       17.7897   312288   48.25%            id82 D   1395   1394     49
   1450  1243       14.0723   118       12.0000       17.6636   318578   47.20%            id29 D   1450   1449     60
   1498  1287       14.6749   134       12.0000       17.6592   324630   47.16%            id56 D   1498   1497     34
   1544  1323       13.5393   106       12.0000       17.6241   331198   46.87%            id89 D   1544   1543     22
   1580  1351        cutoff             12.0000       17.5746   338475   46.45%           id176 D   1580   1579     75
   1619  1376       14.0852   114       12.0000       17.4316   344701   45.26%           id149 D   1619   1618     58
Elapsed real time = 298.69 sec. (tree size = 103.06 MB, solutions = 4)
   1654  1397       14.6107   116       12.0000       17.2941   350613   44.12%           id149 D   1654   1653     59
   1702  1441       13.9586   113       12.0000       17.2916   357492   44.10%            id99 D   1702   1701     50
   1729  1464       13.8607   113       12.0000       17.2658   364285   43.88%            id44 D   1729   1728     31
   1749  1481       16.2389   117       12.0000       17.2009   370561   43.34%           id206 D   1749   1748     16
   1768  1494       13.0270    27       12.0000       17.2009   377281   43.34%           id230 U   1768   1766     31
*  1772   818      integral     0       13.0000       17.2009   378351   32.31%           id227 U   1772   1770     34
   1822   854       14.7719   136       13.0000       17.1612   383866   32.01%            id28 D   1822   1821     38
   1859   883       15.9575   117       13.0000       17.1275   390296   31.75%            id51 D   1859   1858     24
   1887   911       14.1284    83       13.0000       17.1275   396976   31.75%           id100 D   1887   1886     52
   1915   933       14.4399   129       13.0000       17.1232   403726   31.72%            id65 D   1915   1914     25
Elapsed real time = 374.94 sec. (tree size = 71.24 MB, solutions = 5)
   1941   950       14.3478   115       13.0000       17.0695   410408   31.30%            id76 D   1941   1940     10
   1982   971       15.8162   147       13.0000       16.9190   416445   30.15%           id124 D   1982   1981     17
   2019  1004       15.0094   115       13.0000       16.8838   421815   29.88%            id51 D   2019   2018     21
   2038  1013       16.0038   152       13.0000       16.7945   428746   29.19%           id126 D   2038      5      4
   2079  1044        cutoff             13.0000       16.7651   434567   28.96%            id86 U   2079   1470      7
   2101  1034       15.7070   129       13.0000       16.5870   440584   27.59%           id149 U   2101    545     16
   2133  1060       15.3407   115       13.0000       16.5791   446101   27.53%           id214 D   2133   2132     14
   2160  1079       14.5503   123       13.0000       16.5659   451731   27.43%           id214 D   2160   2159     19
   2190  1088        cutoff             13.0000       16.4429   457647   26.48%            id44 U   2190   2188     35
   2223  1107       14.3066   104       13.0000       16.4010   463243   26.16%             id1 D   2223   2222     36
Elapsed real time = 456.68 sec. (tree size = 103.39 MB, solutions = 5)
   2243  1112       15.4952   117       13.0000       16.3425   468841   25.71%           id168 D   2243   2242     12
   2270  1134       15.6611   140       13.0000       16.3263   473935   25.59%            id46 D   2270   2269     20
   2311  1159       15.4582   122       13.0000       16.2926   479276   25.33%            id37 D   2311   2309     12
   2338  1174        cutoff             13.0000       16.2758   484822   25.20%           id124 U   2338    680     23
   2357  1189       14.2677   106       13.0000       16.2527   490408   25.02%             id2 D   2357   2356     35
   2385  1199        cutoff             13.0000       16.2152   495728   24.73%            id86 U   2385   1676     25
   2411  1217       14.0326   116       13.0000       16.1801   501501   24.46%            id51 D   2411   2410     28
   2430  1202       15.0626   113       13.0000       16.1069   507071   23.90%           id103 D   2430   2429     27
   2461  1219       14.3422   116       13.0000       16.0991   513081   23.84%           id103 D   2461   2460     14
   2483  1237       14.6332   110       13.0000       16.0968   519133   23.82%            id64 D   2483   2482     19
Elapsed real time = 545.48 sec. (tree size = 126.09 MB, solutions = 5)
   2508  1240       14.9913   104       13.0000       16.0442   525144   23.42%            id46 U   2508   1753     20
   2533  1239        cutoff             13.0000       15.9853   530731   22.96%            id28 U   2533    307      9
   2560  1240       14.0676   110       13.0000       15.9466   536106   22.67%           id169 D   2560   2559     21
   2590  1256       14.3842   106       13.0000       15.9237   540993   22.49%            id44 D   2590   2589     25
   2622  1278       14.2785    96       13.0000       15.9177   546263   22.44%            id45 D   2622   2621     34
   2659  1301       14.0881   107       13.0000       15.9102   551488   22.39%            id65 D   2659   2658     33
   2688  1318       15.6282   127       13.0000       15.9055   556619   22.35%           id214 U   2688   2039      6
   2721  1341       14.8671   110       13.0000       15.8972   562047   22.29%            id76 D   2721   2720     27
   2748  1338        cutoff             13.0000       15.8355   567127   21.81%           id208 U   2748   2237      7
   2779  1344       15.0279   113       13.0000       15.7811   572534   21.39%            id46 U   2779   2269     20
Elapsed real time = 637.23 sec. (tree size = 140.79 MB, solutions = 5)
Nodefile size = 13.63 MB (10.75 MB after compression)
   2812  1361       14.2891    88       13.0000       15.7640   577601   21.26%           id142 D   2812   2811     37
   2834  1367        cutoff             13.0000       15.7486   583882   21.14%            id26 U   2834    352     15
   2867  1364        cutoff             13.0000       15.7033   588795   20.79%            id51 U   2867    920     26
   2892  1351        cutoff             13.0000       15.6562   593659   20.43%            id71 U   2892   1810     27
   2917  1346        cutoff             13.0000       15.6214   598954   20.16%            id37 U   2917   2469      6
   2941  1339       15.0391   123       13.0000       15.5879   604027   19.91%           id223 U   2941   1811     28
   2965  1345        cutoff             13.0000       15.5659   609575   19.74%            id35 U   2965   2102     18
   2998  1348        cutoff             13.0000       15.5319   614267   19.48%           id103 U   2998   2204     19
   3022  1331        cutoff             13.0000       15.4914   619676   19.16%            id35 U   3022   2012     15
   3045  1346       14.0687   102       13.0000       15.4757   625439   19.04%            id98 D   3045   3044     43
Elapsed real time = 731.48 sec. (tree size = 143.60 MB, solutions = 5)
Nodefile size = 18.05 MB (14.24 MB after compression)
   3074  1341       14.4675   120       13.0000       15.4436   630207   18.80%            id86 D   3074   3073     15
   3099  1336        cutoff             13.0000       15.3978   635059   18.44%           id167 D   3099   3098     18
   3122  1347        cutoff             13.0000       15.3930   640709   18.41%            id34 U   3122   2104     20
   3151  1356       14.4936   105       13.0000       15.3790   645947   18.30%           id155 D   3151   3150     30
   3184  1355       14.1151    95       13.0000       15.3502   651531   18.08%           id227 D   3184   3183     40
   3213  1336        cutoff             13.0000       15.3019   656911   17.71%            id86 U   3213    413     13
   3233  1330       14.4355   125       13.0000       15.2762   661747   17.51%            id89 D   3233   3232     48
   3265  1316       15.0549   117       13.0000       15.2319   666644   17.17%           id148 U   3265   1901     13
   3296  1327       14.4768   112       13.0000       15.2160   672107   17.05%            id26 D   3296   3295     31
   3324  1318       14.1372   119       13.0000       15.1941   676871   16.88%            id69 D   3324   3323     16
Elapsed real time = 828.08 sec. (tree size = 143.17 MB, solutions = 5)
Nodefile size = 20.74 MB (16.36 MB after compression)
   3348  1302       14.0160   109       13.0000       15.1728   682049   16.71%           id167 U   3348    360     23
   3386  1272       14.6487   116       13.0000       15.1092   687800   16.22%            id88 D   3386   3385     36
   3417  1265        cutoff             13.0000       15.0864   693058   16.05%            id51 U   3417    224     16
   3450  1244        cutoff             13.0000       15.0492   699044   15.76%            id73 U   3450   1873     39
   3496  1198        cutoff             13.0000       14.9904   705058   15.31%            id26 U   3496   2477     14
   3528  1180       14.4837   115       13.0000       14.9586   710393   15.07%           id103 D   3528   3527      7
   3567  1160       14.0570   106       13.0000       14.9259   716639   14.81%            id37 D   3567   3566     19
   3600  1143        cutoff             13.0000       14.8966   721261   14.59%             id3 D   3600   3599     38
   3641  1106       14.1836   109       13.0000       14.8574   725738   14.29%           id103 U   3641    811     22
   3701  1056        cutoff             13.0000       14.8031   733306   13.87%            id26 U   3701   3228     44
Elapsed real time = 930.44 sec. (tree size = 116.67 MB, solutions = 5)
Nodefile size = 20.74 MB (16.36 MB after compression)
   3761  1030       14.0864   112       13.0000       14.7654   741037   13.58%            id34 D   3761   3760     23
   3829   974        cutoff             13.0000       14.7080   748532   13.14%            id85 U   3829   3269     18
   3898   935        cutoff             13.0000       14.6583   755951   12.76%            id64 U   3898   3592     31
   3973   874        cutoff             13.0000       14.6149   763218   12.42%           id168 U   3973   3971     21
   4085   780        cutoff             13.0000       14.5377   771221   11.83%            id71 U   4085   2854     25
   4243   622        cutoff             13.0000       14.4192   779209   10.92%           id148 U   4243   3419     37
   4361   522       14.1097   102       13.0000       14.3450   786524   10.35%            id99 D   4361   4360     48
   4542   345        cutoff             13.0000       14.2294   792967    9.46%            id45 U   4542   2908     28
   4730   164        cutoff             13.0000       14.1254   798207    8.66%            id82 U   4730   1354     50

User cuts applied:  18634

Root node processing (before b&c):
  Real time             =   25.72
Sequential b&c:
  Real time             =  982.34
                          -------
Total (root+branch&cut) = 1008.07 sec.
Solution status = Optimal
Solution value  = 13
GAP             = 0%
Heuristica 1 : 2024
Heuristica 2 : 1062
A = [ 0 1 0 0 0 0 0 0 0 0 0 0 0 0 0 0 1 0 0 0 0 0 0 0 1 0 0 0 0 0 0 0 0 0 0 0 1 0 0 0 0 0 0 0 0 0 0 0 0 0 0 0 0 0 0 0 0 0 0 0 0 0 0 1 0 0 0 0 0 0 0 0 0 1 0 0 0 0 0 0 0 0 0 0 0 0 0 0 0 0 0 0 0 1 0 0 0 0 0 0 0 0 0 0 0 0 0 0 0 0 0 0 0 0 0 0 0 0 0 0 ]
B = [ 0 0 0 0 0 0 0 0 0 0 0 0 0 0 0 0 0 0 0 0 0 0 0 0 0 0 0 0 0 0 1 0 0 0 0 0 0 0 0 0 0 0 0 0 0 0 0 0 0 0 0 0 0 0 0 0 0 0 0 0 0 0 0 0 0 0 1 0 0 1 0 0 0 0 0 0 0 0 0 0 0 0 0 0 0 0 0 0 0 0 0 0 0 0 1 0 0 0 0 0 0 0 0 0 0 0 1 0 0 0 0 1 0 0 0 0 0 0 0 0 ]
