LINE 15
DIMENSOES 120 6426
N cortes 1
Found feasible solution after 0.00 sec.  Objective = 0.0000
Clique table members: 728.
MIP emphasis: balance optimality and feasibility.
MIP search method: traditional branch-and-cut.
Parallel mode: none, using 1 thread.
Root relaxation solution time =    0.05 sec.

        Nodes                                         Cuts/
   Node  Left     Objective  IInf  Best Integer    Best Bound    ItCnt     Gap         Variable B NodeID Parent  Depth

*     0+    0                            0.0000                    603     --- 
*     0+    0                            6.0000                    603     --- 
      0     0       14.6410   130        6.0000       14.6410      603  144.02%
*     0+    0                            7.0000       14.6410      603  109.16%
      0     0       14.1957   140        7.0000       User: 4      817  102.80%
      0     0       14.0008   134        7.0000       User: 4      987  100.01%
      0     0       13.9174   140        7.0000       User: 4     1086   98.82%
      0     0       13.7979   134        7.0000       User: 4     1230   97.11%
      0     0       13.7040   144        7.0000       User: 4     1327   95.77%
      0     0       13.6218   150        7.0000       User: 4     1546   94.60%
      0     0       13.5541   152        7.0000       User: 4     1679   93.63%
      0     0       13.4535   144        7.0000       User: 4     1865   92.19%
      0     0       13.3439   146        7.0000       User: 4     2098   90.63%
      0     0       13.2272   136        7.0000       User: 4     2331   88.96%
      0     0       13.1751   132        7.0000       User: 4     2445   88.22%
      0     0       13.1275   134        7.0000       User: 4     2572   87.54%
      0     0       13.0525   136        7.0000       User: 4     2699   86.46%
      0     0       13.0134   132        7.0000       User: 4     2829   85.91%
      0     0       12.9595   132        7.0000       User: 4     2970   85.14%
      0     0       12.9049   140        7.0000       User: 4     3112   84.36%
      0     0       12.8621   140        7.0000       User: 4     3262   83.74%
      0     0       12.8257   122        7.0000       User: 4     3428   83.22%
      0     0       12.7832   134        7.0000       User: 4     3579   82.62%
      0     0       12.7532   140        7.0000       User: 4     3720   82.19%
*     0+    0                            8.0000       12.7532     3720   59.42%
      0     0       12.7286   132        8.0000       User: 4     3833   59.11%
      0     0       12.7057   134        8.0000       User: 4     3955   58.82%
      0     0       12.6820   138        8.0000       User: 4     4084   58.53%
      0     0       12.6482   140        8.0000       User: 4     4264   58.10%
      0     0       12.6204   154        8.0000       User: 4     4436   57.76%
      0     0       12.6011   154        8.0000       User: 4     4592   57.51%
      0     0       12.5672   156        8.0000       User: 4     4758   57.09%
      0     0       12.5469   154        8.0000       User: 4     4868   56.84%
      0     0       12.5337   158        8.0000       User: 4     4984   56.67%
      0     0       12.5157   156        8.0000       User: 4     5127   56.45%
      0     0       12.4989   152        8.0000       User: 4     5238   56.24%
      0     0       12.4771   146        8.0000       User: 4     5362   55.96%
      0     0       12.4724   152        8.0000       User: 4     5431   55.90%
      0     0       12.4656   148        8.0000       User: 4     5511   55.82%
      0     0       12.4431   154        8.0000       User: 4     5654   55.54%
      0     0       12.4217   154        8.0000       User: 4     5861   55.27%
      0     0       12.3990   148        8.0000       User: 4     6044   54.99%
      0     0       12.3859   152        8.0000       User: 4     6177   54.82%
      0     0       12.3778   162        8.0000       User: 4     6303   54.72%
      0     0       12.3687   150        8.0000       User: 4     6426   54.61%
      0     0       12.3493   152        8.0000       User: 4     6559   54.37%
      0     0       12.3362   148        8.0000       User: 4     6664   54.20%
      0     0       12.3188   156        8.0000       User: 4     6789   53.98%
      0     0       12.3060   152        8.0000       User: 4     6916   53.83%
      0     0       12.2950   150        8.0000       User: 4     7017   53.69%
      0     0       12.2857   162        8.0000       User: 4     7133   53.57%
      0     0       12.2652   154        8.0000       User: 4     7304   53.31%
      0     0       12.2567   156        8.0000       User: 4     7411   53.21%
      0     0       12.2492   152        8.0000       User: 4     7496   53.12%
      0     0       12.2326   164        8.0000       User: 4     7628   52.91%
      0     0       12.2124   158        8.0000       User: 4     7739   52.65%
      0     0       12.1881   150        8.0000       User: 4     7840   52.35%
      0     0       12.1752   156        8.0000       User: 4     7910   52.19%
      0     0       12.1481   162        8.0000       User: 4     8023   51.85%
      0     0       12.1318   158        8.0000       User: 4     8107   51.65%
      0     0       12.1148   154        8.0000       User: 4     8216   51.44%
      0     0       12.1044   164        8.0000       User: 4     8292   51.30%
      0     0       12.0972   168        8.0000       User: 4     8372   51.21%
      0     0       12.0839   176        8.0000       User: 4     8466   51.05%
      0     0       12.0723   178        8.0000       User: 4     8564   50.90%
      0     0       12.0597   170        8.0000       User: 4     8687   50.75%
      0     0       12.0535   166        8.0000       User: 4     8770   50.67%
      0     0       12.0463   168        8.0000       User: 4     8864   50.58%
      0     0       12.0425   168        8.0000       User: 4     8957   50.53%
      0     0       12.0376   174        8.0000       User: 4     9047   50.47%
      0     0       12.0310   162        8.0000       User: 4     9138   50.39%
      0     0       12.0120   176        8.0000       User: 4     9259   50.15%
      0     0       12.0005   168        8.0000       User: 4     9385   50.01%
      0     0       11.9961   180        8.0000       User: 4     9471   49.95%
      0     0       11.9815   166        8.0000       User: 4     9598   49.77%
      0     0       11.9660   166        8.0000       User: 4     9699   49.58%
      0     0       11.9430   164        8.0000       User: 4     9846   49.29%
      0     0       11.9247   162        8.0000       User: 4     9939   49.06%
      0     0       11.9137   166        8.0000       User: 4    10021   48.92%
      0     0       11.9054   168        8.0000       User: 4    10082   48.82%
      0     0       11.8911   178        8.0000       User: 4    10183   48.64%
      0     0       11.8787   172        8.0000       User: 4    10305   48.48%
      0     0       11.8734   176        8.0000       User: 4    10376   48.42%
      0     0       11.8601   178        8.0000       User: 4    10496   48.25%
      0     0       11.8473   184        8.0000       User: 4    10619   48.09%
      0     0       11.8419   180        8.0000       User: 4    10696   48.02%
      0     0       11.8310   182        8.0000       User: 4    10780   47.89%
      0     0       11.8211   178        8.0000       User: 4    10873   47.76%
      0     0       11.8097   184        8.0000       User: 4    10970   47.62%
      0     0       11.7987   172        8.0000       User: 4    11086   47.48%
      0     0       11.7868   180        8.0000       User: 4    11223   47.33%
      0     0       11.7735   182        8.0000       User: 4    11321   47.17%
      0     0       11.7632   190        8.0000       User: 4    11408   47.04%
      0     0       11.7471   188        8.0000       User: 4    11503   46.84%
      0     0       11.7360   176        8.0000       User: 4    11587   46.70%
      0     0       11.7160   182        8.0000       User: 4    11775   46.45%
      0     0       11.7018   180        8.0000       User: 4    11908   46.27%
      0     0       11.6990   178        8.0000       User: 4    11963   46.24%
      0     0       11.6958   178        8.0000       User: 4    12028   46.20%
      0     0       11.6946   182        8.0000       User: 4    12079   46.18%
      0     0       11.6891   188        8.0000       User: 4    12178   46.11%
      0     0       11.6836   186        8.0000       User: 4    12291   46.04%
      0     0       11.6761   180        8.0000       User: 4    12361   45.95%
      0     0       11.6722   178        8.0000       User: 4    12447   45.90%
      0     0       11.6671   176        8.0000       User: 4    12550   45.84%
      0     0       11.6628   186        8.0000       User: 4    12635   45.78%
      0     0       11.6585   184        8.0000       User: 4    12723   45.73%
      0     0       11.6549   188        8.0000       User: 4    12801   45.69%
      0     0       11.6481   180        8.0000       User: 4    12888   45.60%
      0     0       11.6432   182        8.0000       User: 4    12969   45.54%
      0     0       11.6371   184        8.0000       User: 4    13045   45.46%
      0     0       11.6247   182        8.0000       User: 4    13127   45.31%
      0     0       11.6187   186        8.0000       User: 4    13218   45.23%
      0     0       11.6098   186        8.0000       User: 4    13379   45.12%
      0     0       11.6062   192        8.0000       User: 4    13449   45.08%
      0     0       11.6020   188        8.0000       User: 4    13505   45.02%
      0     0       11.5965   186        8.0000       User: 4    13599   44.96%
      0     0       11.5907   192        8.0000       User: 4    13707   44.88%
      0     0       11.5852   196        8.0000       User: 4    13773   44.81%
      0     0       11.5711   198        8.0000       User: 4    13874   44.64%
      0     0       11.5592   194        8.0000       User: 4    13988   44.49%
      0     0       11.5459   190        8.0000       User: 4    14095   44.32%
      0     0       11.5359   192        8.0000       User: 4    14161   44.20%
      0     0       11.5228   184        8.0000       User: 4    14252   44.04%
      0     0       11.5167   186        8.0000       User: 4    14334   43.96%
      0     0       11.5059   194        8.0000       User: 4    14406   43.82%
      0     0       11.4951   196        8.0000       User: 4    14494   43.69%
      0     0       11.4758   186        8.0000       User: 4    14619   43.45%
      0     0       11.4693   192        8.0000       User: 4    14710   43.37%
      0     0       11.4660   184        8.0000       User: 4    14767   43.33%
      0     0       11.4583   192        8.0000       User: 4    14844   43.23%
      0     0       11.4564   190        8.0000       User: 4    14903   43.20%
      0     0       11.4420   186        8.0000       User: 4    15040   43.02%
      0     0       11.4241   190        8.0000       User: 4    15149   42.80%
      0     0       11.4076   190        8.0000       User: 4    15256   42.60%
      0     0       11.3896   192        8.0000       User: 4    15366   42.37%
      0     0       11.3807   200        8.0000       User: 4    15466   42.26%
      0     0       11.3678   192        8.0000       User: 4    15554   42.10%
      0     0       11.3610   192        8.0000       User: 4    15649   42.01%
      0     0       11.3582   186        8.0000       User: 4    15723   41.98%
      0     0       11.3467   188        8.0000       User: 4    15821   41.83%
      0     0       11.3380   196        8.0000       User: 4    15938   41.72%
      0     0       11.3347   196        8.0000       User: 4    16021   41.68%
      0     0       11.3283   196        8.0000       User: 4    16099   41.60%
      0     0       11.3158   196        8.0000       User: 4    16200   41.45%
      0     0       11.3109   198        8.0000       User: 4    16283   41.39%
      0     0       11.2931   194        8.0000       User: 4    16422   41.16%
      0     0       11.2826   196        8.0000       User: 4    16499   41.03%
      0     0       11.2700   194        8.0000       User: 4    16613   40.88%
      0     0       11.2610   198        8.0000       User: 4    16681   40.76%
      0     0       11.2538   196        8.0000       User: 4    16758   40.67%
      0     0       11.2385   190        8.0000       User: 4    16864   40.48%
      0     0       11.2349   198        8.0000       User: 4    16923   40.44%
      0     0       11.2292   198        8.0000       User: 4    16957   40.36%
      0     0       11.2180   198        8.0000       User: 4    17035   40.22%
      0     0       11.2009   198        8.0000       User: 4    17145   40.01%
      0     0       11.1896   196        8.0000       User: 4    17265   39.87%
      0     0       11.1808   194        8.0000       User: 4    17363   39.76%
      0     0       11.1768   202        8.0000       User: 4    17427   39.71%
      0     0       11.1693   198        8.0000       User: 4    17507   39.62%
      0     0       11.1610   200        8.0000       User: 4    17628   39.51%
      0     0       11.1551   202        8.0000       User: 4    17712   39.44%
      0     0       11.1493   210        8.0000       User: 4    17819   39.37%
      0     0       11.1428   204        8.0000       User: 4    17938   39.29%
      0     0       11.1351   202        8.0000       User: 4    18061   39.19%
      0     0       11.1296   198        8.0000       User: 4    18144   39.12%
      0     0       11.1248   190        8.0000       User: 4    18228   39.06%
      0     0       11.1169   198        8.0000       User: 4    18298   38.96%
      0     0       11.1149   190        8.0000       User: 4    18361   38.94%
      0     0       11.1081   202        8.0000       User: 4    18433   38.85%
      0     0       11.0989   198        8.0000       User: 4    18537   38.74%
      0     0       11.0910   196        8.0000       User: 4    18620   38.64%
      0     0       11.0832   202        8.0000       User: 4    18719   38.54%
      0     0       11.0776   200        8.0000       User: 4    18873   38.47%
      0     0       11.0683   206        8.0000       User: 4    18966   38.35%
      0     0       11.0593   200        8.0000       User: 4    19050   38.24%
      0     0       11.0540   198        8.0000       User: 4    19117   38.17%
      0     0       11.0506   196        8.0000       User: 4    19192   38.13%
      0     0       11.0501   202        8.0000       User: 4    19231   38.13%
      0     0       11.0460   194        8.0000       User: 4    19313   38.07%
      0     0       11.0435   204        8.0000       User: 4    19360   38.04%
      0     0       11.0400   198        8.0000       User: 4    19432   38.00%
      0     0       11.0377   200        8.0000       User: 4    19477   37.97%
      0     0       11.0358   200        8.0000       User: 4    19537   37.95%
      0     0       11.0342   202        8.0000       User: 4    19606   37.93%
      0     0       11.0306   210        8.0000       User: 4    19684   37.88%
      0     0       11.0197   202        8.0000       User: 4    19791   37.75%
      0     0       11.0108   194        8.0000       User: 4    19883   37.63%
      0     0       11.0049   204        8.0000       User: 4    19974   37.56%
      0     0       10.9970   204        8.0000       User: 4    20069   37.46%
      0     0       10.9913   204        8.0000       User: 4    20128   37.39%
      0     0       10.9885   200        8.0000       User: 4    20199   37.36%
      0     0       10.9823   204        8.0000       User: 4    20291   37.28%
      0     0       10.9778   212        8.0000       User: 4    20362   37.22%
      0     0       10.9720   214        8.0000       User: 4    20432   37.15%
      0     0       10.9679   202        8.0000       User: 4    20506   37.10%
      0     0       10.9632   208        8.0000       User: 4    20579   37.04%
      0     0       10.9614   212        8.0000       User: 4    20626   37.02%
      0     0       10.9547   202        8.0000       User: 4    20708   36.93%
      0     0       10.9514   214        8.0000       User: 4    20781   36.89%
      0     0       10.9459   212        8.0000       User: 4    20888   36.82%
      0     0       10.9413   210        8.0000       User: 4    20964   36.77%
      0     0       10.9374   210        8.0000       User: 4    21035   36.72%
      0     0       10.9331   204        8.0000       User: 4    21156   36.66%
      0     0       10.9294   208        8.0000       User: 4    21243   36.62%
      0     0       10.9280   208        8.0000       User: 4    21296   36.60%
      0     0       10.9214   208        8.0000       User: 4    21391   36.52%
      0     0       10.9178   204        8.0000       User: 4    21475   36.47%
      0     0       10.9138   210        8.0000       User: 4    21539   36.42%
      0     0       10.9068   214        8.0000       User: 4    21646   36.33%
      0     0       10.9018   210        8.0000       User: 4    21731   36.27%
      0     0       10.8998   212        8.0000       User: 4    21793   36.25%
      0     0       10.8833   200        8.0000       User: 4    21962   36.04%
      0     0       10.8799   200        8.0000       User: 4    22039   36.00%
      0     0       10.8764   202        8.0000       User: 4    22109   35.96%
      0     0       10.8733   210        8.0000       User: 4    22186   35.92%
      0     0       10.8705   218        8.0000       User: 4    22256   35.88%
      0     0       10.8679   210        8.0000       User: 4    22298   35.85%
      0     0       10.8577   208        8.0000       User: 4    22391   35.72%
      0     0       10.8502   208        8.0000       User: 4    22476   35.63%
      0     0       10.8469   206        8.0000       User: 4    22542   35.59%
      0     0       10.8403   208        8.0000       User: 4    22607   35.50%
      0     0       10.8298   214        8.0000       User: 4    22712   35.37%
      0     0       10.8220   216        8.0000       User: 4    22822   35.27%
      0     0       10.8125   210        8.0000       User: 4    22931   35.16%
      0     0       10.8095   210        8.0000       User: 4    23022   35.12%
      0     0       10.8071   212        8.0000       User: 4    23086   35.09%
      0     0       10.8025   212        8.0000       User: 4    23153   35.03%
      0     0       10.8009   210        8.0000       User: 4    23200   35.01%
      0     0       10.7980   214        8.0000       User: 4    23281   34.97%
      0     0       10.7952   216        8.0000       User: 4    23361   34.94%
      0     0       10.7952   216        8.0000       User: 4    23376   34.94%
      0     0       10.7933   212        8.0000       User: 4    23431   34.92%
      0     0       10.7907   216        8.0000       User: 4    23494   34.88%
      0     0       10.7873   214        8.0000       User: 4    23562   34.84%
      0     0       10.7837   212        8.0000       User: 4    23633   34.80%
      0     0       10.7813   208        8.0000       User: 4    23695   34.77%
      0     0       10.7784   204        8.0000       User: 4    23777   34.73%
      0     0       10.7767   210        8.0000       User: 4    23831   34.71%
      0     0       10.7711   216        8.0000       User: 4    23919   34.64%
      0     0       10.7673   222        8.0000       User: 4    24031   34.59%
      0     0       10.7619   216        8.0000       User: 4    24136   34.52%
      0     0       10.7601   208        8.0000       User: 4    24209   34.50%
      0     0       10.7565   212        8.0000       User: 4    24285   34.46%
      0     0       10.7544   216        8.0000       User: 4    24331   34.43%
      0     0       10.7538   220        8.0000       User: 4    24372   34.42%
      0     0       10.7521   216        8.0000       User: 4    24439   34.40%
      0     0       10.7519   222        8.0000       User: 4    24462   34.40%
      0     0       10.7509   224        8.0000       User: 4    24510   34.39%
      0     0       10.7477   228        8.0000       User: 4    24564   34.35%
      0     0       10.7434   216        8.0000       User: 4    24664   34.29%
      0     0       10.7415   218        8.0000       User: 4    24728   34.27%
      0     0       10.7380   214        8.0000       User: 4    24801   34.23%
      0     0       10.7365   214        8.0000       User: 4    24863   34.21%
      0     0       10.7350   222        8.0000       User: 4    24945   34.19%
      0     0       10.7337   216        8.0000       User: 4    25002   34.17%
      0     0       10.7331   220        8.0000       User: 4    25039   34.16%
      0     0       10.7319   224        8.0000       User: 4    25093   34.15%
      0     0       10.7295   226        8.0000       User: 4    25162   34.12%
      0     0       10.7262   220        8.0000       User: 4    25242   34.08%
      0     0       10.7238   220        8.0000       User: 4    25304   34.05%
      0     0       10.7237   224        8.0000       User: 4    25319   34.05%
      0     0       10.7204   224        8.0000       User: 4    25390   34.01%
      0     0       10.7194   216        8.0000       User: 4    25438   33.99%
      0     0       10.7146   212        8.0000       User: 4    25543   33.93%
      0     0       10.7138   220        8.0000       User: 4    25581   33.92%
      0     0       10.7126   218        8.0000       User: 4    25600   33.91%
      0     0       10.7116   216        8.0000       User: 4    25623   33.89%
      0     0       10.7080   216        8.0000       User: 4    25678   33.85%
      0     0       10.7051   216        8.0000       User: 4    25738   33.81%
      0     0       10.6939   204        8.0000       User: 4    25835   33.67%
      0     0       10.6910   206        8.0000       User: 4    25925   33.64%
      0     0       10.6873   206        8.0000       User: 4    25999   33.59%
      0     0       10.6862   216        8.0000       User: 4    26028   33.58%
      0     0       10.6845   214        8.0000       User: 4    26076   33.56%
      0     0       10.6799   208        8.0000       User: 4    26147   33.50%
      0     0       10.6757   216        8.0000       User: 4    26202   33.45%
      0     0       10.6750   214        8.0000       User: 4    26229   33.44%
      0     0       10.6739   212        8.0000       User: 4    26261   33.42%
      0     0       10.6732   212        8.0000       User: 4    26300   33.41%
      0     0       10.6704   218        8.0000       User: 4    26350   33.38%
      0     0       10.6692   214        8.0000       User: 4    26384   33.37%
      0     0       10.6687   218        8.0000       User: 4    26411   33.36%
      0     0       10.6683   214        8.0000       User: 4    26437   33.35%
      0     0       10.6664   214        8.0000       User: 4    26510   33.33%
      0     0       10.6649   212        8.0000       User: 4    26550   33.31%
      0     0       10.6607   212        8.0000       User: 4    26608   33.26%
      0     0       10.6594   214        8.0000       User: 4    26667   33.24%
      0     0       10.6559   220        8.0000       User: 4    26725   33.20%
      0     0       10.6529   214        8.0000       User: 4    26811   33.16%
      0     0       10.6485   216        8.0000       User: 4    26887   33.11%
      0     0       10.6401   214        8.0000       User: 4    27025   33.00%
      0     0       10.6343   220        8.0000       User: 4    27089   32.93%
      0     0       10.6256   228        8.0000       User: 4    27167   32.82%
      0     0       10.6159   220        8.0000       User: 4    27270   32.70%
      0     0       10.6055   214        8.0000       User: 4    27345   32.57%
      0     0       10.6012   224        8.0000       User: 4    27425   32.51%
      0     0       10.5849   226        8.0000       User: 4    27533   32.31%
      0     0       10.5768   222        8.0000       User: 4    27594   32.21%
      0     0       10.5637   222        8.0000       User: 4    27658   32.05%
      0     0       10.5594   216        8.0000       User: 4    27726   31.99%
      0     0       10.5518   222        8.0000       User: 4    27829   31.90%
      0     0       10.5487   210        8.0000       User: 4    27899   31.86%
      0     0       10.5424   218        8.0000       User: 4    27974   31.78%
      0     0       10.5411   216        8.0000       User: 4    28016   31.76%
      0     0       10.5386   220        8.0000       User: 4    28067   31.73%
      0     0       10.5351   226        8.0000       User: 4    28120   31.69%
      0     0       10.5295   220        8.0000       User: 4    28173   31.62%
      0     0       10.5199   218        8.0000       User: 4    28253   31.50%
      0     0       10.5058   210        8.0000       User: 4    28347   31.32%
      0     0       10.4983   220        8.0000       User: 4    28440   31.23%
      0     0       10.4850   202        8.0000       User: 4    28589   31.06%
      0     0       10.4796   200        8.0000       User: 4    28671   31.00%
      0     0       10.4762   198        8.0000       User: 4    28740   30.95%
      0     0       10.4750   204        8.0000       User: 4    28773   30.94%
      0     0       10.4692   206        8.0000       User: 4    28860   30.87%
      0     0       10.4657   202        8.0000       User: 4    28945   30.82%
      0     0       10.4648   200        8.0000       User: 4    29003   30.81%
      0     0       10.4634   210        8.0000       User: 4    29076   30.79%
      0     0       10.4594   214        8.0000       User: 4    29145   30.74%
      0     0       10.4563   202        8.0000       User: 4    29225   30.70%
      0     0       10.4525   202        8.0000       User: 4    29303   30.66%
      0     0       10.4469   208        8.0000       User: 4    29376   30.59%
      0     0       10.4439   206        8.0000       User: 4    29434   30.55%
      0     0       10.4413   204        8.0000       User: 4    29484   30.52%
      0     0       10.4408   212        8.0000       User: 4    29512   30.51%
      0     0       10.4379   204        8.0000       User: 4    29585   30.47%
      0     0       10.4351   214        8.0000       User: 4    29658   30.44%
      0     0       10.4321   210        8.0000       User: 4    29725   30.40%
      0     0       10.4310   210        8.0000       User: 4    29766   30.39%
      0     0       10.4300   216        8.0000       User: 4    29800   30.38%
      0     0       10.4223   216        8.0000       User: 4    29909   30.28%
      0     0       10.4162   214        8.0000       User: 4    29997   30.20%
      0     0       10.4132   208        8.0000       User: 4    30055   30.17%
      0     0       10.4108   212        8.0000       User: 4    30117   30.14%
      0     0       10.4078   212        8.0000       User: 4    30182   30.10%
      0     0       10.4012   214        8.0000       User: 4    30271   30.01%
      0     0       10.3955   216        8.0000       User: 4    30376   29.94%
      0     0       10.3955   214        8.0000       User: 4    30393   29.94%
      0     0       10.3938   216        8.0000       User: 4    30431   29.92%
      0     0       10.3889   210        8.0000       User: 4    30510   29.86%
      0     0       10.3882   218        8.0000       User: 4    30567   29.85%
      0     0       10.3844   214        8.0000       User: 4    30662   29.80%
      0     0       10.3813   210        8.0000       User: 4    30730   29.77%
      0     0       10.3777   214        8.0000       User: 4    30826   29.72%
      0     0       10.3762   216        8.0000       User: 4    30888   29.70%
      0     0       10.3744   212        8.0000       User: 4    30957   29.68%
      0     0       10.3737   210        8.0000       User: 4    30995   29.67%
      0     0       10.3725   212        8.0000       User: 4    31036   29.66%
      0     0       10.3709   218        8.0000       User: 4    31113   29.64%
      0     0       10.3648   210        8.0000       User: 4    31190   29.56%
      0     0       10.3546   212        8.0000       User: 4    31302   29.43%
      0     0       10.3521   214        8.0000       User: 4    31364   29.40%
      0     0       10.3518   220        8.0000       User: 4    31403   29.40%
      0     0       10.3514   212        8.0000       User: 4    31443   29.39%
      0     0       10.3512   214        8.0000       User: 4    31471   29.39%
      0     0       10.3502   216        8.0000       User: 4    31510   29.38%
      0     0       10.3467   214        8.0000       User: 4    31585   29.33%
      0     0       10.3438   220        8.0000       User: 4    31660   29.30%
      0     0       10.3398   214        8.0000       User: 4    31719   29.25%
      0     0       10.3316   220        8.0000       User: 4    31834   29.14%
      0     0       10.3256   218        8.0000       User: 4    31941   29.07%
      0     0       10.3220   220        8.0000       User: 4    32009   29.02%
      0     0       10.3157   210        8.0000       User: 4    32092   28.95%
      0     0       10.3078   214        8.0000       User: 4    32191   28.85%
      0     0       10.3066   218        8.0000       User: 4    32244   28.83%
      0     0       10.3061   218        8.0000       User: 4    32281   28.83%
      0     0       10.3026   218        8.0000       User: 4    32361   28.78%
      0     0       10.2970   210        8.0000       User: 4    32450   28.71%
      0     0       10.2947   216        8.0000       User: 4    32500   28.68%
      0     0       10.2924   222        8.0000       User: 4    32553   28.66%
      0     0       10.2915   214        8.0000       User: 4    32585   28.64%
      0     0       10.2906   216        8.0000       User: 4    32614   28.63%
      0     0       10.2838   218        8.0000       User: 4    32741   28.55%
      0     0       10.2734   212        8.0000       User: 4    32853   28.42%
      0     0       10.2713   210        8.0000       User: 4    32921   28.39%
      0     0       10.2680   208        8.0000       User: 4    32994   28.35%
      0     0       10.2653   216        8.0000       User: 4    33078   28.32%
      0     0       10.2612   218        8.0000       User: 4    33167   28.27%
      0     0       10.2593   220        8.0000       User: 4    33228   28.24%
      0     0       10.2586   216        8.0000       User: 4    33264   28.23%
      0     0       10.2554   214        8.0000       User: 4    33341   28.19%
      0     0       10.2545   220        8.0000       User: 4    33378   28.18%
      0     0       10.2543   214        8.0000       User: 4    33397   28.18%
      0     0       10.2542   218        8.0000       User: 4    33415   28.18%
      0     0       10.2539   218        8.0000       User: 4    33444   28.17%
      0     0       10.2532   214        8.0000       User: 4    33482   28.17%
      0     0       10.2527   220        8.0000       User: 4    33521   28.16%
      0     0       10.2525   220        8.0000       User: 4    33554   28.16%
      0     0       10.2520   220        8.0000       User: 4    33585   28.15%
      0     0       10.2516   220        8.0000       User: 4    33624   28.14%
      0     0       10.2511   222        8.0000       User: 4    33656   28.14%
      0     0       10.2505   218        8.0000       User: 4    33694   28.13%
      0     0       10.2499   220        8.0000       User: 4    33718   28.12%
      0     0       10.2496   220        8.0000       User: 4    33746   28.12%
      0     2       10.2496   220        8.0000       10.2496    33746   28.12%                        0             0
Elapsed real time =  43.37 sec. (tree size =  0.00 MB, solutions = 4)
      1     3       10.2133   222        8.0000       10.2496    34989   28.12%           id118 D      1      0      1
      3     3       10.0910   222        8.0000       10.2123    38579   27.65%           id123 D      3      1      2
      4     4       10.0151   222        8.0000       10.2123    40453   27.65%            id23 D      4      3      3
      5     5        9.9966   220        8.0000       10.2123    41081   27.65%           id143 D      5      4      4
      6     6        9.9620   220        8.0000       10.2123    42285   27.65%           id238 D      6      5      5
      7     7        9.8850   219        8.0000       10.2123    43969   27.65%            id46 D      7      6      6
     10     8        9.7826   216        8.0000       10.2123    45884   27.65%            id72 D     10      9      8
     11     9        9.7057   218        8.0000       10.2123    47792   27.65%           id228 D     11     10      9
     13     9        9.6347   215        8.0000       10.2123    49338   27.65%           id221 D     13     11     10
     17    13        9.4895   215        8.0000       10.2123    51848   27.65%            id12 D     17     16     14
Elapsed real time =  55.89 sec. (tree size =  0.33 MB, solutions = 4)
     20    16        9.4315   211        8.0000       10.2123    53728   27.65%            id34 D     20     19     17
     27    23        9.3268   201        8.0000       10.2123    56658   27.65%           id154 D     27     26     24
     33    27        9.1732   200        8.0000       10.2123    60089   27.65%            id18 D     33     32     29
     38    28        9.0220   200        8.0000       10.2123    63300   27.65%           id192 D     38     37     32
     49    19        cutoff              8.0000        9.6265    66364   20.33%           id220 U     49     13     11

User cuts applied:  3498

Root node processing (before b&c):
  Real time             =   41.80
Sequential b&c:
  Real time             =   23.04
                          -------
Total (root+branch&cut) =   64.84 sec.
Solution status = Optimal
Solution value  = 8
GAP             = 0%
Heuristica 1 : 324
Heuristica 2 : 101
A = [ 0 0 0 0 0 0 0 0 0 0 0 0 0 0 0 0 0 0 0 0 0 0 0 0 0 0 0 0 0 0 0 0 0 0 0 0 0 0 0 0 0 0 0 0 0 0 0 0 0 0 0 0 1 0 0 0 0 0 0 0 0 0 0 0 0 0 0 1 0 1 0 0 0 0 0 0 0 0 0 0 0 0 0 0 0 0 0 0 0 0 0 0 0 0 0 0 0 0 0 0 0 0 0 0 0 0 1 0 0 0 0 0 0 0 0 0 0 0 0 0 ]
B = [ 0 0 0 0 0 0 0 0 0 0 0 0 0 0 0 0 0 0 0 0 0 0 0 0 0 0 0 0 1 0 0 0 0 0 0 0 0 0 0 0 0 0 0 0 0 1 0 0 0 0 0 0 0 0 1 0 0 0 0 0 0 0 0 0 0 0 0 0 0 0 0 0 0 0 0 0 0 0 0 0 0 0 0 0 0 0 0 0 0 0 1 0 0 0 0 0 0 0 0 0 0 0 0 0 0 0 0 0 0 0 0 0 0 0 0 0 0 0 0 0 ]
