LINE 15
DIMENSOES 120 4998
N cortes 1
Found feasible solution after 0.00 sec.  Objective = 0.0000
Clique table members: 1108.
MIP emphasis: balance optimality and feasibility.
MIP search method: traditional branch-and-cut.
Parallel mode: none, using 1 thread.
Root relaxation solution time =    0.09 sec.

        Nodes                                         Cuts/
   Node  Left     Objective  IInf  Best Integer    Best Bound    ItCnt     Gap         Variable B NodeID Parent  Depth

*     0+    0                            0.0000                    719     --- 
*     0+    0                           10.0000                    719     --- 
      0     0       27.6921   216       10.0000       27.6921      719  176.92%
      0     0       27.5754   206       10.0000       User: 4      801  175.75%
      0     0       27.1567   204       10.0000       User: 4      967  171.57%
      0     0       26.7247   212       10.0000       User: 4     1160  167.25%
*     0+    0                           11.0000       26.7247     1160  142.95%
      0     0       26.6010   210       11.0000       User: 4     1271  141.83%
      0     0       26.3880   204       11.0000       User: 4     1390  139.89%
      0     0       26.2960   210       11.0000       User: 4     1489  139.05%
      0     0       25.9765   208       11.0000       User: 4     1657  136.15%
      0     0       25.8765   202       11.0000       User: 4     1797  135.24%
      0     0       25.6572   208       11.0000       User: 4     1982  133.25%
      0     0       25.4590   200       11.0000       User: 4     2116  131.45%
      0     0       25.3854   202       11.0000       User: 4     2207  130.78%
      0     0       25.2017   202       11.0000       User: 4     2350  129.11%
      0     0       25.1519   202       11.0000       User: 4     2423  128.65%
      0     0       25.0289   200       11.0000       User: 4     2540  127.54%
      0     0       24.9449   204       11.0000       User: 4     2644  126.77%
      0     0       24.8890   202       11.0000       User: 4     2757  126.26%
      0     0       24.8553   206       11.0000       User: 4     2869  125.96%
      0     0       24.8224   194       11.0000       User: 4     2951  125.66%
      0     0       24.7593   206       11.0000       User: 4     3079  125.08%
      0     0       24.6752   204       11.0000       User: 4     3232  124.32%
      0     0       24.5896   208       11.0000       User: 4     3347  123.54%
      0     0       24.5359   210       11.0000       User: 4     3479  123.05%
      0     0       24.4988   198       11.0000       User: 4     3558  122.72%
      0     0       24.4751   204       11.0000       User: 4     3621  122.50%
      0     0       24.4072   204       11.0000       User: 4     3717  121.88%
      0     0       24.3722   206       11.0000       User: 4     3784  121.57%
      0     0       24.2923   204       11.0000       User: 4     3921  120.84%
      0     0       24.2838   214       11.0000       User: 4     3967  120.76%
      0     0       24.2412   210       11.0000       User: 4     4059  120.37%
      0     0       24.1797   200       11.0000       User: 4     4145  119.82%
      0     0       24.0953   206       11.0000       User: 4     4254  119.05%
      0     0       24.0527   206       11.0000       User: 4     4327  118.66%
      0     0       23.9942   196       11.0000       User: 4     4412  118.13%
      0     0       23.9502   206       11.0000       User: 4     4501  117.73%
      0     0       23.9473   206       11.0000       User: 4     4524  117.70%
      0     0       23.9268   210       11.0000       User: 4     4588  117.52%
      0     0       23.8777   212       11.0000       User: 4     4697  117.07%
      0     0       23.8353   204       11.0000       User: 4     4790  116.68%
      0     0       23.8222   210       11.0000       User: 4     4849  116.57%
      0     0       23.8134   202       11.0000       User: 4     4887  116.49%
      0     0       23.7905   212       11.0000       User: 4     4958  116.28%
      0     0       23.7285   204       11.0000       User: 4     5080  115.71%
      0     0       23.7113   202       11.0000       User: 4     5126  115.56%
      0     0       23.6494   196       11.0000       User: 4     5217  114.99%
      0     0       23.6103   194       11.0000       User: 4     5342  114.64%
      0     0       23.5857   206       11.0000       User: 4     5443  114.42%
      0     0       23.5758   204       11.0000       User: 4     5535  114.33%
      0     0       23.5666   204       11.0000       User: 4     5561  114.24%
      0     0       23.5516   208       11.0000       User: 4     5621  114.11%
      0     0       23.5169   208       11.0000       User: 4     5735  113.79%
      0     0       23.4995   206       11.0000       User: 4     5798  113.63%
      0     0       23.4696   200       11.0000       User: 4     5882  113.36%
      0     0       23.4542   196       11.0000       User: 4     5960  113.22%
      0     0       23.4480   198       11.0000       User: 4     5997  113.16%
      0     0       23.4353   198       11.0000       User: 4     6059  113.05%
      0     0       23.4103   208       11.0000       User: 4     6136  112.82%
      0     0       23.3989   204       11.0000       User: 4     6177  112.72%
      0     0       23.3727   204       11.0000       User: 4     6257  112.48%
      0     0       23.3370   216       11.0000       User: 4     6330  112.15%
      0     0       23.3002   214       11.0000       User: 4     6420  111.82%
      0     0       23.2888   210       11.0000       User: 4     6489  111.72%
      0     0       23.2840   210       11.0000       User: 4     6537  111.67%
      0     0       23.2711   210       11.0000       User: 4     6606  111.56%
      0     0       23.2597   214       11.0000       User: 4     6669  111.45%
      0     0       23.2270   208       11.0000       User: 4     6746  111.15%
      0     0       23.2193   208       11.0000       User: 4     6813  111.08%
      0     0       23.1793   210       11.0000       User: 4     6901  110.72%
      0     0       23.1502   210       11.0000       User: 4     7010  110.46%
      0     0       23.1381   212       11.0000       User: 4     7079  110.35%
      0     0       23.1257   212       11.0000       User: 4     7125  110.23%
      0     0       23.1166   212       11.0000       User: 4     7185  110.15%
      0     0       23.1103   212       11.0000       User: 4     7219  110.09%
      0     0       23.1006   206       11.0000       User: 4     7283  110.01%
      0     0       23.0931   212       11.0000       User: 4     7356  109.94%
      0     0       23.0835   210       11.0000       User: 4     7417  109.85%
      0     0       23.0803   216       11.0000       User: 4     7447  109.82%
      0     0       23.0625   212       11.0000       User: 4     7489  109.66%
      0     0       23.0202   202       11.0000       User: 4     7576  109.27%
      0     0       23.0086   212       11.0000       User: 4     7631  109.17%
      0     0       22.9956   212       11.0000       User: 4     7682  109.05%
      0     0       22.9886   214       11.0000       User: 4     7728  108.99%
      0     0       22.9745   218       11.0000       User: 4     7780  108.86%
*     0+    0                           12.0000       22.9745     7780   91.45%
      0     0       22.9699   220       12.0000       User: 4     7836   91.42%
      0     0       22.9501   214       12.0000       User: 4     7928   91.25%
      0     0       22.9365   220       12.0000       User: 4     8011   91.14%
      0     0       22.9278   218       12.0000       User: 4     8058   91.06%
      0     0       22.9277   220       12.0000       User: 4     8063   91.06%
      0     0       22.9277   220       12.0000       User: 4     8069   91.06%
      0     0       22.9211   220       12.0000       User: 4     8122   91.01%
      0     0       22.9122   216       12.0000       User: 4     8163   90.93%
      0     0       22.9052   218       12.0000       User: 4     8213   90.88%
      0     0       22.9007   220       12.0000       User: 4     8238   90.84%
      0     0       22.8939   218       12.0000       User: 4     8293   90.78%
      0     0       22.8903   222       12.0000       User: 4     8325   90.75%
      0     0       22.8793   220       12.0000       User: 4     8395   90.66%
      0     0       22.8532   220       12.0000       User: 4     8487   90.44%
      0     0       22.8481   220       12.0000       User: 4     8524   90.40%
      0     0       22.7993   216       12.0000       User: 4     8636   89.99%
      0     0       22.7779   212       12.0000       User: 4     8706   89.82%
      0     0       22.7749   214       12.0000       User: 4     8762   89.79%
      0     0       22.7638   218       12.0000       User: 4     8811   89.70%
      0     0       22.7533   224       12.0000       User: 4     8874   89.61%
      0     0       22.7351   220       12.0000       User: 4     8924   89.46%
      0     0       22.7203   224       12.0000       User: 4     8996   89.34%
      0     0       22.7149   222       12.0000       User: 4     9052   89.29%
      0     0       22.7025   220       12.0000       User: 4     9115   89.19%
      0     0       22.6819   218       12.0000       User: 4     9185   89.02%
      0     0       22.6648   214       12.0000       User: 4     9280   88.87%
      0     0       22.6626   220       12.0000       User: 4     9317   88.86%
      0     0       22.6624   220       12.0000       User: 4     9331   88.85%
      0     0       22.6617   220       12.0000       User: 4     9350   88.85%
      0     0       22.6589   222       12.0000       User: 4     9375   88.82%
      0     0       22.6506   224       12.0000       User: 4     9416   88.76%
      0     0       22.6502   222       12.0000       User: 4     9428   88.75%
      0     0       22.6457   224       12.0000       User: 4     9472   88.71%
      0     0       22.6429   220       12.0000       User: 4     9504   88.69%
      0     0       22.6379   226       12.0000       User: 4     9540   88.65%
      0     0       22.6333   228       12.0000       User: 4     9570   88.61%
      0     0       22.6290   226       12.0000       User: 4     9635   88.57%
      0     0       22.6282   232       12.0000       User: 4     9656   88.57%
      0     0       22.6247   228       12.0000       User: 4     9701   88.54%
      0     0       22.6175   226       12.0000       User: 4     9731   88.48%
      0     0       22.6164   228       12.0000       User: 4     9745   88.47%
      0     0       22.6120   228       12.0000       User: 4     9774   88.43%
      0     0       22.5987   232       12.0000       User: 4     9811   88.32%
      0     0       22.5690   230       12.0000       User: 4     9871   88.07%
      0     0       22.5626   228       12.0000       User: 4     9891   88.02%
      0     0       22.4800   224       12.0000       User: 4     9990   87.33%
      0     0       22.4594   218       12.0000       User: 4    10049   87.16%
      0     0       22.4273   219       12.0000       User: 4    10118   86.89%
      0     0       22.4170   225       12.0000       User: 4    10158   86.81%
      0     0       22.3695   226       12.0000       User: 4    10259   86.41%
      0     0       22.3598   229       12.0000       User: 4    10285   86.33%
      0     0       22.3585   230       12.0000       User: 4    10294   86.32%
      0     0       22.3525   231       12.0000       User: 4    10327   86.27%
      0     0       22.3497   227       12.0000       User: 4    10347   86.25%
      0     0       22.3465   229       12.0000       User: 4    10384   86.22%
      0     0       22.3285   232       12.0000       User: 4    10437   86.07%
      0     0       22.3263   231       12.0000       User: 4    10461   86.05%
      0     0       22.3133   229       12.0000       User: 4    10499   85.94%
      0     0       22.3133   227       12.0000       User: 4    10503   85.94%
      0     0       22.2970   227       12.0000       User: 4    10554   85.81%
      0     0       22.2884   226       12.0000       User: 4    10595   85.74%
      0     0       22.2862   225       12.0000       User: 4    10621   85.72%
      0     0       22.2762   222       12.0000       User: 4    10674   85.63%
      0     0       22.2364   226       12.0000       User: 4    10759   85.30%
      0     0       22.2321   232       12.0000       User: 4    10787   85.27%
      0     0       22.2185   228       12.0000       User: 4    10843   85.15%
      0     0       22.2050   228       12.0000       User: 4    10884   85.04%
      0     0       22.1804   234       12.0000       User: 4    10945   84.84%
      0     0       22.1737   228       12.0000       User: 4    10999   84.78%
      0     0       22.1701   228       12.0000       User: 4    11030   84.75%
      0     0       22.1694   226       12.0000       User: 4    11049   84.75%
      0     0       22.1677   228       12.0000       User: 4    11075   84.73%
      0     0       22.1644   226       12.0000       User: 4    11108   84.70%
      0     0       22.1574   228       12.0000       User: 4    11154   84.64%
      0     0       22.1542   230       12.0000       User: 4    11181   84.62%
      0     0       22.1478   237       12.0000       User: 4    11215   84.57%
      0     0       22.1425   236       12.0000       User: 4    11242   84.52%
      0     0       22.1383   232       12.0000       User: 4    11292   84.49%
      0     0       22.1303   230       12.0000       User: 4    11337   84.42%
      0     0       22.1287   235       12.0000       User: 4    11357   84.41%
      0     0       22.1240   235       12.0000       User: 4    11392   84.37%
      0     0       22.0915   228       12.0000       User: 4    11472   84.10%
      0     0       22.0757   228       12.0000       User: 4    11544   83.96%
      0     0       22.0634   234       12.0000       User: 4    11596   83.86%
      0     0       22.0455   232       12.0000       User: 4    11657   83.71%
      0     0       22.0361   230       12.0000       User: 4    11715   83.63%
      0     0       22.0188   229       12.0000       User: 4    11770   83.49%
      0     0       21.9833   227       12.0000       User: 4    11859   83.19%
      0     0       21.9725   232       12.0000       User: 4    11908   83.10%
      0     0       21.9551   230       12.0000       User: 4    11967   82.96%
      0     0       21.9423   227       12.0000       User: 4    12016   82.85%
      0     0       21.9347   234       12.0000       User: 4    12071   82.79%
      0     0       21.9337   230       12.0000       User: 4    12095   82.78%
      0     0       21.9305   233       12.0000       User: 4    12131   82.75%
      0     0       21.9208   233       12.0000       User: 4    12181   82.67%
      0     0       21.9173   233       12.0000       User: 4    12211   82.64%
      0     0       21.9170   235       12.0000       User: 4    12217   82.64%
      0     0       21.9166   231       12.0000       User: 4    12229   82.64%
      0     0       21.9161   231       12.0000       User: 4    12246   82.63%
      0     0       21.9101   229       12.0000       User: 4    12286   82.58%
      0     0       21.9073   231       12.0000       User: 4    12313   82.56%
      0     0       21.9066   233       12.0000       User: 4    12332   82.55%
      0     0       21.8971   231       12.0000       User: 4    12366   82.48%
      0     0       21.8903   233       12.0000       User: 4    12408   82.42%
      0     0       21.8768   227       12.0000       User: 4    12457   82.31%
      0     0       21.8675   231       12.0000       User: 4    12514   82.23%
      0     0       21.8651   233       12.0000       User: 4    12548   82.21%
      0     0       21.8651   231       12.0000       User: 4    12556   82.21%
      0     0       21.8640   231       12.0000       User: 4    12586   82.20%
      0     0       21.8622   229       12.0000       User: 4    12621   82.18%
      0     0       21.8619   226       12.0000       User: 4    12644   82.18%
      0     0       21.8601   231       12.0000       User: 4    12672   82.17%
      0     0       21.8601   233       12.0000       User: 4    12682   82.17%
      0     0       21.8588   235       12.0000       User: 4    12714   82.16%
      0     0       21.8576   235       12.0000       User: 4    12731   82.15%
      0     0       21.8548   235       12.0000       User: 4    12776   82.12%
      0     0       21.8548   235       12.0000       User: 4    12780   82.12%
      0     0       21.8532   235       12.0000       User: 4    12818   82.11%
      0     0       21.8491   233       12.0000       User: 4    12856   82.08%
      0     0       21.8484   233       12.0000       User: 4    12873   82.07%
      0     0       21.8483   235       12.0000       User: 4    12887   82.07%
      0     0       21.8479   235       12.0000       User: 4    12904   82.07%
      0     0       21.8470   235       12.0000       User: 4    12924   82.06%
      0     0       21.8464   235       12.0000       User: 4    12934   82.05%
      0     0       21.8463   237       12.0000       User: 4    12938   82.05%
      0     0       21.8451   233       12.0000       User: 4    12967   82.04%
      0     0       21.8416   235       12.0000       User: 4    13009   82.01%
      0     0       21.8413   235       12.0000       User: 4    13021   82.01%
      0     0       21.8411   237       12.0000       User: 4    13033   82.01%
      0     0       21.8405   235       12.0000       User: 4    13054   82.00%
      0     0       21.8280   237       12.0000       User: 4    13121   81.90%
      0     0       21.8200   234       12.0000       User: 4    13156   81.83%
      0     0       21.8147   233       12.0000       User: 4    13202   81.79%
      0     0       21.8139   235       12.0000       User: 4    13222   81.78%
      0     0       21.8139   235       12.0000       User: 4    13225   81.78%
      0     0       21.8010   233       12.0000       User: 4    13298   81.68%
      0     0       21.7980   235       12.0000       User: 4    13336   81.65%
      0     0       21.7903   235       12.0000       User: 4    13394   81.59%
      0     0       21.7789   233       12.0000       User: 4    13440   81.49%
      0     0       21.7744   234       12.0000       User: 4    13464   81.45%
      0     0       21.7711   230       12.0000       User: 4    13497   81.43%
      0     0       21.7684   232       12.0000       User: 4    13524   81.40%
      0     0       21.7597   232       12.0000       User: 4    13569   81.33%
      0     0       21.7529   232       12.0000       User: 4    13614   81.27%
      0     0       21.7449   233       12.0000       User: 4    13660   81.21%
      0     0       21.7283   231       12.0000       User: 4    13718   81.07%
      0     0       21.7211   230       12.0000       User: 4    13754   81.01%
      0     0       21.7135   230       12.0000       User: 4    13809   80.95%
      0     0       21.7076   233       12.0000       User: 4    13844   80.90%
      0     0       21.6859   232       12.0000       User: 4    13918   80.72%
      0     0       21.6831   232       12.0000       User: 4    13931   80.69%
      0     0       21.6805   234       12.0000       User: 4    13956   80.67%
      0     0       21.6679   228       12.0000       User: 4    14011   80.57%
      0     0       21.6453   232       12.0000       User: 4    14093   80.38%
      0     0       21.6327   228       12.0000       User: 4    14154   80.27%
      0     0       21.6225   229       12.0000       User: 4    14183   80.19%
      0     0       21.6103   229       12.0000       User: 4    14239   80.09%
      0     0       21.5924   226       12.0000       User: 4    14282   79.94%
      0     0       21.5876   226       12.0000       User: 4    14308   79.90%
      0     0       21.5846   223       12.0000       User: 4    14337   79.87%
      0     0       21.5633   230       12.0000       User: 4    14394   79.69%
      0     0       21.5625   230       12.0000       User: 4    14414   79.69%
      0     0       21.5599   230       12.0000       User: 4    14447   79.67%
      0     0       21.5500   230       12.0000       User: 4    14487   79.58%
      0     0       21.5487   232       12.0000       User: 4    14509   79.57%
      0     0       21.5336   230       12.0000       User: 4    14567   79.45%
      0     0       21.5253   227       12.0000       User: 4    14613   79.38%
      0     0       21.5179   230       12.0000       User: 4    14649   79.32%
      0     0       21.5020   231       12.0000       User: 4    14712   79.18%
      0     0       21.5015   231       12.0000       User: 4    14730   79.18%
      0     0       21.4986   231       12.0000       User: 4    14760   79.16%
      0     0       21.4950   229       12.0000       User: 4    14798   79.12%
      0     0       21.4825   232       12.0000       User: 4    14873   79.02%
      0     0       21.4815   231       12.0000       User: 4    14895   79.01%
      0     0       21.4790   233       12.0000       User: 4    14917   78.99%
      0     0       21.4719   235       12.0000       User: 4    14950   78.93%
      0     0       21.4682   231       12.0000       User: 4    14974   78.90%
      0     0       21.4657   230       12.0000       User: 4    15006   78.88%
      0     0       21.4598   233       12.0000       User: 4    15041   78.83%
      0     0       21.4584   231       12.0000       User: 4    15063   78.82%
      0     0       21.4555   232       12.0000       User: 4    15093   78.80%
      0     0       21.4531   233       12.0000       User: 4    15114   78.78%
      0     0       21.4525   235       12.0000       User: 4    15127   78.77%
      0     0       21.4471   233       12.0000       User: 4    15161   78.73%
      0     0       21.4412   234       12.0000       User: 4    15188   78.68%
      0     0       21.4361   232       12.0000       User: 4    15225   78.63%
      0     0       21.4295   231       12.0000       User: 4    15265   78.58%
      0     0       21.4263   232       12.0000       User: 4    15302   78.55%
      0     0       21.4179   233       12.0000       User: 4    15361   78.48%
      0     0       21.4095   233       12.0000       User: 4    15418   78.41%
      0     0       21.4055   234       12.0000       User: 4    15462   78.38%
      0     0       21.4044   232       12.0000       User: 4    15478   78.37%
      0     0       21.3956   231       12.0000       User: 4    15519   78.30%
      0     0       21.3943   234       12.0000       User: 4    15534   78.29%
      0     0       21.3899   234       12.0000       User: 4    15554   78.25%
      0     0       21.3831   233       12.0000       User: 4    15598   78.19%
      0     0       21.3749   232       12.0000       User: 4    15641   78.12%
      0     0       21.3746   234       12.0000       User: 2    15652   78.12%
      0     0       21.3730   234       12.0000       User: 2    15665   78.11%
      0     0       21.3595   235       12.0000       User: 2    15704   78.00%
      0     0       21.3543   233       12.0000       User: 2    15732   77.95%
      0     0       21.3507   234       12.0000       User: 2    15752   77.92%
      0     0       21.3486   234       12.0000       User: 2    15769   77.90%
      0     0       21.3477   233       12.0000       User: 2    15778   77.90%
      0     0       21.3440   233       12.0000       User: 2    15796   77.87%
      0     0       21.3414   234       12.0000       User: 2    15815   77.84%
      0     0       21.3382   235       12.0000       User: 2    15833   77.82%
      0     0       21.3366   232       12.0000       User: 2    15843   77.81%
      0     0       21.3296   235       12.0000       User: 2    15869   77.75%
      0     0       21.3129   233       12.0000       User: 2    15896   77.61%
      0     0       21.3111   231       12.0000       User: 2    15917   77.59%
      0     0       21.3046   232       12.0000       User: 2    15943   77.54%
      0     0       21.3045   232       12.0000       User: 2    15946   77.54%
      0     0       21.3040   231       12.0000       User: 2    15954   77.53%
      0     0       21.3029   232       12.0000       User: 2    15972   77.52%
      0     0       21.3014   234       12.0000       User: 2    15986   77.51%
      0     0       21.3012   234       12.0000       User: 2    15992   77.51%
      0     0       21.2989   233       12.0000       User: 2    16006   77.49%
      0     0       21.2965   232       12.0000       User: 2    16024   77.47%
      0     0       21.2943   234       12.0000       User: 2    16040   77.45%
      0     0       21.2935   234       12.0000       User: 2    16050   77.45%
      0     0       21.2930   232       12.0000       User: 2    16060   77.44%
      0     0       21.2918   234       12.0000       User: 2    16078   77.43%
      0     0       21.2916   234       12.0000       User: 2    16088   77.43%
      0     0       21.2893   234       12.0000       User: 2    16112   77.41%
      0     0       21.2858   234       12.0000       User: 2    16134   77.38%
      0     0       21.2825   233       12.0000       User: 2    16158   77.35%
      0     0       21.2821   234       12.0000       User: 2    16165   77.35%
      0     2       21.2821   234       12.0000       21.2819    16165   77.35%                        0             0
Elapsed real time =  29.18 sec. (tree size =  0.00 MB, solutions = 4)
      1     3       21.0686   234       12.0000       21.2474    18050   77.06%            id59 D      1      0      1
      2     4       21.0217   231       12.0000       21.2474    18482   77.06%           id185 D      2      1      2
      3     5       20.9262   232       12.0000       21.2474    19269   77.06%           id151 D      3      2      3
      5     7       20.8451   230       12.0000       21.2474    19656   77.06%           id223 D      5      4      5
      9    11       20.6308   226       12.0000       21.2474    20937   77.06%            id28 D      9      8      9
     11    13       17.1851   153       12.0000       21.2474    23520   77.06%            id95 U     11      9     10
     12    14       20.3800   225       12.0000       21.2474    24566   77.06%           id116 D     12     10     11
     13    15       16.5912   148       12.0000       21.2474    27296   77.06%           id116 U     13     10     11
     15    17       20.2058   225       12.0000       21.2474    28212   77.06%            id91 D     15     14     13
     23    25       19.6324   216       12.0000       21.2474    31962   77.06%           id161 D     23     22     20
Elapsed real time =  35.40 sec. (tree size =  0.20 MB, solutions = 4)
     28    30       19.0719   213       12.0000       21.2474    37524   77.06%           id122 D     28     26     23
     37    39       15.3002   133       12.0000       21.2474    42517   77.06%           id189 U     37     35     30
     46    48       17.9787   199       12.0000       21.2474    46700   77.06%           id129 D     46     45     38
     57    59       17.2800   190       12.0000       21.2474    51795   77.06%           id215 D     57     56     47
     65    67       16.9819   185       12.0000       21.2474    56198   77.06%            id62 D     65     63     52
     76    78       14.7015   121       12.0000       21.2474    60110   77.06%            id57 U     76     73     60
     87    89       15.6838   170       12.0000       21.2474    63707   77.06%           id148 D     87     86     70
     98    98       14.9972   160       12.0000       21.2474    67654   77.06%            id27 D     98     96     78
    111   105       14.2101   151       12.0000       21.2474    70744   77.06%            id55 D    111    110     88
    127   113       13.2058   134       12.0000       21.2474    73030   77.06%           id179 D    127    125    100
Elapsed real time =  50.64 sec. (tree size =  2.56 MB, solutions = 4)
    136   118       16.2437   150       12.0000       21.0566    75924   75.47%           id235 D    136    135      3
    145   125        cutoff             12.0000       21.0566    78163   75.47%           id194 U    145    143     11
    155   133       15.2786   107       12.0000       21.0566    80895   75.47%            id43 U    155    153     19
    164   138        cutoff             12.0000       21.0566    84666   75.47%           id164 U    164    162     26
    174   146       14.0417    85       12.0000       21.0566    87597   75.47%           id172 D    174    173     35
    185   151       13.2178    88       12.0000       21.0566    91134   75.47%           id230 D    185    184     43
    192   154       16.4718   147       12.0000       21.0209    94475   75.17%            id13 D    192    191      3
    200   162       15.6946   141       12.0000       21.0209    96731   75.17%            id97 D    200    199     11
    206   168       15.1755   135       12.0000       21.0209    98979   75.17%            id43 D    206    205     17
    214   176       14.5857   106       12.0000       21.0209   101947   75.17%            id44 D    214    213     25
Elapsed real time =  68.36 sec. (tree size =  4.65 MB, solutions = 4)
    225   187       13.8276    95       12.0000       21.0209   105657   75.17%            id63 D    225    224     36
    239   198       16.6443   154       12.0000       20.9256   110876   74.38%           id151 U    239      2      3
    248   207       15.8146   149       12.0000       20.9256   112927   74.38%            id90 D    248    247     12
    258   217       14.5878   140       12.0000       20.9256   114971   74.38%            id43 D    258    257     22
    275   234       13.2423   121       12.0000       20.9256   117311   74.38%            id89 D    275    274     39
    285   240       16.5321   158       12.0000       20.9000   119943   74.17%           id180 D    285    284      8
    298   253       15.1843   145       12.0000       20.9000   122064   74.17%            id61 D    298    297     21
    310   265       14.3875   133       12.0000       20.9000   123690   74.17%           id161 D    310    309     33
    334   285       16.8417   157       12.0000       20.8436   127318   73.70%           id223 U    334      4      5
    345   296       15.5964   147       12.0000       20.8436   130220   73.70%           id189 D    345    344     16
Elapsed real time =  88.27 sec. (tree size =  9.13 MB, solutions = 4)
    357   306       14.6751   135       12.0000       20.8436   132745   73.70%             id9 D    357    355     27
    375   320       13.4593   121       12.0000       20.8436   136139   73.70%            id45 D    375    374     43
    387   324       16.4759   156       12.0000       20.8069   140037   73.39%           id219 U    387      5      6
    399   336       15.4110   146       12.0000       20.8069   142340   73.39%            id41 D    399    398     18
    409   346       14.6799   135       12.0000       20.8069   144092   73.39%            id84 D    409    408     28
    418   355       13.9711   126       12.0000       20.8069   145911   73.39%            id74 D    418    417     37
    433   370       13.0932    85       12.0000       20.8069   148009   73.39%            id62 D    433    432     52
    438   371       16.0914   146       12.0000       20.7872   150160   73.23%            id13 D    438    437      8
    441   374       15.7690   142       12.0000       20.7872   150937   73.23%            id85 D    441    440     11
    448   381       15.3275   134       12.0000       20.7872   153234   73.23%           id129 D    448    447     18
Elapsed real time = 107.03 sec. (tree size =  9.48 MB, solutions = 4)
    452   385       15.0365   131       12.0000       20.7872   155637   73.23%           id211 D    452    451     22
    459   392       14.5881   124       12.0000       20.7872   158502   73.23%           id181 D    459    458     29
    468   401       13.9092   117       12.0000       20.7872   160912   73.23%           id133 D    468    467     38
    476   409       13.2570    85       12.0000       20.7872   163213   73.23%           id234 D    476    475     46
    484   413       16.4828   154       12.0000       20.7118   166163   72.60%            id77 U    484      7      8
    496   425       14.8579   137       12.0000       20.7118   168728   72.60%           id177 D    496    495     20
    515   444       13.6890   100       12.0000       20.7118   171910   72.60%           id122 D    515    514     39
    523   448       16.0827   146       12.0000       20.3778   175751   69.81%            id28 U    523      8      9
    532   457       14.8929   136       12.0000       20.3778   178290   69.81%           id177 D    532    531     18
    545   470       13.8455   121       12.0000       20.3778   180429   69.81%           id139 D    545    544     31
Elapsed real time = 127.89 sec. (tree size = 13.22 MB, solutions = 4)
    558   479       16.5551   150       12.0000       20.2498   182995   68.75%            id13 D    558    557     13
    562   483       13.0902    74       12.0000       20.2498   185429   68.75%           id129 U    562    560     16
    568   487       13.2122    73       12.0000       20.2498   187568   68.75%           id163 U    568    566     20
    580   497       14.9282   132       12.0000       20.2498   189947   68.75%            id91 D    580    579     31
    592   507       13.9618   124       12.0000       20.2498   192303   68.75%           id220 D    592    591     41
    613   514        cutoff             12.0000       20.2498   193990   68.75%           id227 U    613    611     56
    623   524       14.8913   138       12.0000       20.2051   195942   68.38%           id163 D    623    622     22
    637   538       13.7438   123       12.0000       20.2051   198108   68.38%           id205 D    637    636     36
    649   546       15.1128   140       12.0000       20.1712   200292   68.09%           id181 U    649     15     14
    660   557       14.0220   125       12.0000       20.1712   203013   68.09%            id41 D    660    659     25
Elapsed real time = 147.71 sec. (tree size = 22.70 MB, solutions = 4)
    669   562       15.6965   140       12.0000       20.0956   205723   67.46%           id124 U    669     16     15
    679   572       14.7712   131       12.0000       20.0956   208057   67.46%            id42 D    679    678     25
    690   583       13.7766   126       12.0000       20.0956   209713   67.46%           id106 D    690    689     36
    701   590       15.7869   142       12.0000       19.9957   213054   66.63%            id69 U    701     17     16
    712   601       14.4356   128       12.0000       19.9957   215544   66.63%            id41 D    712    711     27
    720   609       13.7504   122       12.0000       19.9957   217063   66.63%           id154 D    720    719     35
    732   617       15.8533   143       12.0000       19.8816   220272   65.68%           id106 U    732     19     18
    742   625       13.1826    72       12.0000       19.8816   223254   65.68%           id177 U    742    739     26
    756   637       13.8694   125       12.0000       19.8816   225876   65.68%           id186 D    756    754     39
    768   643       15.9589   149       12.0000       19.6672   229961   63.89%            id44 U    768     21     19
Elapsed real time = 170.39 sec. (tree size = 23.71 MB, solutions = 4)
    777   652       15.0075   141       12.0000       19.6672   232306   63.89%            id41 D    777    776     28
    790   665       14.0186   124       12.0000       19.6672   234433   63.89%           id186 D    790    789     41
    807   678       15.9183   149       12.0000       19.1520   237487   59.60%           id161 U    807     22     20
    816   687       15.1325   140       12.0000       19.1520   239663   59.60%            id42 D    816    815     29
    825   696       14.4138   130       12.0000       19.1520   241363   59.60%             id9 D    825    824     38
    836   707       13.8088   118       12.0000       19.1520   243294   59.60%             id1 D    836    835     49
    842   713       13.4313   107       12.0000       19.1520   245179   59.60%            id37 D    842    841     55
    851   718       15.4097   138       12.0000       19.0379   247006   58.65%           id122 U    851     26     23
    861   728       13.8467   126       12.0000       19.0379   249382   58.65%            id42 D    861    860     33
    868   733       13.2431   120       12.0000       19.0379   251562   58.65%            id54 D    868    867     39
Elapsed real time = 190.45 sec. (tree size = 32.25 MB, solutions = 4)
    874   736       15.3655   123       12.0000       18.9623   253971   58.02%            id81 U    874     29     25
    882   744       14.7266   115       12.0000       18.9623   255930   58.02%           id194 D    882    881     33
    890   752       14.1635   110       12.0000       18.9623   258135   58.02%           id144 D    890    889     41
    896   758       13.6633    97       12.0000       18.9623   260059   58.02%           id195 D    896    895     47
    905   767       13.0911    88       12.0000       18.9623   261722   58.02%           id191 D    905    904     56
    911   769       14.4307   133       12.0000       18.9009   263183   57.51%           id163 D    911    910     29
    923   779       13.4447   106       12.0000       18.9009   264722   57.51%           id211 D    923    922     40
    932   782       15.8764   145       12.0000       18.8557   267659   57.13%           id172 U    932     32     27
    943   793       14.6842   132       12.0000       18.8557   270276   57.13%            id41 D    943    942     38
    969   815       15.3420   142       12.0000       18.8035   278400   56.70%           id189 D    969    968     29
Elapsed real time = 217.03 sec. (tree size = 36.91 MB, solutions = 4)
   1020   858       13.9171   129       12.0000       18.6830   284519   55.69%           id163 D   1020   1019     32
   1050   884       13.3170   124       12.0000       18.6449   290773   55.37%           id205 D   1050   1049     47
   1094   918       14.8514   135       12.0000       18.4514   296675   53.76%           id139 U   1094     40     34
   1143   959       15.7970   139       12.0000       17.9595   302542   49.66%           id177 U   1143     43     37
   1188  1000       13.7050   120       12.0000       17.8583   308232   48.82%           id205 D   1188   1187     49
   1224  1026       13.5698   119       12.0000       17.7217   314808   47.68%           id211 D   1224   1223     51
   1265  1059       13.0305   106       12.0000       17.6114   321760   46.76%           id234 D   1265   1264     59
   1290  1073       13.0180    75       12.0000       17.5281   327529   46.07%            id13 U   1290    281      5
   1308  1079       13.0063    80       12.0000       17.2774   334006   43.98%           id116 U   1308    283      7
   1350  1113       16.5092   156       12.0000       17.1698   340524   43.08%            id44 D   1350     11     11
Elapsed real time = 294.28 sec. (tree size = 80.22 MB, solutions = 4)
   1384  1147       13.5325   122       12.0000       17.1698   345393   43.08%           id144 D   1384   1383     45
   1421  1176       13.3161   116       12.0000       17.0795   351639   42.33%            id14 U   1421     60     50
   1448  1195       14.3199   102       12.0000       16.9818   357468   41.52%           id181 D   1448   1447     29
   1474  1213       13.2711   116       12.0000       16.9301   363758   41.08%            id41 D   1474   1473     56
   1490  1225       13.5410    89       12.0000       16.8844   370135   40.70%           id144 U   1490   1489     66
   1519  1248       13.7966   112       12.0000       16.8314   375507   40.26%           id223 D   1519   1518     20
   1546  1259       13.7393   115       12.0000       16.6452   381359   38.71%            id42 D   1546   1545     59
   1571  1274       14.8401   139       12.0000       16.5865   386846   38.22%            id91 D   1571   1570     23
   1613  1312       13.8988   112       12.0000       16.5513   392080   37.93%            id54 D   1613   1612     19
   1657  1338       14.7150   126       12.0000       16.5156   398068   37.63%           id216 U   1657    285      9
Elapsed real time = 371.60 sec. (tree size = 114.75 MB, solutions = 4)
   1691  1364       14.3928   117       12.0000       16.4756   404075   37.30%           id129 D   1691   1689     18
   1723  1388       15.0395   113       12.0000       16.4675   410291   37.23%            id84 D   1723   1722     13
   1761  1420       14.5162   120       12.0000       16.4672   416002   37.23%           id181 D   1761   1760     11
   1796  1452       14.0234   131       12.0000       16.4628   422766   37.19%            id41 D   1796   1795     32
   1836  1478       13.0375    77       12.0000       16.4228   429028   36.86%           id189 U   1836   1351     13
   1850  1482       15.0748   122       12.0000       16.3983   434875   36.65%            id85 D   1850   1849     13
   1893  1505        cutoff             12.0000       16.3677   440194   36.40%            id97 U   1893    286     10
   1913  1525       13.9044   108       12.0000       16.3406   445302   36.17%           id144 D   1913   1912     33
   1946  1550       13.5434   107       12.0000       16.3103   450545   35.92%            id19 D   1946   1945     24
   1978  1565       15.3740   119       12.0000       16.2478   456456   35.40%           id106 U   1978   1353     15
Elapsed real time = 451.33 sec. (tree size = 145.49 MB, solutions = 4)
Nodefile size = 17.66 MB (13.98 MB after compression)
   1994  1581       14.1674   103       12.0000       16.2478   462142   35.40%           id122 D   1994   1993     31
   2022  1605       15.0045   115       12.0000       16.2355   467321   35.30%            id44 D   2022   2021     16
   2047  1630       13.2486    80       12.0000       16.2355   472426   35.30%           id227 D   2047   2046     41
   2063  1636       14.2058   106       12.0000       16.1854   478517   34.88%            id65 D   2063   2062     14
   2092  1659       13.5006   110       12.0000       16.1713   483963   34.76%           id223 D   2092   2091     15
   2116  1661       14.0455   114       12.0000       16.1257   489546   34.38%           id177 D   2116   2115     20
   2139  1670       15.4799   128       12.0000       16.0845   494824   34.04%           id180 D   2139   2138     10
   2178  1703        cutoff             12.0000       16.0842   500389   34.04%            id95 U   2178    195      7
   2204  1729       13.4280    91       12.0000       16.0731   504931   33.94%            id74 D   2204   2203     39
   2237  1750        cutoff             12.0000       16.0421   509836   33.68%           id235 U   2237    563     18
Elapsed real time = 533.57 sec. (tree size = 168.63 MB, solutions = 4)
Nodefile size = 41.83 MB (33.12 MB after compression)
   2250  1753       15.2809   122       12.0000       16.0143   515554   33.45%            id69 D   2250   2249     14
   2284  1781       13.2640    78       12.0000       16.0143   520007   33.45%            id48 D   2284   2283     45
   2317  1799       14.7532   120       12.0000       15.9747   525159   33.12%            id91 D   2317   2316      9
   2343  1819       15.2291   139       12.0000       15.9651   530565   33.04%            id96 D   2343   2342     23
   2374  1850       13.1889   108       12.0000       15.9651   534963   33.04%           id227 D   2374   2373     54
   2409  1881       13.3344    92       12.0000       15.9622   538992   33.02%           id224 D   2409   2408     47
   2445  1895        cutoff             12.0000       15.9285   544172   32.74%           id180 U   2445    439     10
   2474  1910       14.3843   120       12.0000       15.9208   549281   32.67%            id96 U   2474    769     21
   2516  1946       13.7129    99       12.0000       15.9100   554093   32.58%            id37 D   2516   2515     40
   2546  1970       13.6441   103       12.0000       15.8904   559246   32.42%            id61 D   2546   2545     30
Elapsed real time = 613.99 sec. (tree size = 215.52 MB, solutions = 4)
Nodefile size = 88.27 MB (69.88 MB after compression)
   2572  1970        cutoff             12.0000       15.8556   564608   32.13%            id19 U   2572    198     10
   2610  1994       14.5852   115       12.0000       15.8370   570097   31.98%           id129 U   2610    808     22
   2652  2024        cutoff             12.0000       15.8225   575288   31.85%            id97 U   2652    199     11
   2681  2045       14.3084   116       12.0000       15.8101   580208   31.75%           id180 D   2681   2680     15
   2719  2073       13.3488   103       12.0000       15.7968   585342   31.64%           id103 D   2719   2718     28
   2748  2096       13.8446    89       12.0000       15.7924   590538   31.60%           id110 D   2748   2747     35
   2777  2117       14.6667   110       12.0000       15.7758   595237   31.47%            id19 U   2777   2776     22
   2806  2138       13.0153    85       12.0000       15.7758   599915   31.47%           id195 D   2806   2804     47
   2848  2164        cutoff             12.0000       15.7637   605110   31.36%           id235 U   2848    441     12
   2879  2185       14.4625   105       12.0000       15.7462   610659   31.22%            id54 D   2879   2878     38
Elapsed real time = 697.14 sec. (tree size = 260.30 MB, solutions = 4)
Nodefile size = 132.55 MB (104.37 MB after compression)
   2904  2204        cutoff             12.0000       15.7397   616418   31.16%           id116 U   2904   1841      6
   2934  2220       14.2413   113       12.0000       15.6991   621470   30.83%           id235 D   2934   2933     19
   2975  2245        cutoff             12.0000       15.6916   626279   30.76%           id189 U   2975    442     13
   2988  2244       15.0490   142       12.0000       15.6595   630688   30.50%           id235 D   2988   2987     26
   3029  2266        cutoff             12.0000       15.6594   634767   30.50%            id13 U   3029    670     17
   3051  2280       13.7938   105       12.0000       15.6404   639470   30.34%           id186 D   3051   3050     39
   3087  2306       13.5867    98       12.0000       15.6388   643755   30.32%           id186 D   3087   3085     44
   3126  2335       13.0410   112       12.0000       15.6342   648773   30.29%           id181 D   3126   3125     17
   3165  2364       14.3145   110       12.0000       15.6224   653122   30.19%           id103 D   3165   3164     39
   3191  2374        cutoff             12.0000       15.6021   657740   30.02%            id91 U   3191   1842      7
Elapsed real time = 781.33 sec. (tree size = 299.43 MB, solutions = 4)
Nodefile size = 172.19 MB (135.64 MB after compression)
   3208  2379       13.3673   103       12.0000       15.5821   662454   29.85%            id41 D   3208   3207     24
   3237  2394       14.0645    93       12.0000       15.5674   666730   29.73%           id216 D   3237   3236     32
   3273  2420        cutoff             12.0000       15.5615   671436   29.68%           id189 U   3273   1432     14
   3295  2434       13.4810    91       12.0000       15.5475   675719   29.56%            id40 D   3295   3294     54
   3322  2457       13.2204   116       12.0000       15.5456   681371   29.55%            id40 D   3322   3321     52
   3362  2480        cutoff             12.0000       15.5371   687151   29.48%            id95 U   3362   1843      8
   3393  2490        cutoff             12.0000       15.5063   691819   29.22%            id91 U   3393   1717      8
   3429  2519       13.1400    79       12.0000       15.5049   696623   29.21%           id177 U   3429    772     24
   3449  2523       13.3497   105       12.0000       15.4861   700966   29.05%           id122 D   3449   3448     30
   3481  2535        cutoff             12.0000       15.4450   706167   28.71%            id41 U   3481    347     19
Elapsed real time = 866.46 sec. (tree size = 316.81 MB, solutions = 4)
Nodefile size = 189.29 MB (149.09 MB after compression)
   3518  2558       14.2048   112       12.0000       15.4284   711106   28.57%           id189 D   3518   3517     20
   3542  2564       14.4026   114       12.0000       15.3999   715913   28.33%           id177 U   3542    851     24
   3567  2575        cutoff             12.0000       15.3937   720212   28.28%            id85 U   3567   3565     24
   3595  2589        cutoff             12.0000       15.3847   724762   28.21%            id57 U   3595    813     27
   3628  2615       14.5195   116       12.0000       15.3731   729218   28.11%           id177 D   3628   3627      8
   3656  2639       13.8947   110       12.0000       15.3709   734368   28.09%           id124 D   3656   3655     19
   3679  2658       13.2695   110       12.0000       15.3688   739092   28.07%           id220 D   3679   3678     28
   3709  2670       13.5098   107       12.0000       15.3542   743465   27.95%            id85 D   3709   3708     28
   3737  2687       14.1961   116       12.0000       15.3328   749029   27.77%           id160 U   3737    671     18
   3759  2697       14.1565   116       12.0000       15.3273   753451   27.73%            id91 D   3759   3758     18
Elapsed real time = 950.66 sec. (tree size = 348.95 MB, solutions = 4)
Nodefile size = 221.44 MB (174.40 MB after compression)
   3798  2726       13.2814   123       12.0000       15.3240   758029   27.70%            id37 D   3798   3797     39
   3820  2730       14.1664   113       12.0000       15.3139   763296   27.62%           id235 U   3820    672     19
   3842  2749       13.7143   110       12.0000       15.3131   767783   27.61%           id163 D   3842   3841     29
   3873  2776       13.5373    98       12.0000       15.3116   772393   27.60%           id133 D   3873   3872     44
   3899  2794       13.0711   107       12.0000       15.3013   776647   27.51%           id139 D   3899   3898     36
   3917  2800       13.7989    98       12.0000       15.2973   781004   27.48%            id37 D   3917   3916     42
   3951  2819       13.0509    95       12.0000       15.2850   785926   27.37%           id178 U   3951     92     75
   3978  2824       14.5717   105       12.0000       15.2513   790450   27.09%           id130 U   3978     58     48
   4013  2853       13.1919   120       12.0000       15.2504   795151   27.09%           id224 D   4013   4012     59
   4032  2852       13.8339   125       12.0000       15.2312   799095   26.93%           id151 D   4032   4031     26
Elapsed real time = 1038.73 sec. (tree size = 388.85 MB, solutions = 4)
Nodefile size = 261.38 MB (205.39 MB after compression)
   4062  2867        cutoff             12.0000       15.2257   803637   26.88%            id96 U   4062   1063     37
   4091  2880       13.6202   108       12.0000       15.2089   807988   26.74%           id235 U   4091    936     32
   4106  2881       13.4313   105       12.0000       15.1943   812361   26.62%           id106 U   4106    578     30
   4136  2899       13.3561   116       12.0000       15.1926   817105   26.60%           id194 D   4136   4135     34
   4175  2923        cutoff             12.0000       15.1841   821893   26.53%            id85 U   4175   1849     13
   4198  2930       13.0145    37       12.0000       15.1704   825795   26.42%           id177 U   4198   2143     15
   4230  2945       14.0221   110       12.0000       15.1607   830284   26.34%           id151 D   4230   4229     14
   4262  2961        cutoff             12.0000       15.1548   834768   26.29%           id129 U   4262   1981     19
   4288  2972        cutoff             12.0000       15.1452   840076   26.21%           id235 U   4288   2987     26
   4312  2986       13.2101    79       12.0000       15.1421   844041   26.18%           id152 D   4312   4311     49
Elapsed real time = 1124.97 sec. (tree size = 413.57 MB, solutions = 4)
Nodefile size = 286.44 MB (224.87 MB after compression)
   4347  3011       13.0006   105       12.0000       15.1354   848804   26.13%           id227 D   4347   4346     46
   4363  2997       14.3179   119       12.0000       15.0999   852951   25.83%           id180 U   4363    649     15
   4383  3013       13.6901   110       12.0000       15.0987   857673   25.82%            id28 D   4383   4382     27
   4414  3035       13.8381   102       12.0000       15.0862   862259   25.72%            id37 D   4414   4413     44
   4450  3058       13.0221   106       12.0000       15.0797   866553   25.66%            id61 D   4450   4449     37
   4469  3065       13.6760    97       12.0000       15.0706   870492   25.59%             id1 D   4469   4468     45
   4512  3086        cutoff             12.0000       15.0642   874787   25.53%           id180 U   4512   1569     22
   4527  3083        cutoff             12.0000       15.0488   878873   25.41%           id235 U   4527   2345     26

User cuts applied:  22522

Root node processing (before b&c):
  Real time             =   28.80
Sequential b&c:
  Real time             = 1171.22
                          -------
Total (root+branch&cut) = 1200.03 sec.
Solution status = Feasible
Solution value  = 12
GAP             = 25.3649%
Heuristica 1 : 2447
Heuristica 2 : 1691
A = [ 0 0 0 0 0 0 0 0 0 0 0 0 0 0 0 0 0 0 0 0 0 0 0 0 0 0 0 0 0 0 0 0 0 0 0 1 0 0 0 0 1 0 0 0 0 0 0 0 0 0 0 0 0 0 0 0 0 0 0 0 0 0 0 0 0 0 0 0 0 0 0 0 0 0 0 0 0 0 1 0 0 0 0 0 0 0 0 0 0 0 0 0 0 0 0 0 0 0 0 0 0 0 0 0 0 0 0 1 0 0 0 0 0 1 0 0 0 0 1 0 ]
B = [ 0 0 0 0 0 0 0 0 0 0 0 0 0 0 0 0 0 0 0 0 0 0 0 0 0 0 0 0 0 0 0 0 0 0 0 0 0 1 0 0 0 0 1 0 0 0 0 0 0 0 0 0 0 0 0 0 0 0 0 0 0 0 0 0 0 0 1 0 0 0 0 0 0 0 0 0 0 0 0 0 0 0 0 0 0 0 0 1 0 0 0 0 0 0 0 0 1 0 0 0 0 0 0 0 0 0 0 0 0 0 0 0 0 0 1 0 0 0 0 0 ]
