LINE 15
DIMENSOES 120 6426
N cortes 1
Found feasible solution after 0.00 sec.  Objective = 0.0000
Clique table members: 706.
MIP emphasis: balance optimality and feasibility.
MIP search method: traditional branch-and-cut.
Parallel mode: none, using 1 thread.
Root relaxation solution time =    0.04 sec.

        Nodes                                         Cuts/
   Node  Left     Objective  IInf  Best Integer    Best Bound    ItCnt     Gap         Variable B NodeID Parent  Depth

*     0+    0                            0.0000                    487     --- 
*     0+    0                            6.0000                    487     --- 
      0     0       13.9416   132        6.0000       13.9416      487  132.36%
      0     0       13.5588   134        6.0000       User: 4      672  125.98%
      0     0       13.3080   128        6.0000       User: 4      824  121.80%
      0     0       13.2324   130        6.0000       User: 4      967  120.54%
*     0+    0                            7.0000       13.2324      967   89.03%
      0     0       13.1737   126        7.0000       User: 4     1096   88.20%
      0     0       13.0809   126        7.0000       User: 4     1234   86.87%
      0     0       13.0091   131        7.0000       User: 4     1336   85.84%
      0     0       12.9451   131        7.0000       User: 4     1435   84.93%
      0     0       12.8764   133        7.0000       User: 4     1537   83.95%
      0     0       12.8287   136        7.0000       User: 4     1623   83.27%
      0     0       12.7621   140        7.0000       User: 4     1735   82.32%
      0     0       12.7032   143        7.0000       User: 4     1855   81.47%
      0     0       12.6520   136        7.0000       User: 4     1961   80.74%
      0     0       12.6196   141        7.0000       User: 4     2064   80.28%
      0     0       12.5797   144        7.0000       User: 4     2158   79.71%
      0     0       12.5427   143        7.0000       User: 4     2289   79.18%
      0     0       12.5013   142        7.0000       User: 4     2389   78.59%
*     0+    0                            8.0000       12.5013     2389   56.27%
      0     0       12.4721   140        8.0000       User: 4     2474   55.90%
      0     0       12.4546   142        8.0000       User: 4     2544   55.68%
      0     0       12.4367   142        8.0000       User: 4     2607   55.46%
      0     0       12.4245   142        8.0000       User: 4     2661   55.31%
      0     0       12.4155   140        8.0000       User: 4     2720   55.19%
      0     0       12.3999   141        8.0000       User: 4     2778   55.00%
      0     0       12.3799   146        8.0000       User: 4     2859   54.75%
      0     0       12.3626   157        8.0000       User: 4     2931   54.53%
      0     0       12.3372   152        8.0000       User: 4     3039   54.22%
      0     0       12.3243   149        8.0000       User: 4     3097   54.05%
      0     0       12.3095   152        8.0000       User: 4     3159   53.87%
      0     0       12.2896   151        8.0000       User: 4     3231   53.62%
      0     0       12.2690   153        8.0000       User: 4     3318   53.36%
      0     0       12.2488   163        8.0000       User: 4     3414   53.11%
      0     0       12.2299   155        8.0000       User: 4     3501   52.87%
      0     0       12.2176   157        8.0000       User: 4     3576   52.72%
      0     0       12.1924   155        8.0000       User: 4     3651   52.40%
      0     0       12.1724   159        8.0000       User: 4     3730   52.16%
      0     0       12.1399   155        8.0000       User: 4     3836   51.75%
      0     0       12.1184   155        8.0000       User: 4     3926   51.48%
      0     0       12.1028   157        8.0000       User: 4     3992   51.28%
      0     0       12.0726   160        8.0000       User: 4     4110   50.91%
      0     0       12.0550   164        8.0000       User: 4     4204   50.69%
      0     0       12.0398   160        8.0000       User: 4     4275   50.50%
      0     0       12.0200   160        8.0000       User: 4     4381   50.25%
      0     0       12.0062   159        8.0000       User: 4     4466   50.08%
      0     0       11.9946   162        8.0000       User: 4     4541   49.93%
      0     0       11.9840   168        8.0000       User: 4     4621   49.80%
      0     0       11.9752   166        8.0000       User: 4     4692   49.69%
      0     0       11.9611   163        8.0000       User: 4     4777   49.51%
      0     0       11.9453   160        8.0000       User: 4     4847   49.32%
      0     0       11.9290   162        8.0000       User: 4     4933   49.11%
      0     0       11.9084   158        8.0000       User: 4     5017   48.85%
      0     0       11.8925   155        8.0000       User: 4     5077   48.66%
      0     0       11.8687   160        8.0000       User: 4     5183   48.36%
      0     0       11.8493   159        8.0000       User: 4     5259   48.12%
      0     0       11.8351   157        8.0000       User: 4     5325   47.94%
      0     0       11.8099   151        8.0000       User: 4     5404   47.62%
      0     0       11.7861   153        8.0000       User: 4     5480   47.33%
      0     0       11.7716   154        8.0000       User: 4     5564   47.15%
      0     0       11.7506   157        8.0000       User: 4     5654   46.88%
      0     0       11.7332   159        8.0000       User: 4     5738   46.66%
      0     0       11.7167   164        8.0000       User: 4     5812   46.46%
      0     0       11.7109   164        8.0000       User: 4     5864   46.39%
      0     0       11.6965   174        8.0000       User: 4     5951   46.21%
      0     0       11.6823   172        8.0000       User: 4     6025   46.03%
      0     0       11.6694   172        8.0000       User: 4     6090   45.87%
      0     0       11.6590   172        8.0000       User: 4     6153   45.74%
      0     0       11.6465   171        8.0000       User: 4     6225   45.58%
      0     0       11.6416   172        8.0000       User: 4     6267   45.52%
      0     0       11.6290   170        8.0000       User: 4     6347   45.36%
      0     0       11.6202   167        8.0000       User: 4     6416   45.25%
      0     0       11.6131   173        8.0000       User: 4     6481   45.16%
      0     0       11.6093   168        8.0000       User: 4     6526   45.12%
      0     0       11.6002   171        8.0000       User: 4     6594   45.00%
      0     0       11.5896   172        8.0000       User: 4     6668   44.87%
      0     0       11.5809   168        8.0000       User: 4     6738   44.76%
      0     0       11.5753   167        8.0000       User: 4     6798   44.69%
      0     0       11.5727   172        8.0000       User: 4     6844   44.66%
      0     0       11.5616   172        8.0000       User: 4     6918   44.52%
      0     0       11.5541   174        8.0000       User: 4     6965   44.43%
      0     0       11.5457   174        8.0000       User: 4     7038   44.32%
      0     0       11.5349   170        8.0000       User: 4     7102   44.19%
      0     0       11.5250   174        8.0000       User: 4     7168   44.06%
      0     0       11.5151   167        8.0000       User: 4     7241   43.94%
      0     0       11.5026   171        8.0000       User: 4     7329   43.78%
      0     0       11.4945   171        8.0000       User: 4     7398   43.68%
      0     0       11.4842   178        8.0000       User: 4     7479   43.55%
      0     0       11.4739   172        8.0000       User: 4     7567   43.42%
      0     0       11.4591   174        8.0000       User: 4     7675   43.24%
      0     0       11.4493   177        8.0000       User: 4     7753   43.12%
      0     0       11.4390   174        8.0000       User: 4     7829   42.99%
      0     0       11.4282   172        8.0000       User: 4     7912   42.85%
      0     0       11.4219   170        8.0000       User: 4     7992   42.77%
      0     0       11.4175   175        8.0000       User: 4     8045   42.72%
      0     0       11.4119   178        8.0000       User: 4     8103   42.65%
      0     0       11.4085   180        8.0000       User: 4     8162   42.61%
      0     0       11.4024   175        8.0000       User: 4     8236   42.53%
      0     0       11.3977   178        8.0000       User: 4     8311   42.47%
      0     0       11.3932   181        8.0000       User: 4     8369   42.42%
      0     0       11.3846   175        8.0000       User: 4     8453   42.31%
      0     0       11.3782   180        8.0000       User: 4     8531   42.23%
      0     0       11.3749   184        8.0000       User: 4     8592   42.19%
      0     0       11.3684   178        8.0000       User: 4     8665   42.10%
      0     0       11.3646   180        8.0000       User: 4     8719   42.06%
      0     0       11.3582   189        8.0000       User: 4     8789   41.98%
      0     0       11.3542   187        8.0000       User: 4     8854   41.93%
      0     0       11.3489   186        8.0000       User: 4     8944   41.86%
      0     0       11.3452   181        8.0000       User: 4     9004   41.81%
      0     0       11.3384   186        8.0000       User: 4     9076   41.73%
      0     0       11.3277   184        8.0000       User: 4     9150   41.60%
      0     0       11.3204   174        8.0000       User: 4     9218   41.51%
      0     0       11.3111   180        8.0000       User: 4     9287   41.39%
      0     0       11.3038   181        8.0000       User: 4     9345   41.30%
      0     0       11.2902   184        8.0000       User: 4     9439   41.13%
      0     0       11.2812   181        8.0000       User: 4     9528   41.01%
      0     0       11.2742   186        8.0000       User: 4     9600   40.93%
      0     0       11.2699   187        8.0000       User: 4     9648   40.87%
      0     0       11.2671   190        8.0000       User: 4     9686   40.84%
      0     0       11.2620   191        8.0000       User: 4     9754   40.78%
      0     0       11.2559   188        8.0000       User: 4     9818   40.70%
      0     0       11.2528   187        8.0000       User: 4     9869   40.66%
      0     0       11.2498   189        8.0000       User: 4     9917   40.62%
      0     0       11.2436   188        8.0000       User: 4     9987   40.54%
      0     0       11.2369   186        8.0000       User: 4    10066   40.46%
      0     0       11.2327   188        8.0000       User: 4    10144   40.41%
      0     0       11.2267   192        8.0000       User: 4    10231   40.33%
      0     0       11.2203   185        8.0000       User: 4    10313   40.25%
      0     0       11.2153   183        8.0000       User: 4    10375   40.19%
      0     0       11.2080   180        8.0000       User: 4    10453   40.10%
      0     0       11.2038   189        8.0000       User: 4    10509   40.05%
      0     0       11.2002   187        8.0000       User: 4    10581   40.00%
      0     0       11.1954   189        8.0000       User: 4    10640   39.94%
      0     0       11.1900   196        8.0000       User: 4    10694   39.87%
      0     0       11.1832   190        8.0000       User: 4    10774   39.79%
      0     0       11.1778   193        8.0000       User: 4    10839   39.72%
      0     0       11.1735   195        8.0000       User: 4    10902   39.67%
      0     0       11.1682   197        8.0000       User: 4    10964   39.60%
      0     0       11.1627   201        8.0000       User: 4    11023   39.53%
      0     0       11.1561   194        8.0000       User: 4    11089   39.45%
      0     0       11.1491   192        8.0000       User: 4    11165   39.36%
      0     0       11.1325   186        8.0000       User: 4    11258   39.16%
      0     0       11.1231   187        8.0000       User: 4    11343   39.04%
      0     0       11.1094   181        8.0000       User: 4    11429   38.87%
      0     0       11.0953   189        8.0000       User: 4    11526   38.69%
      0     0       11.0832   189        8.0000       User: 4    11629   38.54%
      0     0       11.0737   192        8.0000       User: 4    11730   38.42%
      0     0       11.0657   197        8.0000       User: 4    11814   38.32%
      0     0       11.0606   194        8.0000       User: 4    11871   38.26%
      0     0       11.0557   194        8.0000       User: 4    11936   38.20%
      0     0       11.0475   197        8.0000       User: 4    11999   38.09%
      0     0       11.0425   191        8.0000       User: 4    12071   38.03%
      0     0       11.0369   192        8.0000       User: 4    12127   37.96%
      0     0       11.0327   190        8.0000       User: 4    12184   37.91%
      0     0       11.0285   189        8.0000       User: 4    12256   37.86%
      0     0       11.0227   197        8.0000       User: 4    12326   37.78%
      0     0       11.0159   197        8.0000       User: 4    12396   37.70%
      0     0       11.0078   196        8.0000       User: 4    12474   37.60%
      0     0       11.0062   197        8.0000       User: 4    12520   37.58%
      0     0       11.0042   197        8.0000       User: 4    12570   37.55%
      0     0       11.0006   199        8.0000       User: 4    12636   37.51%
      0     0       10.9977   193        8.0000       User: 4    12692   37.47%
      0     0       10.9942   207        8.0000       User: 4    12750   37.43%
      0     0       10.9871   195        8.0000       User: 4    12836   37.34%
      0     0       10.9807   202        8.0000       User: 4    12911   37.26%
      0     0       10.9768   200        8.0000       User: 4    12981   37.21%
      0     0       10.9723   197        8.0000       User: 4    13031   37.15%
      0     0       10.9622   196        8.0000       User: 4    13113   37.03%
      0     0       10.9583   196        8.0000       User: 4    13178   36.98%
      0     0       10.9524   196        8.0000       User: 4    13246   36.91%
      0     0       10.9496   196        8.0000       User: 4    13308   36.87%
      0     0       10.9472   195        8.0000       User: 4    13361   36.84%
      0     0       10.9445   199        8.0000       User: 4    13413   36.81%
      0     0       10.9414   198        8.0000       User: 4    13456   36.77%
      0     0       10.9399   198        8.0000       User: 4    13499   36.75%
      0     0       10.9382   202        8.0000       User: 4    13530   36.73%
      0     0       10.9352   202        8.0000       User: 4    13591   36.69%
      0     0       10.9328   205        8.0000       User: 4    13632   36.66%
      0     0       10.9299   202        8.0000       User: 4    13674   36.62%
      0     0       10.9261   208        8.0000       User: 4    13740   36.58%
      0     0       10.9219   207        8.0000       User: 4    13802   36.52%
      0     0       10.9175   207        8.0000       User: 4    13859   36.47%
      0     0       10.9137   204        8.0000       User: 4    13923   36.42%
      0     0       10.9091   210        8.0000       User: 4    13976   36.36%
      0     0       10.9052   203        8.0000       User: 4    14029   36.31%
      0     0       10.9009   200        8.0000       User: 4    14081   36.26%
      0     0       10.8968   208        8.0000       User: 4    14127   36.21%
      0     0       10.8945   215        8.0000       User: 4    14178   36.18%
      0     0       10.8915   208        8.0000       User: 4    14248   36.14%
      0     0       10.8861   206        8.0000       User: 4    14309   36.08%
      0     0       10.8836   201        8.0000       User: 4    14351   36.04%
      0     0       10.8792   198        8.0000       User: 4    14410   35.99%
      0     0       10.8755   197        8.0000       User: 4    14459   35.94%
      0     0       10.8704   202        8.0000       User: 4    14514   35.88%
      0     0       10.8625   207        8.0000       User: 4    14584   35.78%
      0     0       10.8564   202        8.0000       User: 4    14650   35.70%
      0     0       10.8480   202        8.0000       User: 4    14735   35.60%
      0     0       10.8404   197        8.0000       User: 4    14809   35.51%
      0     0       10.8262   198        8.0000       User: 4    14898   35.33%
      0     0       10.8118   206        8.0000       User: 4    14991   35.15%
      0     0       10.8045   200        8.0000       User: 4    15054   35.06%
      0     0       10.8004   202        8.0000       User: 4    15120   35.00%
      0     0       10.7947   208        8.0000       User: 4    15192   34.93%
      0     0       10.7878   202        8.0000       User: 4    15276   34.85%
      0     0       10.7851   206        8.0000       User: 4    15335   34.81%
      0     0       10.7816   208        8.0000       User: 4    15408   34.77%
      0     0       10.7719   207        8.0000       User: 4    15484   34.65%
      0     0       10.7691   204        8.0000       User: 4    15522   34.61%
      0     0       10.7649   208        8.0000       User: 4    15579   34.56%
      0     0       10.7631   202        8.0000       User: 4    15626   34.54%
      0     0       10.7591   203        8.0000       User: 4    15691   34.49%
      0     0       10.7451   197        8.0000       User: 4    15789   34.31%
      0     0       10.7384   211        8.0000       User: 4    15853   34.23%
      0     0       10.7327   200        8.0000       User: 4    15929   34.16%
      0     0       10.7271   204        8.0000       User: 4    15999   34.09%
      0     0       10.7217   197        8.0000       User: 4    16071   34.02%
      0     0       10.7161   201        8.0000       User: 4    16151   33.95%
      0     0       10.7085   200        8.0000       User: 4    16213   33.86%
      0     0       10.7006   197        8.0000       User: 4    16299   33.76%
      0     0       10.6995   198        8.0000       User: 4    16325   33.74%
      0     0       10.6944   203        8.0000       User: 4    16388   33.68%
      0     0       10.6897   200        8.0000       User: 4    16442   33.62%
      0     0       10.6880   201        8.0000       User: 4    16479   33.60%
      0     0       10.6847   203        8.0000       User: 4    16533   33.56%
      0     0       10.6834   198        8.0000       User: 4    16578   33.54%
      0     0       10.6798   198        8.0000       User: 4    16642   33.50%
      0     0       10.6771   201        8.0000       User: 4    16691   33.46%
      0     0       10.6706   206        8.0000       User: 4    16742   33.38%
      0     0       10.6690   206        8.0000       User: 4    16786   33.36%
      0     0       10.6635   215        8.0000       User: 4    16853   33.29%
      0     0       10.6558   203        8.0000       User: 4    16918   33.20%
      0     0       10.6536   210        8.0000       User: 4    16959   33.17%
      0     0       10.6500   206        8.0000       User: 4    17015   33.12%
      0     0       10.6488   207        8.0000       User: 4    17055   33.11%
      0     0       10.6465   210        8.0000       User: 4    17107   33.08%
      0     0       10.6442   209        8.0000       User: 4    17163   33.05%
      0     0       10.6375   210        8.0000       User: 4    17244   32.97%
      0     0       10.6322   207        8.0000       User: 4    17324   32.90%
      0     0       10.6314   209        8.0000       User: 4    17356   32.89%
      0     0       10.6302   208        8.0000       User: 4    17390   32.88%
      0     0       10.6256   216        8.0000       User: 4    17462   32.82%
      0     0       10.6206   211        8.0000       User: 4    17518   32.76%
      0     0       10.6161   212        8.0000       User: 4    17578   32.70%
      0     0       10.6121   203        8.0000       User: 4    17636   32.65%
      0     0       10.6068   202        8.0000       User: 4    17706   32.59%
      0     0       10.6015   204        8.0000       User: 4    17781   32.52%
      0     0       10.5955   207        8.0000       User: 4    17855   32.44%
      0     0       10.5922   210        8.0000       User: 4    17915   32.40%
      0     0       10.5907   212        8.0000       User: 4    17960   32.38%
      0     0       10.5885   209        8.0000       User: 4    18014   32.36%
      0     0       10.5871   215        8.0000       User: 4    18067   32.34%
      0     0       10.5843   206        8.0000       User: 4    18123   32.30%
      0     0       10.5826   210        8.0000       User: 4    18178   32.28%
      0     0       10.5810   210        8.0000       User: 4    18221   32.26%
      0     0       10.5799   207        8.0000       User: 4    18268   32.25%
      0     0       10.5777   207        8.0000       User: 4    18316   32.22%
      0     0       10.5759   204        8.0000       User: 4    18357   32.20%
      0     0       10.5745   211        8.0000       User: 4    18402   32.18%
      0     0       10.5723   214        8.0000       User: 4    18445   32.15%
      0     0       10.5706   212        8.0000       User: 4    18493   32.13%
      0     0       10.5685   213        8.0000       User: 4    18548   32.11%
      0     0       10.5675   214        8.0000       User: 4    18588   32.09%
      0     0       10.5653   218        8.0000       User: 4    18628   32.07%
      0     0       10.5633   220        8.0000       User: 4    18679   32.04%
      0     0       10.5598   214        8.0000       User: 4    18765   32.00%
      0     0       10.5580   211        8.0000       User: 4    18823   31.97%
      0     0       10.5560   219        8.0000       User: 4    18882   31.95%
      0     0       10.5539   218        8.0000       User: 4    18933   31.92%
      0     0       10.5520   217        8.0000       User: 4    18983   31.90%
      0     0       10.5480   214        8.0000       User: 4    19045   31.85%
      0     0       10.5473   220        8.0000       User: 4    19079   31.84%
      0     0       10.5443   210        8.0000       User: 4    19123   31.80%
      0     0       10.5390   212        8.0000       User: 4    19183   31.74%
      0     0       10.5363   209        8.0000       User: 4    19245   31.70%
      0     0       10.5347   209        8.0000       User: 4    19288   31.68%
      0     0       10.5307   207        8.0000       User: 4    19341   31.63%
      0     0       10.5265   210        8.0000       User: 4    19413   31.58%
      0     0       10.5234   209        8.0000       User: 4    19491   31.54%
      0     0       10.5201   209        8.0000       User: 4    19565   31.50%
      0     0       10.5162   208        8.0000       User: 4    19637   31.45%
      0     0       10.5122   210        8.0000       User: 4    19694   31.40%
      0     0       10.5118   209        8.0000       User: 4    19717   31.40%
      0     0       10.5114   211        8.0000       User: 4    19740   31.39%
      0     0       10.5101   207        8.0000       User: 4    19778   31.38%
      0     0       10.5096   203        8.0000       User: 4    19809   31.37%
      0     0       10.5075   209        8.0000       User: 4    19855   31.34%
      0     0       10.5062   212        8.0000       User: 4    19889   31.33%
      0     0       10.5033   213        8.0000       User: 4    19948   31.29%
      0     0       10.5004   208        8.0000       User: 4    20000   31.26%
      0     0       10.4967   213        8.0000       User: 4    20063   31.21%
      0     0       10.4953   213        8.0000       User: 4    20098   31.19%
      0     0       10.4933   217        8.0000       User: 4    20148   31.17%
      0     0       10.4921   213        8.0000       User: 4    20188   31.15%
      0     0       10.4879   216        8.0000       User: 4    20263   31.10%
      0     0       10.4858   218        8.0000       User: 4    20308   31.07%
      0     0       10.4828   218        8.0000       User: 4    20359   31.03%
      0     0       10.4813   215        8.0000       User: 4    20399   31.02%
      0     0       10.4793   211        8.0000       User: 4    20457   30.99%
      0     0       10.4785   214        8.0000       User: 4    20488   30.98%
      0     0       10.4775   216        8.0000       User: 4    20528   30.97%
      0     0       10.4760   218        8.0000       User: 4    20579   30.95%
      0     0       10.4749   220        8.0000       User: 4    20643   30.94%
      0     0       10.4719   218        8.0000       User: 4    20696   30.90%
      0     0       10.4682   213        8.0000       User: 4    20755   30.85%
      0     0       10.4652   215        8.0000       User: 4    20833   30.81%
      0     0       10.4635   218        8.0000       User: 4    20885   30.79%
      0     0       10.4580   214        8.0000       User: 4    20963   30.73%
      0     0       10.4566   215        8.0000       User: 4    21003   30.71%
      0     0       10.4508   213        8.0000       User: 4    21086   30.63%
      0     0       10.4475   214        8.0000       User: 4    21117   30.59%
      0     0       10.4444   214        8.0000       User: 4    21166   30.56%
      0     0       10.4433   217        8.0000       User: 4    21198   30.54%
      0     0       10.4416   215        8.0000       User: 4    21247   30.52%
      0     0       10.4380   212        8.0000       User: 4    21303   30.48%
      0     0       10.4357   218        8.0000       User: 4    21355   30.45%
      0     0       10.4338   220        8.0000       User: 4    21400   30.42%
      0     0       10.4318   221        8.0000       User: 4    21443   30.40%
      0     0       10.4291   214        8.0000       User: 4    21505   30.36%
      0     0       10.4272   208        8.0000       User: 4    21555   30.34%
      0     0       10.4248   217        8.0000       User: 4    21596   30.31%
      0     0        cutoff              8.0000        8.0000    21651    0.00%                        0             0
Elapsed real time =  27.56 sec. (tree size =  0.00 MB, solutions = 4)

User cuts applied:  1268

Root node processing (before b&c):
  Real time             =   27.56
Sequential b&c:
  Real time             =    0.00
                          -------
Total (root+branch&cut) =   27.56 sec.
Solution status = Optimal
Solution value  = 8
GAP             = 0%
Heuristica 1 : 63
Heuristica 2 : 254
A = [ 0 0 0 0 0 0 0 0 0 0 0 0 0 0 0 0 0 0 0 0 0 0 1 0 0 0 0 0 0 0 0 0 0 0 0 0 0 0 0 0 0 1 0 0 0 0 0 0 0 0 0 0 0 0 0 0 0 0 0 0 0 0 0 0 0 0 0 0 0 0 0 0 0 0 0 0 0 0 0 0 1 0 0 0 0 0 0 0 0 0 0 0 0 0 0 0 0 0 0 0 0 0 0 0 0 0 0 0 0 1 0 0 0 0 0 0 0 0 0 0 ]
B = [ 0 0 0 0 0 0 0 0 0 0 0 0 0 0 0 0 0 0 0 0 0 0 0 0 0 0 0 0 0 0 0 0 0 0 0 0 0 0 0 0 0 0 0 0 0 1 0 0 1 0 0 0 0 0 0 0 0 0 0 0 0 0 0 0 0 0 0 0 0 0 0 0 0 0 0 0 0 0 0 0 0 0 0 0 0 0 0 0 0 0 0 0 0 0 0 0 0 0 0 0 0 0 0 1 1 0 0 0 0 0 0 0 0 0 0 0 0 0 0 0 ]
