LINE 15
DIMENSOES 120 2142
N cortes 1
Found feasible solution after 0.00 sec.  Objective = 0.0000
Clique table members: 1470.
MIP emphasis: balance optimality and feasibility.
MIP search method: traditional branch-and-cut.
Parallel mode: none, using 1 thread.
Root relaxation solution time =    0.11 sec.

        Nodes                                         Cuts/
   Node  Left     Objective  IInf  Best Integer    Best Bound    ItCnt     Gap         Variable B NodeID Parent  Depth

*     0+    0                            0.0000                    869     --- 
*     0+    0                           23.0000                    869     --- 
      0     0       57.7083   241       23.0000       57.7083      869  150.91%
*     0+    0                           24.0000       57.7083      869  140.45%
      0     0       57.4364   239       24.0000       User: 4      950  139.32%
*     0+    0                           26.0000       57.4364      950  120.91%
      0     0       57.3473   239       26.0000       User: 4     1015  120.57%
      0     0       57.3152   239       26.0000       User: 4     1067  120.44%
      0     0       57.1071   237       26.0000       User: 4     1163  119.64%
      0     0       57.0223   237       26.0000       User: 4     1215  119.32%
      0     0       56.9159   239       26.0000       User: 4     1296  118.91%
      0     0       56.8241   235       26.0000       User: 4     1369  118.55%
      0     0       56.6783   235       26.0000       User: 4     1464  117.99%
      0     0       56.6561   234       26.0000       User: 4     1502  117.91%
      0     0       56.6347   235       26.0000       User: 4     1530  117.83%
      0     0       56.5393   234       26.0000       User: 4     1597  117.46%
      0     0       56.5226   237       26.0000       User: 4     1638  117.39%
      0     0       56.4585   239       26.0000       User: 4     1689  117.15%
      0     0       56.4469   240       26.0000       User: 2     1705  117.10%
      0     0       56.4227   240       26.0000       User: 2     1723  117.01%
      0     0       56.4204   240       26.0000       User: 2     1731  117.00%
      0     0       56.3526   240       26.0000       User: 2     1764  116.74%
      0     0       56.2947   239       26.0000       User: 2     1797  116.52%
*     0+    0                           27.0000       56.2947     1797  108.50%
      0     0       56.2605   240       27.0000       User: 2     1823  108.37%
      0     0       56.1597   240       27.0000       User: 2     1864  108.00%
      0     0       56.0957   239       27.0000       User: 2     1902  107.76%
      0     0       55.9601   240       27.0000       User: 2     1955  107.26%
      0     0       55.8990   240       27.0000       User: 2     1990  107.03%
      0     0       55.8286   237       27.0000       User: 2     2022  106.77%
      0     0       55.8177   239       27.0000       User: 2     2035  106.73%
      0     0       55.7989   238       27.0000       User: 2     2064  106.66%
      0     0       55.7539   239       27.0000       User: 2     2101  106.50%
      0     0       55.7514   238       27.0000       User: 2     2108  106.49%
      0     0       55.7506   239       27.0000       User: 2     2112  106.48%
      0     0       55.7168   239       27.0000       User: 2     2135  106.36%
      0     0       55.7109   239       27.0000       User: 2     2143  106.34%
      0     0       55.6281   239       27.0000       User: 2     2177  106.03%
      0     0       55.6035   239       27.0000       User: 2     2192  105.94%
      0     0       55.5904   240       27.0000       User: 2     2202  105.89%
      0     0       55.5838   239       27.0000       User: 2     2216  105.87%
      0     0       55.4463   239       27.0000       User: 2     2272  105.36%
      0     0       55.3421   238       27.0000       User: 2     2322  104.97%
      0     0       55.3401   239       27.0000       User: 2     2330  104.96%
      0     0       55.3066   239       27.0000       User: 2     2361  104.84%
      0     0       55.2985   239       27.0000       User: 2     2376  104.81%
      0     0       55.2686   239       27.0000       User: 2     2397  104.70%
      0     0       55.2224   239       27.0000       User: 2     2421  104.53%
      0     0       55.2187   238       27.0000       User: 2     2431  104.51%
      0     0       55.1947   239       27.0000       User: 2     2462  104.42%
      0     0       55.1823   239       27.0000       User: 2     2475  104.38%
      0     0       55.0672   239       27.0000       User: 2     2521  103.95%
      0     0       55.0064   239       27.0000       User: 2     2569  103.73%
      0     0       55.0030   239       27.0000       User: 2     2578  103.71%
      0     0       54.9973   240       27.0000       User: 2     2589  103.69%
      0     0       54.9814   240       27.0000       User: 2     2611  103.63%
      0     0       54.9796   240       27.0000       User: 2     2619  103.63%
      0     0       54.9375   240       27.0000       User: 2     2646  103.47%
      0     0       54.9258   238       27.0000       User: 2     2665  103.43%
      0     0       54.8763   240       27.0000       User: 2     2693  103.25%
      0     0       54.8741   240       27.0000       User: 2     2699  103.24%
      0     0       54.8725   239       27.0000       User: 2     2705  103.23%
      0     0       54.8612   239       27.0000       User: 2     2725  103.19%
      0     0       54.8609   238       27.0000       User: 2     2731  103.19%
      0     2       54.8609   238       27.0000       54.8431     2731  103.12%                        0             0
Elapsed real time =   2.90 sec. (tree size =  0.00 MB, solutions = 5)
      2     4       53.0851   236       27.0000       54.8431     3911  103.12%            id59 D      2      1      2
      4     6       49.2343   208       27.0000       54.8431     4707  103.12%            id81 U      4      2      3
     10    12       46.3558   191       27.0000       54.8431     8252  103.12%            id99 U     10      8      7
     20    22       44.3617   190       27.0000       54.8431    11164  103.12%           id120 D     20     19     15
     35    37       41.4712   175       27.0000       54.8431    13812  103.12%            id37 D     35     33     27
     50    52       37.7467   160       27.0000       54.8431    16841  103.12%            id24 D     50     49     41
     61    63       35.8856   151       27.0000       54.8431    19426  103.12%           id155 D     61     60     49
     75    77       32.3247   119       27.0000       54.8431    22392  103.12%           id226 U     75     73     59
     97    93       48.0392   207       27.0000       53.4945    25625   98.13%            id16 U     97      0      1
    129   125       36.2820   122       27.0000       53.4945    31500   98.13%           id184 U    129    126     28
Elapsed real time =   9.17 sec. (tree size =  0.55 MB, solutions = 5)
    195   183       44.7201   195       27.0000       52.9938    40681   96.27%           id152 D    195    194     11
    267   255       31.2781   120       27.0000       52.9938    47671   96.27%           id110 D    267    266     83
    353   337       33.2287   134       27.0000       52.3853    57867   94.02%           id142 D    353    352     70
    429   409       35.5672   149       27.0000       51.6287    66879   91.22%           id101 D    429    428     52
    485   461       40.5030   166       27.0000       50.7073    73235   87.80%           id102 U    485    483     14
    553   521       48.0297   229       27.0000       50.6569    82157   87.62%            id84 D    553     12     10
    610   578       37.0139   173       27.0000       50.6569    88773   87.62%           id155 D    610    609     67
    680   644       40.5052   185       27.0000       49.2336    95791   82.35%           id121 D    680    679     22
    762   722       40.8835   170       27.0000       49.2280   104139   82.33%           id211 D    762    761     13
    847   803       42.5461   193       27.0000       48.3097   112453   78.92%           id121 D    847    846     20
Elapsed real time =  26.58 sec. (tree size =  1.53 MB, solutions = 5)
    939   891       43.3868   193       27.0000       48.2952   120536   78.87%           id209 D    939    938     14
   1011   961       29.7600   105       27.0000       48.2952   128923   78.87%           id228 D   1011   1009     75
   1085  1021       30.6271   115       27.0000       48.0352   136447   77.91%            id19 D   1085   1084     62
   1161  1093       30.5196   121       27.0000       48.0138   143936   77.83%           id228 D   1161   1160     61
   1235  1163       33.2974   140       27.0000       47.5929   152053   76.27%           id118 D   1235   1234     72
   1335  1259       30.1179   120       27.0000       47.4022   160099   75.56%            id31 D   1335   1334     76
   1366  1286       36.5972   143       27.0000       47.1977   165250   74.81%           id102 U   1366   1363     25
   1416  1336       30.3413   113       27.0000       47.1977   173266   74.81%            id19 U   1416   1414     64
   1498  1408       32.3996   137       27.0000       47.1442   180824   74.61%            id31 D   1498   1497     57
   1584  1490       33.3673   145       27.0000       46.9802   188454   74.00%           id168 D   1584   1583     67
Elapsed real time =  45.02 sec. (tree size =  2.74 MB, solutions = 5)
   1645  1543        cutoff             27.0000       46.9423   195895   73.86%           id120 D   1645   1643     24
   1715  1613       29.7348   109       27.0000       46.8797   203208   73.63%           id201 D   1715   1714     74
   1758  1653       36.6565   157       27.0000       46.8564   209819   73.54%             id7 D   1758   1756     40
   1813  1702       41.5867   176       27.0000       46.7389   216920   73.11%            id99 U   1813     98      3
   1887  1772       41.7192   185       27.0000       46.6732   223893   72.86%           id200 D   1887   1886     23
   1966  1847       39.5300   162       27.0000       46.5166   231609   72.28%            id28 D   1966   1965      8
   2048  1925       34.1792   136       27.0000       46.5162   239328   72.28%           id121 D   2048   2047     33
   2107  1980       34.8156   138       27.0000       46.4278   246761   71.95%           id101 U   2107   2105     40
   2146  2017       28.6282    84       27.0000       46.4278   252742   71.95%           id178 D   2146   2145     71
   2228  2089       40.9942   175       27.0000       46.3917   260810   71.82%           id113 U   2228    187      4
Elapsed real time =  64.24 sec. (tree size =  4.15 MB, solutions = 5)
   2296  2153       40.0442   169       27.0000       46.3541   267728   71.68%            id84 U   2296     14     11
   2363  2216       39.5530   166       27.0000       46.3400   274397   71.63%           id184 D   2363   2362     11
   2430  2279       39.8869   171       27.0000       46.2938   281433   71.46%            id17 U   2430   2427     14
   2480  2321       42.2261   177       27.0000       46.2861   288486   71.43%           id200 U   2480    290      8
   2555  2392       42.3347   190       27.0000       46.2096   296066   71.15%           id200 U   2555    561     19
   2638  2471       43.3094   195       27.0000       46.1641   303498   70.98%           id102 D   2638   2637     22
   2722  2551       41.0286   175       27.0000       46.1541   311402   70.94%            id99 U   2722    188      5
   2794  2620       42.1740   179       27.0000       46.0156   318613   70.43%            id84 U   2794    831      5
   2802  2628       39.3610   161       27.0000       46.0156   319715   70.43%             id4 U   2802   2800     12
   2829  2655       33.7255   128       27.0000       46.0156   325841   70.43%           id155 U   2829   2827     30
Elapsed real time =  84.01 sec. (tree size =  5.20 MB, solutions = 5)
   2898  2716       39.9966   180       27.0000       45.9888   332533   70.33%            id91 D   2898   2897     34
   2974  2788       40.4423   171       27.0000       45.9044   339525   70.02%           id104 D   2974   2973     13
   3030  2838       33.1735   129       27.0000       45.8493   346367   69.81%           id142 D   3030   3029     41
   3106  2910       30.7521   123       27.0000       45.7838   353369   69.57%           id100 D   3106   3105     53
   3158  2958       33.8415   125       27.0000       45.7744   360051   69.53%           id236 U   3158   3156     34
   3200  2995       38.4539   172       27.0000       45.6627   365270   69.12%           id230 D   3200   3199     37
   3275  3066       38.1952   160       27.0000       45.6126   372098   68.94%             id4 D   3275   3274     18
   3351  3138       36.9424   163       27.0000       45.6108   379088   68.93%           id101 D   3351   3350     41
   3422  3205       36.3367   149       27.0000       45.5703   385611   68.78%           id152 D   3422   3421     21
   3479  3258       36.4293   131       27.0000       45.5594   391941   68.74%           id146 U   3479   3477     18
Elapsed real time = 103.17 sec. (tree size =  6.10 MB, solutions = 5)
   3524  3295       40.7971   168       27.0000       45.5473   397637   68.69%           id104 D   3524   3523     11
   3593  3360       40.5505   172       27.0000       45.5191   404026   68.59%            id79 U   3593     16     12
   3618  3385       34.8174   145       27.0000       45.5191   406822   68.59%            id73 D   3618   3617     37
   3684  3447       35.0531   144       27.0000       45.4873   413292   68.47%           id147 D   3684   3683     34
   3759  3518       32.7244   138       27.0000       45.3601   420178   68.00%           id240 D   3759   3758     44
   3808  3563       36.5768   139       27.0000       45.3345   426262   67.91%            id14 U   3808   3805     23
   3875  3620       38.6568   159       27.0000       45.3014   433901   67.78%           id199 U   3875     17     13
   3946  3687       36.5650   152       27.0000       45.2988   440629   67.77%           id225 D   3946   3945     23
   4019  3756       35.8644   159       27.0000       45.2868   447444   67.73%           id233 D   4019   4018     48
   4092  3825       35.7831   148       27.0000       45.2673   454338   67.66%            id91 D   4092   4091     30
Elapsed real time = 122.73 sec. (tree size =  7.05 MB, solutions = 5)
   4160  3889       32.9327   120       27.0000       45.2596   460948   67.63%           id211 U   4160   4158     28
   4205  3930       29.9065    84       27.0000       45.1898   466904   67.37%            id91 D   4205   4204     23
   4270  3991       28.7861   109       27.0000       45.1710   473533   67.30%           id148 D   4270   4269     68
   4338  4056       28.2018   106       27.0000       45.0612   480035   66.89%            id82 D   4338   4337     71
   4414  4124       40.3079   166       27.0000       44.9982   487456   66.66%            id80 U   4414    294     12
   4465  4171       40.9335   188       27.0000       44.9723   493762   66.56%             id6 D   4465   4464     28
   4541  4244       40.8219   174       27.0000       44.9717   500725   66.56%           id152 U   4541    194     11
   4611  4310       39.5355   168       27.0000       44.9488   507368   66.48%           id184 D   4611   4610     12
   4675  4370       41.3093   177       27.0000       44.9437   514367   66.46%            id28 U   4675    835      9
   4750  4441       39.4277   164       27.0000       44.8909   521384   66.26%             id6 U   4750   1174     12
Elapsed real time = 142.84 sec. (tree size =  8.31 MB, solutions = 5)
   4800  4491       30.9420   109       27.0000       44.8909   527505   66.26%           id103 D   4800   4799     55
   4876  4557        cutoff             27.0000       44.8772   533927   66.21%           id238 D   4876   4875     63
   4941  4617       39.9310   170       27.0000       44.8388   540950   66.07%           id104 U   4941    932      8
   5010  4682       39.6872   168       27.0000       44.8064   547216   65.95%           id184 D   5010   5009      9
   5076  4744       39.7749   169       27.0000       44.7768   553416   65.84%           id113 U   5076    384      8
   5106  4774       31.1341    88       27.0000       44.7768   558920   65.84%           id186 U   5106   5103     30
   5148  4804       38.6706   156       27.0000       44.7636   565032   65.79%           id184 U   5148    385      9
   5229  4881       33.9591   140       27.0000       44.7630   571667   65.79%           id170 D   5229   5228     41
   5297  4945       34.2462   143       27.0000       44.7539   578416   65.76%           id170 D   5297   5296     40
   5374  5018       33.3490   137       27.0000       44.7021   584822   65.56%             id7 D   5374   5373     45
Elapsed real time = 163.17 sec. (tree size =  9.54 MB, solutions = 5)
   5425  5065       32.5656   108       27.0000       44.6759   591053   65.47%           id146 U   5425   5423     36
   5475  5107       33.0297   140       27.0000       44.6658   596996   65.43%           id233 D   5475   5474     41
   5548  5177       31.4029   126       27.0000       44.6192   603537   65.26%            id49 D   5548   5547     52
   5617  5242       31.4301   128       27.0000       44.6192   610136   65.26%            id75 D   5617   5616     63
   5685  5305       31.4778   125       27.0000       44.5802   616570   65.11%           id162 D   5685   5684     55
   5727  5343       33.8659   116       27.0000       44.5529   622070   65.01%            id73 U   5727   5725     31
   5753  5369       30.3087    93       27.0000       44.5529   626643   65.01%            id12 D   5753   5751     51
   5809  5421       31.5804   130       27.0000       44.5456   632920   64.98%           id240 D   5809   5808     55
   5879  5487       30.8998   120       27.0000       44.5046   639201   64.83%           id224 D   5879   5878     53
   6093  5679       38.5647   154       27.0000       44.3555   662499   64.28%           id209 U   6093    387     11
Elapsed real time = 188.81 sec. (tree size = 10.82 MB, solutions = 5)
   6349  5919       29.7854   103       27.0000       44.3006   687640   64.08%           id162 U   6349   6347     43
   6576  6121       34.6228   139       27.0000       44.1576   710921   63.55%            id73 D   6576   6575     41
   6832  6362       33.2288   135       27.0000       44.1404   735417   63.48%            id20 D   6832   6831     42
   7067  6581       34.3574   143       27.0000       44.0247   759069   63.05%           id103 D   7067   7066     47
   7244  6740       39.7287   171       27.0000       43.9213   778319   62.67%            id79 D   7244   7243     21
   7489  6969       37.6179   154       27.0000       43.8472   801897   62.40%           id225 D   7489   7488     19
   7696  7159       38.4627   161       27.0000       43.6751   824876   61.76%             id6 D   7696   7695     14
   7930  7377       33.8014   135       27.0000       43.6477   848129   61.66%             id7 D   7930   7929     41
   8163  7591       31.4166   125       27.0000       43.6013   871130   61.49%           id167 D   8163   8162     63
   8386  7800       32.7729   142       27.0000       43.5426   894474   61.27%            id49 D   8386   8385     62
Elapsed real time = 266.22 sec. (tree size = 15.87 MB, solutions = 5)
   8603  8002       39.5145   171       27.0000       43.5171   916956   61.17%           id193 U   8603    843     17
   8788  8169       28.1447   105       27.0000       43.4726   938956   61.01%           id192 D   8788   8787     75
   8964  8325       36.6617   146       27.0000       43.3913   958390   60.71%           id211 D   8964   8963     30
   9216  8561       31.9188   143       27.0000       43.3524   982336   60.56%            id31 D   9216   9215     78
   9446  8771       33.2159   116       27.0000       43.2849  1005370   60.31%           id165 U   9446   9444     40
   9642  8949       39.1307   163       27.0000       43.1722  1027076   59.90%             id6 U   9642   2080     19
   9812  9101       30.2238   116       27.0000       43.1028  1046932   59.64%           id233 D   9812   9811     54
  10046  9315       28.6949   108       27.0000       43.0765  1068216   59.54%           id174 D  10046  10045     78
  10253  9507       32.9853   120       27.0000       43.0300  1089642   59.37%           id100 U  10253  10251     39
  10457  9695       30.1759   114       27.0000       42.9910  1111368   59.23%           id100 D  10457  10456     54
Elapsed real time = 345.46 sec. (tree size = 19.99 MB, solutions = 5)
  10662  9885       39.2884   165       27.0000       42.9608  1133488   59.11%           id193 U  10662   2081     20
* 10863  9179      integral     0       28.0000       42.8876  1153512   53.17%            id97 D  10863  10861     18
  11072  9372       36.1142   147       28.0000       42.7712  1175388   52.75%             id4 D  11072  11071     19
  11289  9570       32.8091   131       28.0000       42.7503  1197229   52.68%           id232 D  11289  11288     42
  11499  9757       39.0226   166       28.0000       42.7155  1219249   52.56%           id124 U  11499   2423     10
  11695  9934       38.8188   158       28.0000       42.6442  1239295   52.30%           id200 D  11695  11694     16
  11860 10082       38.3814   161       28.0000       42.5910  1259219   52.11%            id14 U  11860   1184     22
  12076 10284       32.0994   119       28.0000       42.5515  1280376   51.97%            id69 D  12076  12075     29
  12313 10507       31.2111   116       28.0000       42.5021  1303185   51.79%           id100 D  12313  12312     47
  12518 10690       31.8160   127       28.0000       42.4567  1323098   51.63%            id41 D  12518  12517     48
Elapsed real time = 424.36 sec. (tree size = 22.11 MB, solutions = 6)
  12728 10878       35.1729   145       28.0000       42.4232  1344839   51.51%            id23 D  12728  12727     37
  12914 11053       30.5424   121       28.0000       42.3946  1366407   51.41%            id75 D  12914  12913     63
  13119 11236       38.8035   166       28.0000       42.2803  1387514   51.00%           id121 D  13119  13118     24
  13320 11422       30.1132   117       28.0000       42.2768  1405218   50.99%           id150 D  13320  13319     57
  13553 11630       37.5334   155       28.0000       42.2160  1420172   50.77%           id211 U  13553    121     24
  13821 11864       39.2034   168       28.0000       42.1704  1435124   50.61%           id146 U  13821   2888     25
  14020 12046       32.6323   137       28.0000       42.1337  1449782   50.48%            id23 D  14020  14019     36
  14271 12271       30.8065   120       28.0000       42.1100  1464572   50.39%           id232 D  14271  14270     33
  14499 12467       32.8636   132       28.0000       42.0567  1479111   50.20%            id97 D  14499  14498     41
  14743 12691       29.5428   109       28.0000       42.0277  1493402   50.10%            id89 D  14743  14742     71
Elapsed real time = 504.47 sec. (tree size = 138.52 MB, solutions = 6)
Nodefile size = 11.38 MB (8.62 MB after compression)
  14990 12910       32.5519   135       28.0000       41.9613  1507228   49.86%            id41 D  14990  14989     44
  15242 13135       33.0782   113       28.0000       41.9227  1521549   49.72%           id193 U  15242  15241     27
  15463 13332       34.9955   137       28.0000       41.9016  1535047   49.65%           id198 U  15463  15461     32
  15708 13553       37.7965   162       28.0000       41.8554  1548844   49.48%             id6 D  15708  15707     23
  15935 13758       36.4658   154       28.0000       41.8075  1562639   49.31%           id147 D  15935  15933     41
  16147 13947       31.5530    84       28.0000       41.7785  1576300   49.21%           id209 U  16147  16146     16
* 16153 12627      integral     0       29.0000       41.7785  1576530   44.06%             id7 U  16153  16152     22
  16373 12821       37.0806   145       29.0000       41.7399  1590790   43.93%            id17 D  16373  16372     20
  16600 13021       36.3603   149       29.0000       41.7116  1604519   43.83%            id86 U  16600   1887     24
  16827 13226       31.5711   129       29.0000       41.6704  1617674   43.69%           id100 D  16827  16826     58
Elapsed real time = 580.64 sec. (tree size = 274.00 MB, solutions = 7)
Nodefile size = 146.28 MB (115.45 MB after compression)
  17045 13416       33.7440   129       29.0000       41.6340  1632053   43.57%            id23 D  17045  17044     35
  17256 13604       36.5818   135       29.0000       41.5911  1645966   43.42%           id184 U  17256   3466      9
  17497 13820       33.2331   124       29.0000       41.5400  1660101   43.24%            id86 D  17497  17496     24
  17699 13988       30.3621   107       29.0000       41.5040  1674016   43.12%           id232 D  17699  17698     36
  17889 14155       34.4771   108       29.0000       41.4685  1687455   42.99%           id236 U  17889  17887     32
  18110 14347       36.6640   151       29.0000       41.4372  1701476   42.89%           id102 U  18110   3185     23
  18334 14546       38.4930   151       29.0000       41.4063  1716020   42.78%           id102 U  18334   3125      8
  18568 14749       38.2817   161       29.0000       41.3670  1730187   42.64%           id127 U  18568   1889     26
  18804 14963       32.3610   125       29.0000       41.3412  1743841   42.56%           id120 D  18804  18803     29
  19000 15140       38.4001   176       29.0000       41.3072  1757524   42.44%           id155 D  19000  18999     25
Elapsed real time = 665.80 sec. (tree size = 444.36 MB, solutions = 7)
Nodefile size = 316.50 MB (252.49 MB after compression)
  19226 15344       38.7970   153       29.0000       41.2694  1771622   42.31%           id104 U  19226   2796      8
  19430 15530       31.9991   118       29.0000       41.2510  1784587   42.24%           id115 D  19430  19429     34
  19635 15708       35.2271   153       29.0000       41.1851  1798769   42.02%            id69 D  19635  19634     33
  19856 15905       30.8216   119       29.0000       41.1719  1812024   41.97%           id178 D  19856  19855     58
  20064 16088       34.0293   150       29.0000       41.1405  1826037   41.86%            id39 D  20064  20063     57
  20282 16282       30.9487   112       29.0000       41.1062  1840060   41.75%           id226 D  20282  20281     38
  20494 16464       34.3779   118       29.0000       41.0631  1853730   41.60%            id14 U  20494  20492     16
  20721 16659       35.6226   140       29.0000       41.0278  1867687   41.48%             id4 D  20721  20720     14
  20942 16853       34.2471   147       29.0000       40.9994  1881503   41.38%           id120 D  20942  20941     48
  21159 17042       30.3549   121       29.0000       40.9651  1894840   41.26%            id39 D  21159  21158     59
Elapsed real time = 750.57 sec. (tree size = 609.62 MB, solutions = 7)
Nodefile size = 481.99 MB (386.02 MB after compression)
  21380 17230       37.7797   164       29.0000       40.9094  1908515   41.07%           id109 D  21380  21379     31
  21602 17423       35.7264   148       29.0000       40.8895  1922538   41.00%            id86 U  21602   2893     30
  21812 17604       32.1214   127       29.0000       40.8637  1936100   40.91%            id41 D  21812  21811     46
  22027 17798       32.3799   122       29.0000       40.8294  1949626   40.79%           id209 D  22027  22026     34
  22260 17997       33.9869   129       29.0000       40.8117  1963328   40.73%           id152 D  22260  22259     24
  22469 18184       31.9451   117       29.0000       40.7805  1976980   40.62%           id210 U  22469  22467     35
  22664 18357       31.6047   117       29.0000       40.7567  1989988   40.54%           id232 U  22664  22662     36
  22881 18547       31.8509   119       29.0000       40.7257  2002969   40.43%           id120 D  22881  22880     38
  23112 18752       35.3011   130       29.0000       40.7067  2017849   40.37%           id121 U  23112    763     15
  23322 18933       33.0905   130       29.0000       40.6827  2031416   40.29%            id20 D  23322  23321     40
Elapsed real time = 836.05 sec. (tree size = 779.53 MB, solutions = 7)
Nodefile size = 652.49 MB (523.90 MB after compression)
  23500 19093       34.0808   140       29.0000       40.6527  2044861   40.18%             id4 D  23500  23499     32
  23719 19282       32.4222   132       29.0000       40.6304  2058840   40.10%           id142 D  23719  23718     43
  23921 19449       34.6856   147       29.0000       40.6025  2072928   40.01%           id198 D  23921  23920     41
  24144 19646       32.1620   135       29.0000       40.5889  2086921   39.96%           id143 D  24144  24143     61
  24340 19814       34.4608   117       29.0000       40.5399  2100479   39.79%           id155 U  24340  24338     20
  24519 19971       32.8975   132       29.0000       40.5242  2112910   39.74%           id162 D  24519  24518     48
  24720 20142       36.8911   154       29.0000       40.5111  2125626   39.69%           id186 D  24720  24719     35
  24936 20335       37.0357   154       29.0000       40.5009  2137982   39.66%            id86 D  24936  24935     24
  25137 20504       32.6186   120       29.0000       40.4841  2151367   39.60%           id209 D  25137  25136     34
  25305 20651       33.4643   125       29.0000       40.4747  2163978   39.57%           id189 D  25305  25304     20
Elapsed real time = 921.41 sec. (tree size = 937.48 MB, solutions = 7)
Nodefile size = 810.23 MB (650.35 MB after compression)
  25483 20807       31.0104   122       29.0000       40.4548  2178500   39.50%            id78 U  25483  25482     56
  25661 20960       33.6793   127       29.0000       40.4429  2191780   39.46%           id210 D  25661  25660     29
  25827 21103       33.8358   141       29.0000       40.4290  2207572   39.41%           id120 D  25827  25826     41
  25980 21236       31.4977   126       29.0000       40.4225  2222949   39.39%           id101 D  25980  25979     45
  26159 21389       34.9734   138       29.0000       40.4015  2237347   39.32%            id69 U  26159   1367     27
  26338 21542       37.1391   142       29.0000       40.3734  2252323   39.22%           id121 U  26338   3527     15
  26533 21716        cutoff             29.0000       40.3674  2267433   39.20%           id143 D  26533  26532     41
  26751 21908       36.1021   134       29.0000       40.3446  2280814   39.12%           id199 D  26751  26750     17
  26961 22090       37.4974   158       29.0000       40.3330  2294344   39.08%           id155 U  26961   4467     31
  27160 22259       30.5634   116       29.0000       40.3071  2308364   38.99%           id159 D  27160  27159     56
Elapsed real time = 1007.37 sec. (tree size = 1062.20 MB, solutions = 7)
Nodefile size = 935.00 MB (749.69 MB after compression)
  27371 22438       35.8316   137       29.0000       40.2721  2321267   38.87%            id84 U  27371   4414     13
  27590 22628       37.5099   151       29.0000       40.2479  2335074   38.79%            id59 U  27590   1818      9
  27774 22781       32.8586   122       29.0000       40.2406  2350517   38.76%            id23 D  27774  27773     33
  27966 22942       32.3109   102       29.0000       40.2232  2363708   38.70%           id200 U  27966  27964     16
  28101 23059       36.3582   137       29.0000       40.2195  2376858   38.69%            id28 U  28101   2162     13
  28274 23203       34.1205   116       29.0000       40.1993  2391418   38.62%           id211 U  28274  28272     17
  28484 23390       37.4194   151       29.0000       40.1882  2404546   38.58%           id121 U  28484  17123     20
  28691 23570       35.7140   137       29.0000       40.1733  2419152   38.53%           id220 U  28691   3060      8
  28880 23732       33.6491   136       29.0000       40.1573  2432148   38.47%           id186 D  28880  28879     26
  29049 23877       34.2564   143       29.0000       40.1393  2446111   38.41%           id115 D  29049  29048     37
Elapsed real time = 1094.59 sec. (tree size = 1198.04 MB, solutions = 7)
Nodefile size = 1070.84 MB (857.84 MB after compression)
  29226 24027       36.1056   143       29.0000       40.1303  2460393   38.38%            id79 U  29226    128     29
  29420 24190       34.1088   120       29.0000       40.1131  2475222   38.32%            id86 U  29420  29418     17
  29622 24370       33.2542   119       29.0000       40.0894  2487275   38.24%           id152 U  29622  29620     29
  29790 24511       35.1901   134       29.0000       40.0776  2501791   38.20%           id109 D  29790  29789     22
  29970 24672       31.3957   122       29.0000       40.0698  2516059   38.17%           id226 D  29970  29969     36
  30166 24844       34.7563   145       29.0000       40.0607  2532556   38.14%           id232 D  30166  30165     44
  30347 24997       35.8716   151       29.0000       40.0473  2546573   38.09%           id200 U  30347    683     26
  30560 25185       34.9823   138       29.0000       40.0366  2560572   38.06%           id102 D  30560  30559     28
  30750 25346       33.4386   131       29.0000       40.0215  2574184   38.01%            id97 D  30750  30749     37
  30944 25516       31.6136   127       29.0000       40.0069  2587191   37.95%           id224 D  30944  30943     45
Elapsed real time = 1181.07 sec. (tree size = 1327.93 MB, solutions = 7)
Nodefile size = 1200.72 MB (961.07 MB after compression)
  31141 25681       34.9771   159       29.0000       39.9927  2601113   37.91%           id224 U  31141    594     52
  31354 25861       30.0765    86       29.0000       39.9736  2614530   37.84%           id193 D  31354  31352     22

User cuts applied:  9620

Root node processing (before b&c):
  Real time             =    2.68
Sequential b&c:
  Real time             = 1197.32
                          -------
Total (root+branch&cut) = 1200.00 sec.
Solution status = Feasible
Solution value  = 29
GAP             = 37.8273%
Heuristica 1 : 23886
Heuristica 2 : 6007
A = [ 0 0 0 1 0 0 1 0 0 0 0 0 0 0 0 0 0 0 0 0 1 0 0 0 0 0 0 0 1 0 0 0 0 1 0 0 1 0 0 0 0 0 0 1 0 0 1 0 0 0 0 0 0 0 0 0 0 0 0 0 0 1 0 0 0 0 0 0 0 0 0 0 0 0 0 0 0 0 0 0 1 0 0 1 0 0 0 0 0 1 0 0 0 1 0 0 0 0 0 0 0 1 0 0 0 0 0 0 0 0 0 0 0 0 0 0 0 0 0 0 ]
B = [ 0 0 0 0 0 0 0 0 1 0 0 0 0 1 0 0 0 0 0 0 0 0 0 0 0 1 0 0 0 0 0 0 0 0 1 0 0 1 0 0 0 0 0 0 0 0 0 0 0 0 0 0 0 0 0 0 0 0 0 1 0 0 0 0 0 0 0 0 1 0 0 0 1 0 0 1 0 0 0 0 0 0 0 0 0 0 0 1 1 0 0 0 0 0 1 0 0 0 0 1 0 0 0 0 0 1 0 0 0 0 0 0 0 0 0 0 0 0 1 0 ]
