LINE 15
DIMENSOES 60 1239
N cortes 1
Found feasible solution after 0.00 sec.  Objective = 0.0000
Clique table members: 408.
MIP emphasis: balance optimality and feasibility.
MIP search method: traditional branch-and-cut.
Parallel mode: none, using 1 thread.
Root relaxation solution time =    0.02 sec.

        Nodes                                         Cuts/
   Node  Left     Objective  IInf  Best Integer    Best Bound    ItCnt     Gap         Variable B NodeID Parent  Depth

*     0+    0                            0.0000                    293     --- 
*     0+    0                           10.0000                    293     --- 
      0     0       18.3728   108       10.0000       18.3728      293   83.73%
      0     0       17.7166   109       10.0000       User: 4      388   77.17%
      0     0       17.5505   105       10.0000       User: 4      436   75.50%
      0     0       17.2967   101       10.0000       User: 4      482   72.97%
*     0+    0                           11.0000       17.2967      482   57.24%
      0     0       17.1254   105       11.0000       User: 4      525   55.69%
      0     0       16.8635    95       11.0000       User: 4      581   53.30%
      0     0       16.6692    96       11.0000       User: 4      631   51.54%
      0     0       16.5312    93       11.0000       User: 4      656   50.28%
      0     0       16.4782    99       11.0000       User: 4      696   49.80%
      0     0       16.3031    99       11.0000       User: 4      759   48.21%
      0     0       16.1764    99       11.0000       User: 4      796   47.06%
      0     0       16.0764    98       11.0000       User: 4      837   46.15%
      0     0       15.9695    95       11.0000       User: 4      895   45.18%
      0     0       15.8361    95       11.0000       User: 4      942   43.96%
      0     0       15.7447    90       11.0000       User: 4      993   43.13%
      0     0       15.6826    90       11.0000       User: 4     1027   42.57%
      0     0       15.6196    94       11.0000       User: 4     1060   42.00%
      0     0       15.5776    97       11.0000       User: 4     1089   41.61%
      0     0       15.5543    93       11.0000       User: 4     1113   41.40%
      0     0       15.5199    99       11.0000       User: 4     1136   41.09%
      0     0       15.4890    99       11.0000       User: 4     1165   40.81%
      0     0       15.4598    99       11.0000       User: 4     1196   40.54%
      0     0       15.4094    97       11.0000       User: 4     1241   40.09%
      0     0       15.3474   102       11.0000       User: 4     1277   39.52%
      0     0       15.2665   101       11.0000       User: 4     1312   38.79%
      0     0       15.2422    99       11.0000       User: 4     1345   38.57%
      0     0       15.2059    98       11.0000       User: 4     1368   38.24%
      0     0       15.1957   102       11.0000       User: 4     1388   38.14%
      0     0       15.1323   100       11.0000       User: 4     1424   37.57%
      0     0       15.1183   106       11.0000       User: 4     1444   37.44%
      0     0       15.0923   101       11.0000       User: 4     1465   37.20%
      0     0       15.0906   104       11.0000       User: 4     1474   37.19%
      0     0       15.0871   104       11.0000       User: 4     1486   37.16%
      0     0       15.0762   104       11.0000       User: 4     1504   37.06%
      0     0       15.0712   103       11.0000       User: 4     1518   37.01%
      0     0       15.0602   110       11.0000       User: 4     1537   36.91%
      0     0       15.0561   107       11.0000       User: 4     1547   36.87%
      0     0       15.0513   112       11.0000       User: 4     1558   36.83%
      0     0       15.0122   107       11.0000       User: 4     1588   36.47%
      0     0       14.9837   105       11.0000       User: 4     1614   36.22%
      0     0       14.9556   104       11.0000       User: 4     1653   35.96%
      0     0       14.9084   104       11.0000       User: 4     1692   35.53%
      0     0       14.9036   106       11.0000       User: 4     1705   35.49%
      0     0       14.8547   103       11.0000       User: 4     1739   35.04%
      0     0       14.8174   103       11.0000       User: 4     1768   34.70%
      0     0       14.8054   102       11.0000       User: 4     1792   34.59%
      0     0       14.7971   101       11.0000       User: 4     1805   34.52%
      0     0       14.7882   102       11.0000       User: 4     1815   34.44%
      0     0       14.7839   102       11.0000       User: 2     1818   34.40%
      0     0       14.7548   103       11.0000       User: 2     1835   34.13%
      0     0       14.7450   102       11.0000       User: 2     1844   34.05%
      0     0       14.7341   103       11.0000       User: 2     1854   33.95%
      0     0       14.7267   103       11.0000       User: 2     1866   33.88%
      0     0       14.7113   100       11.0000       User: 2     1878   33.74%
      0     0       14.7093   103       11.0000       User: 2     1884   33.72%
      0     0       14.7022   103       11.0000       User: 2     1890   33.66%
      0     0       14.7009   103       11.0000       User: 2     1895   33.64%
      0     0       14.6712   102       11.0000       User: 2     1907   33.37%
      0     0       14.6472   102       11.0000       User: 2     1923   33.16%
      0     0       14.6197   105       11.0000       User: 2     1941   32.91%
      0     0       14.6080   104       11.0000       User: 2     1961   32.80%
      0     0       14.6052   106       11.0000       User: 2     1968   32.77%
      0     0       14.6042   105       11.0000       User: 2     1974   32.77%
      0     0       14.5987   106       11.0000       User: 2     1984   32.72%
      0     0       14.5944   105       11.0000       User: 2     1996   32.68%
      0     0       14.5896   105       11.0000       User: 2     2006   32.63%
      0     0       14.5871   104       11.0000       User: 2     2013   32.61%
      0     0       14.5858   103       11.0000       User: 2     2020   32.60%
      0     0       14.5857   103       11.0000       User: 2     2021   32.60%
      0     0       14.5830   104       11.0000       User: 2     2032   32.57%
      0     0       14.5742   103       11.0000       User: 2     2043   32.49%
      0     0       14.5686   104       11.0000       User: 2     2053   32.44%
      0     0       14.5567   105       11.0000       User: 2     2065   32.33%
      0     0       14.5520   107       11.0000       User: 2     2074   32.29%
      0     0       14.5506   107       11.0000       User: 2     2079   32.28%
      0     0       14.5440   105       11.0000       User: 2     2088   32.22%
      0     0       14.5417   108       11.0000       User: 2     2099   32.20%
      0     0       14.5330   107       11.0000       User: 2     2108   32.12%
      0     0       14.5322   107       11.0000       User: 2     2110   32.11%
      0     0       14.5295   105       11.0000       User: 2     2119   32.09%
      0     0       14.5285   106       11.0000       User: 2     2123   32.08%
      0     0       14.5268   105       11.0000       User: 2     2129   32.06%
      0     0       14.5248   106       11.0000       User: 2     2135   32.04%
      0     0       14.5227   106       11.0000       User: 2     2141   32.02%
      0     0       14.5159   105       11.0000       User: 2     2151   31.96%
      0     0       14.5119   108       11.0000       User: 2     2159   31.93%
      0     0       14.5119   109       11.0000       User: 2     2162   31.93%
      0     0       14.5113   109       11.0000       User: 2     2170   31.92%
      0     2       14.5113   109       11.0000       14.5062     2170   31.87%                        0             0
Elapsed real time =   1.15 sec. (tree size =  0.00 MB, solutions = 3)
      2     4       13.6302   115       11.0000       14.5062     3428   31.87%            id85 D      2      1      2
     13     7       13.3793   113       11.0000       13.6270     6131   23.88%            id65 D     13     12      4
     31    12        cutoff             11.0000       13.0512     8993   18.65%            id12 U     31     15      7

User cuts applied:  1148

Root node processing (before b&c):
  Real time             =    1.02
Sequential b&c:
  Real time             =    1.43
                          -------
Total (root+branch&cut) =    2.44 sec.
Solution status = Optimal
Solution value  = 11
GAP             = 0%
Heuristica 1 : 25
Heuristica 2 : 86
A = [ 0 0 0 1 0 0 0 1 0 0 0 0 0 0 0 0 0 0 0 0 0 0 0 0 0 0 0 0 0 0 0 1 0 0 0 1 0 0 0 0 0 0 0 0 0 0 0 0 1 0 0 0 1 0 0 0 0 0 0 0 ]
B = [ 0 0 0 0 0 0 0 0 0 0 0 0 0 0 0 0 0 0 0 0 0 0 0 0 1 0 0 0 0 0 0 0 0 0 0 0 1 0 0 0 1 0 0 0 0 1 0 0 0 0 0 0 0 0 0 0 0 0 0 1 ]
