LINE 15
DIMENSOES 60 1593
N cortes 1
Found feasible solution after 0.00 sec.  Objective = 0.0000
Clique table members: 302.
MIP emphasis: balance optimality and feasibility.
MIP search method: traditional branch-and-cut.
Parallel mode: none, using 1 thread.
Root relaxation solution time =    0.01 sec.

        Nodes                                         Cuts/
   Node  Left     Objective  IInf  Best Integer    Best Bound    ItCnt     Gap         Variable B NodeID Parent  Depth

*     0+    0                            0.0000                    182     --- 
*     0+    0                            5.0000                    182     --- 
*     0+    0                            6.0000                    182     --- 
      0     0        9.8920    61        6.0000        9.8920      182   64.87%
      0     0        9.6177    63        6.0000       User: 4      239   60.30%
      0     0        9.3509    61        6.0000       User: 4      296   55.85%
      0     0        9.2692    61        6.0000       User: 4      344   54.49%
      0     0        9.1501    60        6.0000       User: 4      409   52.50%
      0     0        9.0258    65        6.0000       User: 4      445   50.43%
      0     0        8.9718    61        6.0000       User: 4      482   49.53%
      0     0        8.9516    64        6.0000       User: 4      514   49.19%
      0     0        8.9199    69        6.0000       User: 4      548   48.66%
      0     0        8.8849    65        6.0000       User: 4      588   48.08%
      0     0        8.8615    66        6.0000       User: 4      609   47.69%
      0     0        8.8325    74        6.0000       User: 4      641   47.21%
      0     0        8.8182    69        6.0000       User: 4      661   46.97%
      0     0        8.7923    70        6.0000       User: 4      685   46.54%
      0     0        8.7676    69        6.0000       User: 4      713   46.13%
      0     0        8.7454    71        6.0000       User: 4      737   45.76%
      0     0        8.7188    74        6.0000       User: 4      765   45.31%
      0     0        8.6809    74        6.0000       User: 4      795   44.68%
      0     0        8.6571    75        6.0000       User: 4      820   44.28%
      0     0        8.6388    76        6.0000       User: 4      851   43.98%
      0     0        8.6089    77        6.0000       User: 4      884   43.48%
      0     0        8.5895    80        6.0000       User: 4      917   43.16%
      0     0        8.5598    78        6.0000       User: 4      958   42.66%
      0     0        8.5248    77        6.0000       User: 4      994   42.08%
      0     0        8.5030    81        6.0000       User: 4     1022   41.72%
      0     0        8.4931    80        6.0000       User: 4     1045   41.55%
      0     0        8.4824    82        6.0000       User: 4     1073   41.37%
      0     0        8.4580    79        6.0000       User: 4     1102   40.97%
      0     0        8.4435    78        6.0000       User: 4     1121   40.73%
      0     0        8.4338    81        6.0000       User: 4     1139   40.56%
      0     0        8.4162    79        6.0000       User: 4     1171   40.27%
      0     0        8.3852    81        6.0000       User: 4     1205   39.75%
      0     0        8.3656    79        6.0000       User: 4     1236   39.43%
      0     0        8.3357    83        6.0000       User: 4     1283   38.93%
      0     0        8.3196    84        6.0000       User: 4     1312   38.66%
      0     0        8.3024    88        6.0000       User: 4     1333   38.37%
      0     0        8.2721    83        6.0000       User: 4     1376   37.87%
      0     0        8.2500    84        6.0000       User: 4     1418   37.50%
      0     0        8.2376    85        6.0000       User: 4     1443   37.29%
      0     0        8.2117    84        6.0000       User: 4     1494   36.86%
      0     0        8.1907    81        6.0000       User: 4     1528   36.51%
      0     0        8.1767    83        6.0000       User: 4     1562   36.28%
      0     0        8.1673    87        6.0000       User: 4     1587   36.12%
      0     0        8.1554    86        6.0000       User: 4     1622   35.92%
      0     0        8.1465    86        6.0000       User: 4     1660   35.78%
      0     0        8.1227    81        6.0000       User: 4     1710   35.38%
      0     0        8.1029    83        6.0000       User: 4     1744   35.05%
      0     0        8.0866    83        6.0000       User: 4     1771   34.78%
      0     0        8.0638    82        6.0000       User: 4     1802   34.40%
      0     0        8.0429    86        6.0000       User: 4     1837   34.05%
      0     0        8.0200    86        6.0000       User: 4     1863   33.67%
      0     0        8.0051    87        6.0000       User: 4     1895   33.42%
      0     0        7.9946    90        6.0000       User: 4     1927   33.24%
      0     0        7.9837    86        6.0000       User: 4     1958   33.06%
      0     0        7.9653    90        6.0000       User: 4     1996   32.76%
      0     0        7.9324    88        6.0000       User: 4     2043   32.21%
      0     0        7.9126    88        6.0000       User: 4     2084   31.88%
      0     0        7.9039    90        6.0000       User: 4     2109   31.73%
      0     0        7.8981    93        6.0000       User: 4     2139   31.64%
      0     0        7.8788    86        6.0000       User: 4     2170   31.31%
      0     0        7.8686    92        6.0000       User: 4     2205   31.14%
      0     0        7.8618    92        6.0000       User: 4     2229   31.03%
      0     0        7.8579    91        6.0000       User: 4     2257   30.97%
      0     0        7.8509    89        6.0000       User: 4     2285   30.85%
      0     0        7.8433    89        6.0000       User: 4     2320   30.72%
      0     0        7.8337    94        6.0000       User: 4     2354   30.56%
      0     0        7.8304    88        6.0000       User: 4     2380   30.51%
      0     0        7.8237    90        6.0000       User: 4     2406   30.39%
      0     0        7.8191    93        6.0000       User: 4     2434   30.32%
      0     0        7.8129    93        6.0000       User: 4     2463   30.22%
      0     0        7.8080    94        6.0000       User: 4     2486   30.13%
      0     0        7.8036    98        6.0000       User: 4     2514   30.06%
      0     0        7.7997    97        6.0000       User: 4     2548   29.99%
      0     0        7.7808    93        6.0000       User: 4     2600   29.68%
      0     0        7.7714    94        6.0000       User: 4     2634   29.52%
      0     0        7.7575    92        6.0000       User: 4     2673   29.29%
      0     0        7.7494    92        6.0000       User: 4     2712   29.16%
      0     0        7.7422    87        6.0000       User: 4     2743   29.04%
      0     0        7.7391    92        6.0000       User: 4     2764   28.98%
      0     0        7.7337    90        6.0000       User: 4     2788   28.90%
      0     0        7.7297    90        6.0000       User: 4     2815   28.83%
      0     0        7.7272    90        6.0000       User: 4     2832   28.79%
      0     0        7.7184    91        6.0000       User: 4     2852   28.64%
      0     0        7.7139    91        6.0000       User: 4     2878   28.56%
      0     0        7.7095    98        6.0000       User: 4     2904   28.49%
      0     0        7.7035    95        6.0000       User: 4     2937   28.39%
      0     0        7.7010    98        6.0000       User: 4     2953   28.35%
      0     0        7.6986    95        6.0000       User: 4     2969   28.31%
      0     0        7.6971    96        6.0000       User: 4     2982   28.29%
      0     0        7.6920   100        6.0000       User: 4     3000   28.20%
      0     0        7.6909   102        6.0000       User: 4     3014   28.18%
      0     0        7.6895   100        6.0000       User: 4     3033   28.16%
      0     0        7.6878   101        6.0000       User: 4     3047   28.13%
      0     0        7.6853   102        6.0000       User: 4     3067   28.09%
      0     0        7.6809   102        6.0000       User: 4     3095   28.01%
      0     0        7.6774   103        6.0000       User: 4     3126   27.96%
      0     0        7.6770   105        6.0000       User: 4     3139   27.95%
      0     0        7.6738   103        6.0000       User: 4     3167   27.90%
      0     0        7.6722   104        6.0000       User: 4     3188   27.87%
      0     0        7.6712   103        6.0000       User: 4     3206   27.85%
      0     0        cutoff              6.0000        6.0000     3252    0.00%                        0             0
Elapsed real time =   0.97 sec. (tree size =  0.00 MB, solutions = 3)

User cuts applied:  400

Root node processing (before b&c):
  Real time             =    0.97
Sequential b&c:
  Real time             =    0.00
                          -------
Total (root+branch&cut) =    0.97 sec.
Solution status = Optimal
Solution value  = 6
GAP             = 0%
Heuristica 1 : 76
Heuristica 2 : 24
A = [ 0 0 0 0 0 1 0 0 0 0 0 0 0 0 0 0 0 0 0 0 0 0 0 0 0 0 1 0 0 0 0 0 0 0 0 0 0 0 1 0 0 0 0 0 0 0 0 0 0 0 0 0 0 0 0 0 0 0 0 0 ]
B = [ 0 0 0 0 0 0 0 0 1 1 0 0 0 0 0 0 0 0 0 0 0 0 0 0 0 0 0 1 0 0 0 0 0 0 0 0 0 0 0 0 0 0 0 0 0 0 0 0 0 0 0 0 0 0 0 0 0 0 0 0 ]
