LINE 15
DIMENSOES 60 885
N cortes 1
Found feasible solution after 0.00 sec.  Objective = 0.0000
Clique table members: 496.
MIP emphasis: balance optimality and feasibility.
MIP search method: traditional branch-and-cut.
Parallel mode: none, using 1 thread.
Root relaxation solution time =    0.02 sec.

        Nodes                                         Cuts/
   Node  Left     Objective  IInf  Best Integer    Best Bound    ItCnt     Gap         Variable B NodeID Parent  Depth

*     0+    0                            0.0000                    312     --- 
*     0+    0                           14.0000                    312     --- 
      0     0       25.4387   110       14.0000       25.4387      312   81.70%
      0     0       25.1169   112       14.0000       User: 4      397   79.41%
      0     0       24.9371   111       14.0000       User: 4      448   78.12%
      0     0       24.7138   111       14.0000       User: 4      508   76.53%
      0     0       24.6437   112       14.0000       User: 4      541   76.03%
      0     0       24.5430   114       14.0000       User: 4      570   75.31%
      0     0       24.3794   116       14.0000       User: 4      605   74.14%
      0     0       24.1956   110       14.0000       User: 4      646   72.83%
      0     0       24.1650   112       14.0000       User: 4      671   72.61%
      0     0       24.1560   114       14.0000       User: 4      681   72.54%
      0     0       24.1139   113       14.0000       User: 4      697   72.24%
      0     0       23.9375   112       14.0000       User: 4      727   70.98%
      0     0       23.8912   113       14.0000       User: 4      748   70.65%
      0     0       23.8810   116       14.0000       User: 4      758   70.58%
      0     0       23.8171   114       14.0000       User: 4      776   70.12%
      0     0       23.6520   112       14.0000       User: 4      824   68.94%
      0     0       23.5131   114       14.0000       User: 4      843   67.95%
      0     0       23.4575   114       14.0000       User: 4      867   67.55%
      0     0       23.2756   109       14.0000       User: 4      902   66.25%
      0     0       23.2232   110       14.0000       User: 4      916   65.88%
      0     0       23.1792   110       14.0000       User: 4      937   65.57%
      0     0       23.0771   111       14.0000       User: 4      979   64.84%
      0     0       22.9438   108       14.0000       User: 4     1019   63.88%
      0     0       22.8779   109       14.0000       User: 4     1044   63.41%
      0     0       22.7856   108       14.0000       User: 4     1083   62.75%
      0     0       22.7431   110       14.0000       User: 4     1103   62.45%
      0     0       22.6577   113       14.0000       User: 4     1137   61.84%
      0     0       22.5762   109       14.0000       User: 4     1180   61.26%
      0     0       22.5458   112       14.0000       User: 4     1212   61.04%
      0     0       22.5040   113       14.0000       User: 4     1245   60.74%
      0     0       22.4459   114       14.0000       User: 4     1268   60.33%
      0     0       22.4130   111       14.0000       User: 4     1299   60.09%
      0     0       22.4005   113       14.0000       User: 4     1318   60.00%
      0     0       22.3691   113       14.0000       User: 4     1336   59.78%
      0     0       22.3276   113       14.0000       User: 4     1350   59.48%
      0     0       22.2958   114       14.0000       User: 4     1384   59.26%
      0     0       22.2712   113       14.0000       User: 4     1407   59.08%
      0     0       22.2539   114       14.0000       User: 4     1422   58.96%
      0     0       22.2427   114       14.0000       User: 4     1440   58.88%
      0     0       22.2338   115       14.0000       User: 4     1457   58.81%
      0     0       22.1999   114       14.0000       User: 4     1472   58.57%
      0     0       22.1586   117       14.0000       User: 4     1494   58.28%
      0     0       22.1372   116       14.0000       User: 4     1509   58.12%
      0     0       22.0988   117       14.0000       User: 4     1541   57.85%
      0     0       22.0828   117       14.0000       User: 4     1550   57.73%
      0     0       22.0776   116       14.0000       User: 4     1567   57.70%
      0     0       22.0473   115       14.0000       User: 4     1587   57.48%
      0     0       22.0404   114       14.0000       User: 4     1593   57.43%
      0     0       22.0050   113       14.0000       User: 4     1620   57.18%
      0     0       21.9368   115       14.0000       User: 4     1654   56.69%
      0     0       21.8856   114       14.0000       User: 4     1681   56.33%
      0     0       21.8627   115       14.0000       User: 4     1697   56.16%
      0     0       21.8624   116       14.0000       User: 4     1701   56.16%
      0     0       21.8070   116       14.0000       User: 4     1718   55.76%
      0     0       21.7796   116       14.0000       User: 4     1737   55.57%
      0     0       21.7616   119       14.0000       User: 4     1758   55.44%
      0     0       21.7238   118       14.0000       User: 4     1782   55.17%
      0     0       21.7034   117       14.0000       User: 4     1810   55.02%
      0     0       21.6899   120       14.0000       User: 4     1829   54.93%
      0     0       21.6817   119       14.0000       User: 4     1845   54.87%
      0     0       21.6750   119       14.0000       User: 4     1862   54.82%
      0     0       21.6624   118       14.0000       User: 4     1884   54.73%
      0     0       21.6585   118       14.0000       User: 4     1892   54.70%
      0     0       21.6166   118       14.0000       User: 4     1919   54.40%
      0     0       21.5815   117       14.0000       User: 4     1937   54.15%
      0     0       21.5199   113       14.0000       User: 4     1961   53.71%
      0     0       21.5182   116       14.0000       User: 4     1967   53.70%
      0     0       21.5064   117       14.0000       User: 4     1979   53.62%
      0     0       21.4891   116       14.0000       User: 4     1991   53.49%
      0     0       21.4473   115       14.0000       User: 4     2018   53.19%
      0     0       21.4349   117       14.0000       User: 4     2040   53.11%
      0     0       21.4215   116       14.0000       User: 4     2056   53.01%
      0     0       21.4116   117       14.0000       User: 4     2069   52.94%
      0     0       21.3931   117       14.0000       User: 2     2083   52.81%
      0     0       21.3870   117       14.0000       User: 2     2088   52.76%
      0     0       21.3766   116       14.0000       User: 2     2097   52.69%
      0     0       21.3600   117       14.0000       User: 2     2106   52.57%
      0     0       21.3567   116       14.0000       User: 2     2112   52.55%
      0     0       21.3560   117       14.0000       User: 2     2114   52.54%
      0     0       21.3268   116       14.0000       User: 2     2129   52.33%
      0     0       21.3216   117       14.0000       User: 2     2136   52.30%
      0     0       21.2657   115       14.0000       User: 2     2152   51.90%
      0     0       21.2590   116       14.0000       User: 2     2160   51.85%
      0     0       21.2512   117       14.0000       User: 2     2168   51.79%
      0     0       21.2261   117       14.0000       User: 2     2184   51.61%
      0     0       21.2178   116       14.0000       User: 2     2188   51.56%
      0     0       21.2162   116       14.0000       User: 2     2193   51.54%
      0     2       21.2162   116       14.0000       21.2162     2193   51.54%                        0             0
Elapsed real time =   0.93 sec. (tree size =  0.00 MB, solutions = 2)
      4     6       20.1994   113       14.0000       21.2162     2858   51.54%           id104 D      4      3      4
     41    35       18.0592    79       14.0000       20.9492     6310   49.64%            id34 D     41     40      3
     83    71       16.2557    66       14.0000       20.6047     9572   47.18%            id37 D     83     82     21
    134   114       16.2371    84       14.0000       20.1864    12707   44.19%            id18 D    134    133     31
    174   151       15.0984    56       14.0000       19.4822    15888   39.16%           id112 D    174    173     31
    224   185       17.6558    77       14.0000       19.1507    18810   36.79%           id104 U    224     64      3
    263   212       15.6000    50       14.0000       18.9569    21962   35.41%            id95 D    263    262      6
*   302   146      integral     0       15.0000       18.8154    24892   25.44%
    303   146       17.3584    83       15.0000       18.6381    25111   24.25%            id90 U    303    113     11
    344   162       16.4500    58       15.0000       18.3297    28212   22.20%            id88 U    344    147      7
    480   200        cutoff             15.0000       17.4930    39506   16.62%            id90 U    480    152     12
Elapsed real time =   5.79 sec. (tree size =  0.65 MB, solutions = 3)
    646   156       16.2305    67       15.0000       16.7088    50712   11.39%            id90 U    646    245     11

User cuts applied:  2208

Root node processing (before b&c):
  Real time             =    0.82
Sequential b&c:
  Real time             =    7.05
                          -------
Total (root+branch&cut) =    7.86 sec.
Solution status = Optimal
Solution value  = 15
GAP             = 0%
Heuristica 1 : 405
Heuristica 2 : 151
A = [ 0 0 0 0 1 0 0 1 0 0 0 0 0 1 0 0 0 0 0 0 0 0 0 0 0 0 0 0 0 0 0 0 1 0 0 0 0 0 0 0 0 0 0 0 1 1 0 0 0 0 1 0 0 0 0 0 0 0 0 0 ]
B = [ 1 0 0 0 0 0 0 0 0 0 0 0 0 0 0 0 0 0 0 0 0 0 1 0 0 1 0 1 0 0 1 0 0 0 0 0 0 0 0 0 0 0 0 0 0 0 0 0 1 1 0 0 1 0 0 0 0 0 0 0 ]
