LINE 15
DIMENSOES 60 1593
N cortes 1
Found feasible solution after 0.00 sec.  Objective = 0.0000
Clique table members: 318.
MIP emphasis: balance optimality and feasibility.
MIP search method: traditional branch-and-cut.
Parallel mode: none, using 1 thread.
Root relaxation solution time =    0.01 sec.

        Nodes                                         Cuts/
   Node  Left     Objective  IInf  Best Integer    Best Bound    ItCnt     Gap         Variable B NodeID Parent  Depth

*     0+    0                            0.0000                    281     --- 
*     0+    0                            5.0000                    281     --- 
      0     0       10.6973    61        5.0000       10.6973      281  113.95%
*     0+    0                            6.0000       10.6973      281   78.29%
      0     0       10.4276    58        6.0000       User: 4      335   73.79%
      0     0       10.3253    60        6.0000       User: 4      365   72.09%
      0     0        9.9305    56        6.0000       User: 4      463   65.51%
      0     0        9.6839    58        6.0000       User: 4      544   61.40%
      0     0        9.5423    60        6.0000       User: 4      624   59.04%
*     0+    0                            6.0000        9.5423      624   59.04%
      0     0        9.4640    66        6.0000       User: 4      681   57.73%
      0     0        9.4372    70        6.0000       User: 4      721   57.29%
      0     0        9.3331    69        6.0000       User: 4      774   55.55%
      0     0        9.2428    72        6.0000       User: 4      819   54.05%
      0     0        9.1062    65        6.0000       User: 4      867   51.77%
      0     0        9.0311    62        6.0000       User: 4      914   50.52%
      0     0        8.9968    65        6.0000       User: 4      948   49.95%
      0     0        8.9597    68        6.0000       User: 4      989   49.33%
      0     0        8.9151    69        6.0000       User: 4     1019   48.58%
      0     0        8.8737    69        6.0000       User: 4     1055   47.89%
      0     0        8.8458    69        6.0000       User: 4     1086   47.43%
      0     0        8.8136    74        6.0000       User: 4     1119   46.89%
      0     0        8.7911    72        6.0000       User: 4     1154   46.52%
      0     0        8.7476    71        6.0000       User: 4     1203   45.79%
      0     0        8.7223    74        6.0000       User: 4     1241   45.37%
      0     0        8.7090    76        6.0000       User: 4     1276   45.15%
      0     0        8.6833    76        6.0000       User: 4     1309   44.72%
      0     0        8.6627    74        6.0000       User: 4     1341   44.38%
      0     0        8.6363    69        6.0000       User: 4     1384   43.94%
      0     0        8.6174    74        6.0000       User: 4     1417   43.62%
      0     0        8.6024    76        6.0000       User: 4     1451   43.37%
      0     0        8.5927    76        6.0000       User: 4     1472   43.21%
      0     0        8.5814    74        6.0000       User: 4     1506   43.02%
      0     0        8.5597    78        6.0000       User: 4     1533   42.66%
      0     0        8.5470    76        6.0000       User: 4     1568   42.45%
      0     0        8.5329    78        6.0000       User: 4     1604   42.22%
      0     0        8.5168    81        6.0000       User: 4     1623   41.95%
      0     0        8.5044    80        6.0000       User: 4     1649   41.74%
      0     0        8.4954    78        6.0000       User: 4     1683   41.59%
      0     0        8.4811    82        6.0000       User: 4     1725   41.35%
      0     0        8.4675    85        6.0000       User: 4     1775   41.12%
      0     0        8.4570    86        6.0000       User: 4     1814   40.95%
      0     0        8.4431    85        6.0000       User: 4     1856   40.72%
      0     0        8.4361    85        6.0000       User: 4     1881   40.60%
      0     0        8.3957    86        6.0000       User: 4     1934   39.93%
      0     0        8.3828    85        6.0000       User: 4     1962   39.71%
      0     0        8.3685    88        6.0000       User: 4     1994   39.47%
      0     0        8.3597    88        6.0000       User: 4     2026   39.33%
      0     0        8.3499    87        6.0000       User: 4     2057   39.17%
      0     0        8.3432    84        6.0000       User: 4     2084   39.05%
      0     0        8.3240    86        6.0000       User: 4     2124   38.73%
      0     0        8.3046    89        6.0000       User: 4     2166   38.41%
      0     0        8.2952    90        6.0000       User: 4     2189   38.25%
      0     0        8.2734    88        6.0000       User: 4     2230   37.89%
      0     0        8.2489    86        6.0000       User: 4     2287   37.48%
      0     0        8.2160    78        6.0000       User: 4     2328   36.93%
      0     0        8.1834    84        6.0000       User: 4     2365   36.39%
      0     0        8.1627    84        6.0000       User: 4     2399   36.05%
      0     0        8.1518    89        6.0000       User: 4     2430   35.86%
      0     0        8.1397    87        6.0000       User: 4     2461   35.66%
      0     0        8.1281    85        6.0000       User: 4     2486   35.47%
      0     0        8.1159    85        6.0000       User: 4     2516   35.27%
      0     0        8.0909    85        6.0000       User: 4     2544   34.85%
      0     0        8.0808    84        6.0000       User: 4     2572   34.68%
      0     0        8.0683    85        6.0000       User: 4     2603   34.47%
      0     0        8.0595    91        6.0000       User: 4     2633   34.32%
      0     0        8.0283    87        6.0000       User: 4     2682   33.81%
      0     0        8.0114    86        6.0000       User: 4     2720   33.52%
      0     0        7.9963    90        6.0000       User: 4     2757   33.27%
      0     0        7.9758    89        6.0000       User: 4     2788   32.93%
      0     0        7.9596    88        6.0000       User: 4     2821   32.66%
      0     0        7.9430    86        6.0000       User: 4     2845   32.38%
      0     0        7.9383    83        6.0000       User: 4     2863   32.31%
      0     0        7.9323    84        6.0000       User: 4     2891   32.21%
      0     0        7.9196    91        6.0000       User: 4     2923   31.99%
      0     0        7.9002    93        6.0000       User: 4     2960   31.67%
      0     0        7.8784    93        6.0000       User: 4     2999   31.31%
      0     0        7.8635    92        6.0000       User: 4     3034   31.06%
      0     0        7.8513    96        6.0000       User: 4     3066   30.86%
      0     0        7.8386    94        6.0000       User: 4     3103   30.64%
      0     0        7.8256    97        6.0000       User: 4     3142   30.43%
      0     0        7.8174    91        6.0000       User: 4     3169   30.29%
      0     0        7.8033    93        6.0000       User: 4     3199   30.06%
      0     0        7.7925    88        6.0000       User: 4     3226   29.88%
      0     0        7.7856    89        6.0000       User: 4     3246   29.76%
      0     0        7.7804    90        6.0000       User: 4     3266   29.67%
      0     0        7.7742    85        6.0000       User: 4     3291   29.57%
      0     0        7.7701    93        6.0000       User: 4     3315   29.50%
      0     0        7.7661    97        6.0000       User: 4     3337   29.43%
      0     0        7.7637    95        6.0000       User: 4     3363   29.39%
      0     0        7.7586    97        6.0000       User: 4     3391   29.31%
      0     0        7.7550    95        6.0000       User: 4     3414   29.25%
      0     0        7.7484    99        6.0000       User: 4     3436   29.14%
      0     0        7.7419    97        6.0000       User: 4     3472   29.03%
      0     0        7.7346    98        6.0000       User: 4     3493   28.91%
      0     0        7.7210    95        6.0000       User: 4     3514   28.68%
      0     0        7.7183    96        6.0000       User: 4     3531   28.64%
      0     0        7.7095    99        6.0000       User: 4     3569   28.49%
      0     0        7.7049    98        6.0000       User: 4     3597   28.41%
      0     0        7.6989    94        6.0000       User: 4     3629   28.31%
      0     0        7.6833    96        6.0000       User: 4     3668   28.06%
      0     0        7.6600    92        6.0000       User: 4     3705   27.67%
      0     0        7.6547    96        6.0000       User: 4     3724   27.58%
      0     0        7.6395    95        6.0000       User: 4     3772   27.32%
      0     0        7.6216    99        6.0000       User: 4     3818   27.03%
      0     0        7.6183    96        6.0000       User: 4     3841   26.97%
      0     0        7.6029    98        6.0000       User: 4     3874   26.72%
      0     0        7.5999    98        6.0000       User: 4     3894   26.67%
      0     0        7.5898    97        6.0000       User: 4     3926   26.50%
      0     0        7.5653    94        6.0000       User: 4     3982   26.09%
      0     0        7.5405    96        6.0000       User: 4     4023   25.67%
      0     0        7.5221    92        6.0000       User: 4     4071   25.37%
      0     0        7.5092    89        6.0000       User: 4     4098   25.15%
      0     0        7.4889    94        6.0000       User: 4     4129   24.81%
      0     0        7.4826    88        6.0000       User: 4     4158   24.71%
      0     0        7.4660    94        6.0000       User: 4     4193   24.43%
      0     0        7.4553    95        6.0000       User: 4     4228   24.25%
      0     0        7.4496    91        6.0000       User: 4     4253   24.16%
      0     0        7.4454    93        6.0000       User: 4     4275   24.09%
      0     0        7.4319    92        6.0000       User: 4     4303   23.87%
      0     0        7.4220    89        6.0000       User: 4     4341   23.70%
      0     0        7.4162    92        6.0000       User: 4     4364   23.60%
      0     0        7.4086    92        6.0000       User: 4     4398   23.48%
      0     0        7.4064    92        6.0000       User: 4     4418   23.44%
      0     0        7.4035    97        6.0000       User: 4     4442   23.39%
      0     0        cutoff              6.0000        6.0000     4481    0.00%                        0             0
Elapsed real time =   1.10 sec. (tree size =  0.00 MB, solutions = 4)

User cuts applied:  484

Root node processing (before b&c):
  Real time             =    1.10
Sequential b&c:
  Real time             =    0.00
                          -------
Total (root+branch&cut) =    1.10 sec.
Solution status = Optimal
Solution value  = 6
GAP             = 0%
Heuristica 1 : 103
Heuristica 2 : 18
A = [ 0 0 0 0 0 0 0 0 0 0 0 0 0 0 0 0 0 0 0 0 0 0 0 0 0 0 0 0 0 0 0 0 0 0 0 1 0 0 0 0 0 0 1 0 0 0 0 0 0 0 0 0 0 0 0 1 0 0 0 0 ]
B = [ 0 0 0 0 0 0 0 0 0 0 0 0 0 0 0 0 0 0 0 0 0 0 0 0 0 0 0 1 0 0 0 0 0 0 0 0 0 0 0 0 0 0 0 0 0 0 1 0 0 0 0 0 0 0 0 0 0 1 0 0 ]
