LINE 15
DIMENSOES 60 1239
N cortes 1
Found feasible solution after 0.00 sec.  Objective = 0.0000
Clique table members: 388.
MIP emphasis: balance optimality and feasibility.
MIP search method: traditional branch-and-cut.
Parallel mode: none, using 1 thread.
Root relaxation solution time =    0.01 sec.

        Nodes                                         Cuts/
   Node  Left     Objective  IInf  Best Integer    Best Bound    ItCnt     Gap         Variable B NodeID Parent  Depth

*     0+    0                            0.0000                    259     --- 
*     0+    0                            8.0000                    259     --- 
      0     0       17.6535   108        8.0000       17.6535      259  120.67%
      0     0       17.2399   101        8.0000       User: 4      341  115.50%
*     0+    0                            9.0000       17.2399      341   91.55%
      0     0       17.1152   101        9.0000       User: 4      371   90.17%
      0     0       16.9218    93        9.0000       User: 4      431   88.02%
      0     0       16.6039    90        9.0000       User: 4      494   84.49%
      0     0       16.4897    95        9.0000       User: 4      550   83.22%
      0     0       16.3631    96        9.0000       User: 4      595   81.81%
      0     0       16.3147    96        9.0000       User: 4      616   81.27%
      0     0       16.2426    93        9.0000       User: 4      655   80.47%
      0     0       16.1854    95        9.0000       User: 4      688   79.84%
      0     0       16.1387    98        9.0000       User: 4      718   79.32%
      0     0       16.0616    99        9.0000       User: 4      752   78.46%
      0     0       15.9872   101        9.0000       User: 4      774   77.64%
      0     0       15.9535    99        9.0000       User: 4      794   77.26%
      0     0       15.9129   102        9.0000       User: 4      811   76.81%
      0     0       15.8797    98        9.0000       User: 4      837   76.44%
*     0+    0                           10.0000       15.8797      837   58.80%
      0     0       15.8458   106       10.0000       User: 4      855   58.46%
      0     0       15.7817   103       10.0000       User: 4      881   57.82%
      0     0       15.7442   102       10.0000       User: 4      911   57.44%
      0     0       15.6818   104       10.0000       User: 4      943   56.82%
      0     0       15.6424   107       10.0000       User: 4      969   56.42%
      0     0       15.5934   107       10.0000       User: 4     1004   55.93%
      0     0       15.5496   108       10.0000       User: 4     1033   55.50%
      0     0       15.5364   108       10.0000       User: 4     1050   55.36%
      0     0       15.4840   110       10.0000       User: 4     1084   54.84%
      0     0       15.4577   106       10.0000       User: 4     1108   54.58%
      0     0       15.4042   106       10.0000       User: 4     1138   54.04%
      0     0       15.3583   104       10.0000       User: 4     1179   53.58%
      0     0       15.3306   106       10.0000       User: 4     1201   53.31%
      0     0       15.3130   105       10.0000       User: 4     1226   53.13%
      0     0       15.2880   106       10.0000       User: 4     1251   52.88%
      0     0       15.2771   108       10.0000       User: 4     1267   52.77%
      0     0       15.2432   108       10.0000       User: 4     1289   52.43%
      0     0       15.2276   109       10.0000       User: 4     1304   52.28%
      0     0       15.1841   111       10.0000       User: 4     1327   51.84%
      0     0       15.1700   108       10.0000       User: 4     1344   51.70%
      0     0       15.1399   111       10.0000       User: 4     1369   51.40%
      0     0       15.1189   109       10.0000       User: 4     1390   51.19%
      0     0       15.1118   111       10.0000       User: 4     1401   51.12%
      0     0       15.0930   110       10.0000       User: 4     1421   50.93%
      0     0       15.0812   111       10.0000       User: 4     1436   50.81%
      0     0       15.0661   108       10.0000       User: 4     1460   50.66%
      0     0       15.0580   112       10.0000       User: 4     1478   50.58%
      0     0       15.0471   108       10.0000       User: 4     1493   50.47%
      0     0       15.0234   112       10.0000       User: 4     1533   50.23%
      0     0       14.9917   111       10.0000       User: 4     1562   49.92%
      0     0       14.9756   112       10.0000       User: 4     1581   49.76%
      0     0       14.9481   111       10.0000       User: 4     1604   49.48%
      0     0       14.9276   113       10.0000       User: 4     1624   49.28%
      0     0       14.9136   112       10.0000       User: 4     1640   49.14%
      0     0       14.8795   113       10.0000       User: 4     1672   48.79%
      0     0       14.8537   115       10.0000       User: 4     1687   48.54%
      0     0       14.8109   113       10.0000       User: 4     1709   48.11%
      0     0       14.7816   115       10.0000       User: 4     1729   47.82%
      0     0       14.7640   115       10.0000       User: 4     1747   47.64%
      0     0       14.7561   115       10.0000       User: 4     1761   47.56%
      0     0       14.7298   115       10.0000       User: 4     1782   47.30%
      0     0       14.6686   109       10.0000       User: 4     1811   46.69%
      0     0       14.6517   110       10.0000       User: 4     1831   46.52%
      0     0       14.6210   110       10.0000       User: 4     1863   46.21%
      0     0       14.6103   109       10.0000       User: 4     1880   46.10%
      0     0       14.5886   110       10.0000       User: 4     1895   45.89%
      0     0       14.5512   112       10.0000       User: 4     1922   45.51%
      0     0       14.5371   108       10.0000       User: 4     1942   45.37%
      0     0       14.5089   113       10.0000       User: 4     1965   45.09%
      0     0       14.5045   112       10.0000       User: 4     1974   45.04%
      0     0       14.4782   108       10.0000       User: 4     1996   44.78%
      0     0       14.4571   111       10.0000       User: 4     2014   44.57%
      0     0       14.4244   112       10.0000       User: 4     2043   44.24%
      0     0       14.3980   113       10.0000       User: 4     2074   43.98%
      0     0       14.3688   111       10.0000       User: 4     2109   43.69%
      0     0       14.3497   109       10.0000       User: 4     2136   43.50%
      0     0       14.3367   109       10.0000       User: 4     2161   43.37%
      0     0       14.3164   111       10.0000       User: 4     2198   43.16%
      0     0       14.2600   111       10.0000       User: 4     2240   42.60%
      0     0       14.2541   113       10.0000       User: 4     2247   42.54%
      0     0       14.2437   110       10.0000       User: 4     2257   42.44%
      0     0       14.2228   112       10.0000       User: 4     2283   42.23%
      0     0       14.2147   113       10.0000       User: 4     2297   42.15%
      0     0       14.1860   115       10.0000       User: 4     2328   41.86%
      0     0       14.1491   106       10.0000       User: 4     2366   41.49%
      0     0       14.1398   111       10.0000       User: 4     2397   41.40%
      0     0       14.1054   116       10.0000       User: 4     2439   41.05%
      0     0       14.0940   112       10.0000       User: 4     2462   40.94%
      0     0       14.0697   112       10.0000       User: 4     2500   40.70%
      0     0       14.0558   115       10.0000       User: 4     2526   40.56%
      0     0       14.0547   113       10.0000       User: 4     2533   40.55%
      0     0       14.0532   114       10.0000       User: 4     2549   40.53%
      0     0       14.0498   117       10.0000       User: 4     2564   40.50%
      0     0       14.0374   117       10.0000       User: 4     2586   40.37%
      0     0       14.0270   118       10.0000       User: 4     2605   40.27%
      0     0       14.0223   116       10.0000       User: 4     2622   40.22%
      0     0       14.0141   115       10.0000       User: 4     2643   40.14%
      0     0       14.0121   117       10.0000       User: 4     2655   40.12%
      0     0       14.0090   118       10.0000       User: 4     2666   40.09%
      0     0       13.9869   117       10.0000       User: 4     2691   39.87%
      0     0       13.9656   118       10.0000       User: 4     2715   39.66%
      0     0       13.9640   116       10.0000       User: 4     2725   39.64%
      0     0       13.9549   119       10.0000       User: 4     2744   39.55%
      0     0       13.9462   118       10.0000       User: 4     2764   39.46%
      0     0       13.9456   119       10.0000       User: 4     2767   39.46%
      0     0       13.9424   116       10.0000       User: 4     2781   39.42%
      0     0       13.9408   117       10.0000       User: 4     2790   39.41%
      0     0       13.9337   119       10.0000       User: 4     2803   39.34%
      0     0       13.9275   119       10.0000       User: 4     2819   39.28%
      0     0       13.9138   117       10.0000       User: 4     2839   39.14%
      0     0       13.8973   115       10.0000       User: 4     2858   38.97%
      0     0       13.8864   116       10.0000       User: 4     2880   38.86%
      0     0       13.8826   119       10.0000       User: 4     2896   38.83%
      0     0       13.8746   117       10.0000       User: 4     2914   38.75%
      0     0       13.8744   119       10.0000       User: 4     2921   38.74%
      0     0       13.8689   119       10.0000       User: 4     2937   38.69%
      0     0       13.8664   118       10.0000       User: 4     2950   38.66%
      0     0       13.8591   119       10.0000       User: 4     2965   38.59%
      0     0       13.8532   117       10.0000       User: 4     2984   38.53%
      0     0       13.8494   118       10.0000       User: 4     2997   38.49%
      0     0       13.8480   117       10.0000       User: 4     3007   38.48%
      0     0       13.8463   117       10.0000       User: 2     3013   38.46%
      0     0       13.8307   117       10.0000       User: 2     3034   38.31%
      0     0       13.8284   117       10.0000       User: 2     3043   38.28%
      0     0       13.8198   117       10.0000       User: 2     3050   38.20%
      0     0       13.8166   117       10.0000       User: 2     3058   38.17%
      0     0       13.8151   117       10.0000       User: 2     3063   38.15%
      0     0       13.8034   115       10.0000       User: 2     3082   38.03%
      0     0       13.7993   116       10.0000       User: 2     3095   37.99%
      0     0       13.7670   117       10.0000       User: 2     3114   37.67%
      0     0       13.7631   117       10.0000       User: 2     3124   37.63%
      0     0       13.7625   116       10.0000       User: 2     3135   37.63%
      0     0       13.7624   118       10.0000       User: 2     3138   37.62%
      0     0       13.7624   117       10.0000       User: 2     3139   37.62%
      0     0       13.7621   117       10.0000       User: 2     3141   37.62%
      0     0       13.7621   117       10.0000       User: 2     3142   37.62%
      0     2       13.7621   117       10.0000       13.7605     3142   37.61%                        0             0
Elapsed real time =   1.75 sec. (tree size =  0.00 MB, solutions = 4)
      2     4       13.3229   116       10.0000       13.7380     4153   37.38%            id84 D      2      1      2
     14    14       12.2940   107       10.0000       13.7380     6246   37.38%           id101 D     14     13     13
     34    26       11.5969    73       10.0000       13.5294     9179   35.29%             id2 U     34      0      1
     49    32       11.0824    66       10.0000       13.2504    12195   32.50%            id83 U     49      2      3
     70    41       11.0194    64       10.0000       12.9982    15100   29.98%            id38 D     70     69     12
     84    44       11.2880    72       10.0000       12.4385    18124   24.38%            id87 U     84      9     10
    123    21       11.0622    62       10.0000       11.2672    20756   12.67%            id76 U    123     66      9

User cuts applied:  1752

Root node processing (before b&c):
  Real time             =    1.60
Sequential b&c:
  Real time             =    2.91
                          -------
Total (root+branch&cut) =    4.51 sec.
Solution status = Optimal
Solution value  = 10
GAP             = 0%
Heuristica 1 : 175
Heuristica 2 : 31
A = [ 0 0 0 0 0 0 1 0 0 0 1 0 0 0 0 0 0 0 0 1 0 0 0 0 0 0 0 0 0 0 1 0 0 0 0 0 0 0 0 0 0 0 0 0 0 0 0 0 0 0 0 0 0 0 0 0 0 1 0 0 ]
B = [ 0 0 1 0 0 1 0 0 0 0 0 0 0 0 0 0 0 1 0 0 0 0 0 0 0 0 1 0 0 0 0 0 0 0 0 0 0 0 0 0 0 0 0 0 0 0 0 0 0 1 0 0 0 0 0 0 0 0 0 0 ]
