LINE 15
DIMENSOES 60 1593
N cortes 1
Found feasible solution after 0.00 sec.  Objective = 0.0000
Clique table members: 326.
MIP emphasis: balance optimality and feasibility.
MIP search method: traditional branch-and-cut.
Parallel mode: none, using 1 thread.
Root relaxation solution time =    0.01 sec.

        Nodes                                         Cuts/
   Node  Left     Objective  IInf  Best Integer    Best Bound    ItCnt     Gap         Variable B NodeID Parent  Depth

*     0+    0                            0.0000                    333     --- 
*     0+    0                            5.0000                    333     --- 
      0     0       10.0000    67        5.0000       10.0000      333  100.00%
*     0+    0                            6.0000       10.0000      333   66.67%
      0     0        9.7372    58        6.0000       User: 4      502   62.29%
*     0+    0                            7.0000        9.7372      502   39.10%
      0     0        9.6151    60        7.0000       User: 4      561   37.36%
      0     0        9.5510    62        7.0000       User: 4      587   36.44%
      0     0        9.4560    65        7.0000       User: 4      640   35.09%
      0     0        9.3891    66        7.0000       User: 4      672   34.13%
      0     0        9.2957    61        7.0000       User: 4      717   32.80%
      0     0        9.2100    53        7.0000       User: 4      760   31.57%
      0     0        9.1838    64        7.0000       User: 4      793   31.20%
      0     0        9.1612    66        7.0000       User: 4      830   30.87%
      0     0        9.1325    68        7.0000       User: 4      885   30.46%
      0     0        9.1103    67        7.0000       User: 4      913   30.15%
      0     0        9.0833    68        7.0000       User: 4      943   29.76%
      0     0        9.0643    70        7.0000       User: 4      981   29.49%
      0     0        9.0435    72        7.0000       User: 4     1025   29.19%
      0     0        9.0216    74        7.0000       User: 4     1065   28.88%
      0     0        9.0042    72        7.0000       User: 4     1099   28.63%
      0     0        8.9723    73        7.0000       User: 4     1128   28.18%
      0     0        8.9383    75        7.0000       User: 4     1161   27.69%
      0     0        8.8843    74        7.0000       User: 4     1204   26.92%
      0     0        8.8587    72        7.0000       User: 4     1235   26.55%
      0     0        8.8192    72        7.0000       User: 4     1269   25.99%
      0     0        8.7960    75        7.0000       User: 4     1294   25.66%
      0     0        8.7815    78        7.0000       User: 4     1316   25.45%
      0     0        8.7635    76        7.0000       User: 4     1350   25.19%
      0     0        8.7368    73        7.0000       User: 4     1389   24.81%
      0     0        8.7101    75        7.0000       User: 4     1422   24.43%
      0     0        8.6727    78        7.0000       User: 4     1452   23.90%
      0     0        8.6669    76        7.0000       User: 4     1462   23.81%
      0     0        8.6135    73        7.0000       User: 4     1499   23.05%
      0     0        8.5881    74        7.0000       User: 4     1520   22.69%
      0     0        8.5618    79        7.0000       User: 4     1541   22.31%
      0     0        8.5368    80        7.0000       User: 4     1565   21.95%
      0     0        8.4904    80        7.0000       User: 4     1609   21.29%
      0     0        8.4459    79        7.0000       User: 4     1642   20.66%
      0     0        8.4145    75        7.0000       User: 4     1685   20.21%
      0     0        8.3828    70        7.0000       User: 4     1726   19.75%
      0     0        8.3708    72        7.0000       User: 4     1751   19.58%
      0     0        8.3636    75        7.0000       User: 4     1770   19.48%
      0     0        8.3400    74        7.0000       User: 4     1799   19.14%
      0     0        8.3162    76        7.0000       User: 4     1828   18.80%
      0     0        8.2852    74        7.0000       User: 4     1855   18.36%
      0     0        8.2661    71        7.0000       User: 4     1878   18.09%
      0     0        8.2480    71        7.0000       User: 4     1902   17.83%
      0     0        8.2384    69        7.0000       User: 4     1923   17.69%
      0     0        8.2146    72        7.0000       User: 4     1951   17.35%
      0     0        8.1932    71        7.0000       User: 4     1973   17.05%
      0     0        8.1820    71        7.0000       User: 4     1994   16.89%
      0     0        8.1582    74        7.0000       User: 4     2016   16.55%
      0     0        8.1251    72        7.0000       User: 4     2053   16.07%
      0     0        8.0367    66        7.0000       User: 4     2088   14.81%
      0     0        cutoff              7.0000                   2112    0.00%                        0             0
Elapsed real time =   0.33 sec. (tree size =  0.00 MB, solutions = 4)

User cuts applied:  204

Root node processing (before b&c):
  Real time             =    0.33
Sequential b&c:
  Real time             =    0.00
                          -------
Total (root+branch&cut) =    0.33 sec.
Solution status = Optimal
Solution value  = 7
GAP             = 0%
Heuristica 1 : 44
Heuristica 2 : 7
A = [ 0 0 0 0 0 0 0 0 0 1 0 0 0 0 0 0 0 0 0 0 0 0 0 0 1 0 0 0 0 0 0 0 0 0 0 0 0 0 0 0 0 0 1 0 0 0 0 0 0 0 0 0 0 0 0 0 0 0 0 0 ]
B = [ 0 0 0 0 0 0 0 0 0 0 1 0 0 0 0 0 0 0 0 0 0 0 0 0 0 0 0 0 0 0 0 0 0 0 0 0 0 0 1 0 0 0 0 0 0 0 0 0 0 1 0 0 0 0 0 1 0 0 0 0 ]
