LINE 15
DIMENSOES 60 885
N cortes 1
Found feasible solution after 0.00 sec.  Objective = 0.0000
Clique table members: 444.
MIP emphasis: balance optimality and feasibility.
MIP search method: traditional branch-and-cut.
Parallel mode: none, using 1 thread.
Root relaxation solution time =    0.01 sec.

        Nodes                                         Cuts/
   Node  Left     Objective  IInf  Best Integer    Best Bound    ItCnt     Gap         Variable B NodeID Parent  Depth

*     0+    0                            0.0000                    275     --- 
*     0+    0                           11.0000                    275     --- 
      0     0       24.2430   111       11.0000       24.2430      275  120.39%
*     0+    0                           12.0000       24.2430      275  102.02%
      0     0       24.0190   117       12.0000       User: 4      343  100.16%
      0     0       23.8216   113       12.0000       User: 4      395   98.51%
*     0+    0                           13.0000       23.8216      395   83.24%
      0     0       23.7554   111       13.0000       User: 4      437   82.73%
      0     0       23.7367   107       13.0000       User: 4      453   82.59%
      0     0       23.6869   107       13.0000       User: 4      473   82.21%
      0     0       23.4923   114       13.0000       User: 4      518   80.71%
      0     0       23.2670   108       13.0000       User: 4      575   78.98%
      0     0       23.0452   110       13.0000       User: 4      617   77.27%
      0     0       23.0228   112       13.0000       User: 4      633   77.10%
      0     0       22.6804   110       13.0000       User: 4      713   74.46%
      0     0       22.6665   106       13.0000       User: 4      741   74.36%
      0     0       22.5800   108       13.0000       User: 4      778   73.69%
      0     0       22.5058   105       13.0000       User: 4      798   73.12%
      0     0       22.4971   105       13.0000       User: 4      808   73.05%
      0     0       22.3426   106       13.0000       User: 4      842   71.87%
      0     0       22.3289   108       13.0000       User: 4      851   71.76%
      0     0       22.2042   108       13.0000       User: 4      892   70.80%
      0     0       22.1001   102       13.0000       User: 4      933   70.00%
      0     0       22.0313   110       13.0000       User: 4      974   69.47%
      0     0       21.9181   110       13.0000       User: 4     1017   68.60%
      0     0       21.7716   112       13.0000       User: 4     1076   67.47%
      0     0       21.7664   112       13.0000       User: 4     1091   67.43%
      0     0       21.7442   114       13.0000       User: 4     1111   67.26%
      0     0       21.7073   112       13.0000       User: 4     1138   66.98%
      0     0       21.6819   116       13.0000       User: 4     1144   66.78%
      0     0       21.6748   114       13.0000       User: 4     1157   66.73%
      0     0       21.6054   114       13.0000       User: 4     1187   66.20%
      0     0       21.5799   110       13.0000       User: 4     1207   66.00%
      0     0       21.5689   112       13.0000       User: 4     1218   65.91%
      0     0       21.5225   110       13.0000       User: 4     1235   65.56%
      0     0       21.4757   110       13.0000       User: 4     1258   65.20%
      0     0       21.1538   110       13.0000       User: 4     1322   62.72%
      0     0       21.0563   108       13.0000       User: 4     1354   61.97%
      0     0       20.9740   112       13.0000       User: 4     1401   61.34%
      0     0       20.9589   112       13.0000       User: 4     1420   61.22%
      0     0       20.9060   108       13.0000       User: 4     1461   60.82%
      0     0       20.8918   108       13.0000       User: 4     1475   60.71%
      0     0       20.8905   110       13.0000       User: 4     1486   60.70%
      0     0       20.8883   112       13.0000       User: 4     1494   60.68%
      0     0       20.8572   110       13.0000       User: 4     1512   60.44%
      0     0       20.8431   112       13.0000       User: 4     1544   60.33%
      0     0       20.8252   108       13.0000       User: 4     1569   60.19%
      0     0       20.7958   110       13.0000       User: 4     1591   59.97%
      0     0       20.7878   112       13.0000       User: 4     1603   59.91%
      0     0       20.7673   112       13.0000       User: 4     1616   59.75%
      0     0       20.7504   110       13.0000       User: 4     1626   59.62%
      0     0       20.7390   110       13.0000       User: 4     1640   59.53%
      0     0       20.7203   114       13.0000       User: 4     1667   59.39%
      0     0       20.7034   116       13.0000       User: 4     1693   59.26%
      0     0       20.6958   118       13.0000       User: 4     1706   59.20%
      0     0       20.6912   114       13.0000       User: 4     1726   59.16%
      0     0       20.6764   116       13.0000       User: 4     1736   59.05%
      0     0       20.6762   116       13.0000       User: 4     1738   59.05%
      0     0       20.6762   116       13.0000       User: 4     1741   59.05%
*     0+    0                           14.0000       20.6762     1741   47.69%
      0     2       20.6762   116       14.0000       20.6762     1741   47.69%                        0             0
Elapsed real time =   0.62 sec. (tree size =  0.00 MB, solutions = 5)
      6     8       17.7006    84       14.0000       20.6494     3489   47.50%            id84 U      6      4      4
     31    32       16.0972    91       14.0000       20.6494     6595   47.50%            id33 D     31     30     25
     74    60       16.6491    83       14.0000       19.0985    10063   36.42%             id3 D     74     73      9
    119    91       16.3772    75       14.0000       18.5199    13075   32.28%            id36 D    119    118      9
    164   124       15.8702    78       14.0000       18.0976    15669   29.27%            id10 D    164    163     13
    207   151       16.1160    79       14.0000       17.6904    18401   26.36%            id56 D    207    206     13
    249   162       15.9221    62       14.0000       17.5059    21341   25.04%            id24 U    249    154      4
    295   184       15.0390    57       14.0000       17.1296    24550   22.35%             id4 U    295    155      5
    334   194       15.9853    82       14.0000       16.9253    27403   20.89%            id29 D    334     15     13
    504   220        cutoff             14.0000       16.2260    38684   15.90%            id33 U    504     30     25
Elapsed real time =   5.48 sec. (tree size =  1.39 MB, solutions = 5)

User cuts applied:  2016

Root node processing (before b&c):
  Real time             =    0.50
Sequential b&c:
  Real time             =    6.42
                          -------
Total (root+branch&cut) =    6.92 sec.
Solution status = Optimal
Solution value  = 14
GAP             = 0%
Heuristica 1 : 316
Heuristica 2 : 131
A = [ 1 0 0 0 0 0 0 0 0 0 1 0 0 0 0 0 0 1 0 0 0 0 0 0 0 0 0 1 0 0 0 0 0 0 0 0 0 0 0 0 0 0 0 0 0 0 0 0 0 0 0 0 1 0 0 0 1 0 1 0 ]
B = [ 0 0 0 0 0 0 1 0 1 0 0 0 1 0 0 0 0 0 1 0 0 0 1 0 0 0 0 0 0 0 0 1 0 0 0 0 0 0 0 0 0 0 0 0 0 1 0 0 0 0 0 0 0 0 0 0 0 0 0 0 ]
