LINE 15
DIMENSOES 60 1239
N cortes 1
Found feasible solution after 0.00 sec.  Objective = 0.0000
Clique table members: 410.
MIP emphasis: balance optimality and feasibility.
MIP search method: traditional branch-and-cut.
Parallel mode: none, using 1 thread.
Root relaxation solution time =    0.01 sec.

        Nodes                                         Cuts/
   Node  Left     Objective  IInf  Best Integer    Best Bound    ItCnt     Gap         Variable B NodeID Parent  Depth

*     0+    0                            0.0000                    276     --- 
*     0+    0                            7.0000                    276     --- 
      0     0       18.3217    93        7.0000       18.3217      276  161.74%
*     0+    0                            9.0000       18.3217      276  103.57%
      0     0       17.3868    89        9.0000       User: 4      424   93.19%
      0     0       17.2316    86        9.0000       User: 4      482   91.46%
      0     0       16.8843    84        9.0000       User: 4      552   87.60%
*     0+    0                           10.0000       16.8843      552   68.84%
      0     0       16.8263    89       10.0000       User: 4      588   68.26%
      0     0       16.7064    90       10.0000       User: 4      657   67.06%
      0     0       16.5832    92       10.0000       User: 4      730   65.83%
      0     0       16.5348    88       10.0000       User: 4      757   65.35%
      0     0       16.4682    96       10.0000       User: 4      799   64.68%
      0     0       16.3633    87       10.0000       User: 4      844   63.63%
      0     0       16.3045    90       10.0000       User: 4      875   63.05%
      0     0       16.2572    94       10.0000       User: 4      914   62.57%
      0     0       16.2001    94       10.0000       User: 4      947   62.00%
      0     0       16.1875    96       10.0000       User: 4      968   61.87%
      0     0       16.0908   100       10.0000       User: 4     1036   60.91%
      0     0       16.0448    96       10.0000       User: 4     1077   60.45%
      0     0       15.9698    96       10.0000       User: 4     1126   59.70%
      0     0       15.9110    96       10.0000       User: 4     1174   59.11%
      0     0       15.8819    97       10.0000       User: 4     1205   58.82%
      0     0       15.8017   103       10.0000       User: 4     1250   58.02%
      0     0       15.7300    98       10.0000       User: 4     1288   57.30%
      0     0       15.6608    99       10.0000       User: 4     1321   56.61%
      0     0       15.5831    99       10.0000       User: 4     1362   55.83%
      0     0       15.4842    96       10.0000       User: 4     1402   54.84%
      0     0       15.4105   101       10.0000       User: 4     1441   54.10%
      0     0       15.3782   101       10.0000       User: 4     1467   53.78%
      0     0       15.2998   100       10.0000       User: 4     1510   53.00%
      0     0       15.2842    96       10.0000       User: 4     1534   52.84%
      0     0       15.2643    96       10.0000       User: 4     1557   52.64%
      0     0       15.2367    99       10.0000       User: 4     1580   52.37%
      0     0       15.2215    99       10.0000       User: 4     1600   52.21%
      0     0       15.1601   101       10.0000       User: 4     1633   51.60%
      0     0       15.1305   103       10.0000       User: 4     1670   51.31%
      0     0       15.0928   102       10.0000       User: 4     1700   50.93%
      0     0       15.0750    98       10.0000       User: 4     1717   50.75%
      0     0       14.9960   100       10.0000       User: 4     1748   49.96%
      0     0       14.9712   101       10.0000       User: 4     1774   49.71%
      0     0       14.9389   104       10.0000       User: 4     1796   49.39%
      0     0       14.8922   102       10.0000       User: 4     1820   48.92%
      0     0       14.8751   104       10.0000       User: 4     1840   48.75%
*     0+    0                           11.0000       14.8751     1840   35.23%
      0     0       14.8149   100       11.0000       User: 4     1879   34.68%
      0     0       14.7965   104       11.0000       User: 4     1907   34.51%
      0     0       14.7797   102       11.0000       User: 4     1923   34.36%
      0     0       14.7766   101       11.0000       User: 4     1937   34.33%
      0     0       14.7706   103       11.0000       User: 4     1958   34.28%
      0     0       14.7394   107       11.0000       User: 4     1987   33.99%
*     0+    0                           11.0000       14.7394     1987   33.99%
      0     0       14.7226   106       11.0000       User: 4     2002   33.84%
      0     0       14.6980   102       11.0000       User: 4     2034   33.62%
      0     0       14.6711   104       11.0000       User: 4     2057   33.37%
      0     0       14.6572   104       11.0000       User: 4     2074   33.25%
      0     0       14.6444   106       11.0000       User: 4     2100   33.13%
      0     0       14.6387   105       11.0000       User: 4     2111   33.08%
      0     0       14.6111   104       11.0000       User: 4     2135   32.83%
      0     0       14.6027   105       11.0000       User: 4     2151   32.75%
      0     0       14.6002   106       11.0000       User: 4     2168   32.73%
      0     0       14.5943   108       11.0000       User: 4     2177   32.68%
      0     0       14.5882   110       11.0000       User: 4     2192   32.62%
      0     0       14.5778   110       11.0000       User: 4     2204   32.53%
      0     0       14.5387   110       11.0000       User: 4     2231   32.17%
      0     0       14.5235   111       11.0000       User: 4     2254   32.03%
      0     0       14.5120   111       11.0000       User: 4     2267   31.93%
      0     0       14.4932   109       11.0000       User: 4     2282   31.76%
      0     0       14.4508   106       11.0000       User: 4     2306   31.37%
      0     0       14.4363   106       11.0000       User: 4     2321   31.24%
      0     0       14.3869   105       11.0000       User: 4     2344   30.79%
      0     0       14.3680   105       11.0000       User: 4     2367   30.62%
      0     0       14.3479   109       11.0000       User: 4     2384   30.44%
      0     0       14.3399   109       11.0000       User: 4     2398   30.36%
      0     0       14.3238   105       11.0000       User: 4     2426   30.22%
      0     0       14.2991   107       11.0000       User: 4     2444   29.99%
      0     0       14.2805   108       11.0000       User: 4     2473   29.82%
      0     0       14.2715   107       11.0000       User: 4     2488   29.74%
      0     0       14.2643   105       11.0000       User: 4     2505   29.68%
      0     0       14.2611   107       11.0000       User: 4     2518   29.65%
      0     0       14.2340   108       11.0000       User: 4     2542   29.40%
      0     0       14.2287   108       11.0000       User: 4     2562   29.35%
      0     0       14.2200   112       11.0000       User: 4     2585   29.27%
      0     0       14.2195   112       11.0000       User: 4     2591   29.27%
      0     0       14.2061   110       11.0000       User: 4     2615   29.15%
      0     0       14.1812   111       11.0000       User: 4     2651   28.92%
      0     0       14.1731   110       11.0000       User: 4     2665   28.85%
      0     0       14.1664   112       11.0000       User: 4     2674   28.79%
      0     0       14.1531   112       11.0000       User: 4     2702   28.66%
      0     0       14.1465   112       11.0000       User: 4     2715   28.60%
      0     0       14.1158   112       11.0000       User: 4     2746   28.33%
      0     0       14.0939   110       11.0000       User: 4     2778   28.13%
      0     0       14.0813   113       11.0000       User: 4     2803   28.01%
      0     0       14.0767   112       11.0000       User: 4     2817   27.97%
      0     0       14.0747   113       11.0000       User: 4     2830   27.95%
      0     0       14.0685   113       11.0000       User: 4     2846   27.90%
      0     0       14.0683   113       11.0000       User: 4     2848   27.89%
      0     0       14.0667   113       11.0000       User: 2     2854   27.88%
      0     0       14.0399   113       11.0000       User: 2     2871   27.64%
      0     0       14.0312   110       11.0000       User: 2     2886   27.56%
      0     0       14.0312   111       11.0000       User: 2     2888   27.56%
      0     2       14.0312   111       11.0000       14.0292     2888   27.54%                        0             0
Elapsed real time =   1.22 sec. (tree size =  0.00 MB, solutions = 6)
      4     6       13.3111   107       11.0000       14.0212     3884   27.47%            id56 D      4      3      4
     27    14       12.1979    74       11.0000       13.6494     7361   24.09%           id110 D     27     26      4

User cuts applied:  1022

Root node processing (before b&c):
  Real time             =    1.02
Sequential b&c:
  Real time             =    1.34
                          -------
Total (root+branch&cut) =    2.36 sec.
Solution status = Optimal
Solution value  = 11
GAP             = 0%
Heuristica 1 : 59
Heuristica 2 : 67
A = [ 0 0 0 0 0 1 0 0 0 0 0 0 0 0 0 0 0 0 0 1 1 0 0 0 0 1 0 0 0 0 0 0 0 0 0 0 0 0 0 0 0 0 0 0 0 0 0 0 0 0 0 0 0 0 0 1 0 0 1 0 ]
B = [ 0 0 0 0 1 0 0 0 0 0 0 0 0 0 0 0 0 0 0 0 0 0 0 0 0 0 0 0 0 0 0 1 0 0 0 0 0 0 1 1 0 0 0 0 0 0 0 0 0 1 0 0 0 0 0 0 0 0 0 0 ]
