LINE 15
DIMENSOES 60 885
N cortes 1
Found feasible solution after 0.00 sec.  Objective = 0.0000
Clique table members: 464.
MIP emphasis: balance optimality and feasibility.
MIP search method: traditional branch-and-cut.
Parallel mode: none, using 1 thread.
Root relaxation solution time =    0.02 sec.

        Nodes                                         Cuts/
   Node  Left     Objective  IInf  Best Integer    Best Bound    ItCnt     Gap         Variable B NodeID Parent  Depth

*     0+    0                            0.0000                    299     --- 
*     0+    0                           10.0000                    299     --- 
      0     0       24.8861   113       10.0000       24.8861      299  148.86%
*     0+    0                           13.0000       24.8861      299   91.43%
      0     0       24.5692   109       13.0000       User: 4      338   88.99%
      0     0       24.3413   112       13.0000       User: 4      398   87.24%
      0     0       23.8933   115       13.0000       User: 4      474   83.79%
      0     0       23.6147   111       13.0000       User: 4      543   81.65%
      0     0       23.4296   106       13.0000       User: 4      587   80.23%
      0     0       23.1575   105       13.0000       User: 4      671   78.13%
      0     0       22.9054   106       13.0000       User: 4      719   76.20%
      0     0       22.6125    98       13.0000       User: 4      800   73.94%
      0     0       22.5225   104       13.0000       User: 4      831   73.25%
      0     0       22.4982   106       13.0000       User: 4      856   73.06%
      0     0       22.4914   102       13.0000       User: 4      874   73.01%
      0     0       22.4382    98       13.0000       User: 4      893   72.60%
      0     0       22.3726   104       13.0000       User: 4      925   72.10%
*     0+    0                           14.0000       22.3726      925   59.80%
      0     0       22.3643   104       14.0000       User: 4      938   59.75%
      0     0       22.2249   104       14.0000       User: 4      988   58.75%
      0     0       22.1346   100       14.0000       User: 4     1031   58.10%
      0     0       22.0721    94       14.0000       User: 4     1085   57.66%
      0     0       22.0227   104       14.0000       User: 4     1122   57.30%
      0     0       21.9168   106       14.0000       User: 4     1165   56.55%
      0     0       21.8365   102       14.0000       User: 4     1206   55.98%
      0     0       21.8129   104       14.0000       User: 4     1226   55.81%
      0     0       21.8115   106       14.0000       User: 4     1231   55.80%
      0     0       21.8100   110       14.0000       User: 4     1239   55.79%
      0     0       21.8097   106       14.0000       User: 4     1243   55.78%
      0     0       21.8091   108       14.0000       User: 4     1250   55.78%
      0     0       21.7511   110       14.0000       User: 4     1285   55.36%
      0     0       21.6488   106       14.0000       User: 4     1319   54.63%
      0     0       21.6312   108       14.0000       User: 4     1358   54.51%
      0     0       21.6302   108       14.0000       User: 4     1367   54.50%
      0     0       21.6301   106       14.0000       User: 4     1372   54.50%
      0     0       21.5643   104       14.0000       User: 4     1409   54.03%
      0     0       21.5076   108       14.0000       User: 4     1454   53.63%
      0     0       21.4439   110       14.0000       User: 4     1512   53.17%
      0     0       21.4359   110       14.0000       User: 4     1532   53.11%
      0     0       21.3844   108       14.0000       User: 4     1570   52.75%
      0     0       21.3842   108       14.0000       User: 4     1576   52.74%
      0     0       21.3736   110       14.0000       User: 4     1594   52.67%
      0     0       21.3551   110       14.0000       User: 4     1615   52.54%
      0     0       21.3149   112       14.0000       User: 4     1651   52.25%
      0     0       21.3020   112       14.0000       User: 4     1659   52.16%
      0     0       21.2770   111       14.0000       User: 4     1681   51.98%
      0     0       21.2547   111       14.0000       User: 4     1718   51.82%
      0     0       21.2515   113       14.0000       User: 4     1729   51.80%
      0     0       21.2462   115       14.0000       User: 4     1752   51.76%
      0     0       21.2448   113       14.0000       User: 4     1766   51.75%
      0     0       21.2266   115       14.0000       User: 4     1791   51.62%
      0     0       21.2154   115       14.0000       User: 4     1813   51.54%
      0     0       21.2003   115       14.0000       User: 4     1839   51.43%
      0     0       21.1738   115       14.0000       User: 4     1862   51.24%
      0     0       21.1726   115       14.0000       User: 4     1871   51.23%
      0     0       21.1689   119       14.0000       User: 4     1881   51.21%
      0     0       21.1666   118       14.0000       User: 4     1889   51.19%
      0     0       21.1661   117       14.0000       User: 4     1897   51.19%
      0     0       21.1463   119       14.0000       User: 4     1921   51.05%
      0     2       21.1463   119       14.0000       21.1449     1921   51.03%                        0             0
Elapsed real time =   0.72 sec. (tree size =  0.00 MB, solutions = 4)
      5     7       19.9274   114       14.0000       20.8585     3636   48.99%            id41 D      5      4      4
     49    45       17.3608    84       14.0000       20.2274     7338   44.48%            id38 U     49      1      2
     86    74       16.8902    87       14.0000       19.9233    10873   42.31%            id41 U     86      4      4
    134   114       16.3051    78       14.0000       19.5916    14561   39.94%            id58 D    134    132     14
    178   146       15.4524    74       14.0000       19.3057    17769   37.90%             id3 D    178    177     17
    215   171       15.3366    73       14.0000       19.0423    20917   36.02%            id78 D    215    214     17
    256   194       16.4335    77       14.0000       18.4316    24148   31.65%           id106 U    256     15     15
    297   217       15.4687    72       14.0000       17.7925    27539   27.09%            id78 D    297    295     22
    340   238       15.0638    54       14.0000       17.5566    30322   25.40%           id111 D    340    339     17
    476   281        cutoff             14.0000       16.8506    41558   20.36%            id25 U    476    400      3
Elapsed real time =   5.51 sec. (tree size =  0.44 MB, solutions = 4)
    624   259        cutoff             14.0000       16.1393    53025   15.28%            id78 U    624    623     13
    818   224        cutoff             14.0000       15.6875    64403   12.05%            id89 U    818    384      7

User cuts applied:  2376

Root node processing (before b&c):
  Real time             =    0.57
Sequential b&c:
  Real time             =    8.74
                          -------
Total (root+branch&cut) =    9.31 sec.
Solution status = Optimal
Solution value  = 14
GAP             = 0%
Heuristica 1 : 532
Heuristica 2 : 87
A = [ 0 0 0 0 1 0 0 0 0 0 0 0 0 0 0 1 0 0 0 0 0 0 0 1 0 0 0 0 0 0 0 0 0 0 0 0 0 1 0 0 0 0 0 0 0 1 0 0 0 0 0 0 0 0 0 0 1 0 0 1 ]
B = [ 0 0 1 0 0 1 0 0 0 0 0 0 1 0 0 0 0 1 0 0 1 0 0 0 0 0 0 0 0 0 0 0 0 0 0 0 0 0 0 0 0 0 0 0 0 0 0 1 0 0 0 0 0 1 0 0 0 0 0 0 ]
