LINE 15
DIMENSOES 80 2844
N cortes 1
Found feasible solution after 0.00 sec.  Objective = 0.0000
Clique table members: 440.
MIP emphasis: balance optimality and feasibility.
MIP search method: traditional branch-and-cut.
Parallel mode: none, using 1 thread.
Root relaxation solution time =    0.01 sec.

        Nodes                                         Cuts/
   Node  Left     Objective  IInf  Best Integer    Best Bound    ItCnt     Gap         Variable B NodeID Parent  Depth

*     0+    0                            0.0000                    226     --- 
*     0+    0                            4.0000                    226     --- 
*     0+    0                            6.0000                    226     --- 
      0     0       11.9073    82        6.0000       11.9073      226   98.45%
      0     0       11.5203    84        6.0000       User: 4      321   92.01%
      0     0       11.2652    82        6.0000       User: 4      412   87.75%
      0     0       10.9049    84        6.0000       User: 4      546   81.75%
      0     0       10.7904    93        6.0000       User: 4      644   79.84%
*     0+    0                            7.0000       10.7904      644   54.15%
      0     0       10.6428    88        7.0000       User: 4      748   52.04%
      0     0       10.5423    85        7.0000       User: 4      856   50.60%
*     0+    0                            8.0000       10.5423      856   31.78%
      0     0       10.5083    90        8.0000       User: 4      916   31.35%
      0     0       10.4560    90        8.0000       User: 4      977   30.70%
      0     0       10.4049    91        8.0000       User: 4     1026   30.06%
      0     0       10.3615    89        8.0000       User: 4     1077   29.52%
      0     0       10.2589    89        8.0000       User: 4     1154   28.24%
      0     0       10.1982    88        8.0000       User: 4     1219   27.48%
      0     0       10.1728    91        8.0000       User: 4     1266   27.16%
      0     0       10.1491    91        8.0000       User: 4     1300   26.86%
      0     0       10.1007    90        8.0000       User: 4     1356   26.26%
      0     0       10.0739    93        8.0000       User: 4     1400   25.92%
      0     0       10.0377    94        8.0000       User: 4     1468   25.47%
      0     0        9.9854    93        8.0000       User: 4     1531   24.82%
      0     0        9.9540    90        8.0000       User: 4     1588   24.43%
      0     0        9.9253    91        8.0000       User: 4     1629   24.07%
      0     0        9.9060    92        8.0000       User: 4     1695   23.83%
      0     0        9.8953    96        8.0000       User: 4     1739   23.69%
      0     0        9.8812    92        8.0000       User: 4     1780   23.52%
      0     0        9.8661    91        8.0000       User: 4     1823   23.33%
      0     0        9.8518    97        8.0000       User: 4     1874   23.15%
      0     0        9.8440    97        8.0000       User: 4     1919   23.05%
      0     0        9.8291    95        8.0000       User: 4     1972   22.86%
      0     0        9.8209   101        8.0000       User: 4     2013   22.76%
      0     0        9.8078   103        8.0000       User: 4     2065   22.60%
      0     0        9.7850    98        8.0000       User: 4     2122   22.31%
      0     0        9.7622   104        8.0000       User: 4     2162   22.03%
      0     0        9.7520    99        8.0000       User: 4     2205   21.90%
      0     0        9.7359   100        8.0000       User: 4     2258   21.70%
      0     0        9.7264    98        8.0000       User: 4     2305   21.58%
      0     0        9.7152   103        8.0000       User: 4     2332   21.44%
      0     0        9.7040   103        8.0000       User: 4     2374   21.30%
      0     0        9.6962   103        8.0000       User: 4     2411   21.20%
      0     0        9.6895   109        8.0000       User: 4     2455   21.12%
      0     0        9.6702   105        8.0000       User: 4     2509   20.88%
      0     0        9.6533   108        8.0000       User: 4     2553   20.67%
      0     0        9.6353   106        8.0000       User: 4     2614   20.44%
      0     0        9.6023   104        8.0000       User: 4     2690   20.03%
      0     0        9.5886   105        8.0000       User: 4     2738   19.86%
      0     0        9.5826   108        8.0000       User: 4     2774   19.78%
      0     0        9.5724   112        8.0000       User: 4     2826   19.65%
      0     0        9.5561   111        8.0000       User: 4     2878   19.45%
      0     0        9.5473   103        8.0000       User: 4     2922   19.34%
      0     0        9.5373   101        8.0000       User: 4     2960   19.22%
      0     0        9.5257   113        8.0000       User: 4     2994   19.07%
      0     0        9.5138   103        8.0000       User: 4     3041   18.92%
      0     0        9.5048   104        8.0000       User: 4     3073   18.81%
      0     0        9.4998   108        8.0000       User: 4     3100   18.75%
      0     0        9.4875   107        8.0000       User: 4     3142   18.59%
      0     0        9.4812   106        8.0000       User: 4     3170   18.51%
      0     0        9.4693   105        8.0000       User: 4     3214   18.37%
      0     0        9.4629   106        8.0000       User: 4     3245   18.29%
      0     0        9.4575   111        8.0000       User: 4     3288   18.22%
      0     0        9.4484   116        8.0000       User: 4     3327   18.10%
      0     0        9.4313   108        8.0000       User: 4     3394   17.89%
      0     0        9.4099   107        8.0000       User: 4     3461   17.62%
      0     0        9.4001   111        8.0000       User: 4     3503   17.50%
      0     0        9.3868   112        8.0000       User: 4     3569   17.33%
      0     0        9.3770   109        8.0000       User: 4     3613   17.21%
      0     0        9.3702   113        8.0000       User: 4     3651   17.13%
      0     0        9.3679   110        8.0000       User: 4     3670   17.10%
      0     0        9.3596   118        8.0000       User: 4     3707   16.99%
      0     0        9.3568   115        8.0000       User: 4     3739   16.96%
      0     0        9.3473   114        8.0000       User: 4     3788   16.84%
      0     0        9.3422   116        8.0000       User: 4     3825   16.78%
      0     0        9.3358   113        8.0000       User: 4     3863   16.70%
      0     0        9.3185   117        8.0000       User: 4     3897   16.48%
      0     0        9.3136   116        8.0000       User: 4     3926   16.42%
      0     0        9.3094   119        8.0000       User: 4     3954   16.37%
      0     0        9.3017   115        8.0000       User: 4     3986   16.27%
      0     0        9.2936   121        8.0000       User: 4     4018   16.17%
      0     0        9.2803   119        8.0000       User: 4     4061   16.00%
      0     0        9.2647   119        8.0000       User: 4     4124   15.81%
      0     0        9.2524   117        8.0000       User: 4     4166   15.66%
      0     0        9.2419   120        8.0000       User: 4     4206   15.52%
      0     0        9.2382   120        8.0000       User: 4     4230   15.48%
      0     0        9.2334   121        8.0000       User: 4     4268   15.42%
      0     0        9.2116   121        8.0000       User: 4     4325   15.14%
      0     0        9.1965   119        8.0000       User: 4     4368   14.96%
      0     0        9.1852   116        8.0000       User: 4     4395   14.82%
      0     0        9.1725   115        8.0000       User: 4     4432   14.66%
      0     0        9.1649   113        8.0000       User: 4     4459   14.56%
      0     0        9.1468   116        8.0000       User: 4     4496   14.33%
      0     0        9.1303   119        8.0000       User: 4     4526   14.13%
      0     0        9.1242   119        8.0000       User: 4     4551   14.05%
      0     0        9.1122   120        8.0000       User: 4     4587   13.90%
      0     0        9.0987   115        8.0000       User: 4     4641   13.73%
      0     0        9.0881   115        8.0000       User: 4     4679   13.60%
      0     0        9.0704   112        8.0000       User: 4     4712   13.38%
      0     0        9.0500   111        8.0000       User: 4     4746   13.12%
      0     0        9.0104   106        8.0000       User: 4     4796   12.63%
      0     0        cutoff              8.0000                   4797    0.00%                        0             0
Elapsed real time =   1.31 sec. (tree size =  0.00 MB, solutions = 5)

User cuts applied:  380

Root node processing (before b&c):
  Real time             =    1.31
Sequential b&c:
  Real time             =    0.00
                          -------
Total (root+branch&cut) =    1.31 sec.
Solution status = Optimal
Solution value  = 8
GAP             = 0%
Heuristica 1 : 81
Heuristica 2 : 15
A = [ 0 0 0 0 0 0 1 0 0 0 0 0 0 0 0 0 0 0 0 0 0 0 0 0 0 0 0 0 0 0 0 0 0 0 0 0 0 0 1 0 0 0 0 0 0 0 0 0 0 0 0 0 0 1 0 0 0 0 0 0 0 0 0 1 0 0 0 0 0 0 0 0 0 0 0 0 0 0 0 0 ]
B = [ 0 0 0 0 0 0 0 0 0 0 0 0 0 0 0 0 0 0 0 0 0 0 0 0 0 0 0 0 0 0 0 0 0 0 0 0 0 0 0 0 0 0 0 0 0 0 0 0 0 0 0 0 0 0 0 0 0 0 0 1 0 0 0 0 1 0 0 0 0 1 0 0 0 0 0 0 0 1 0 0 ]
