LINE 15
DIMENSOES 80 1580
N cortes 1
Found feasible solution after 0.00 sec.  Objective = 0.0000
Clique table members: 726.
MIP emphasis: balance optimality and feasibility.
MIP search method: traditional branch-and-cut.
Parallel mode: none, using 1 thread.
Root relaxation solution time =    0.03 sec.

        Nodes                                         Cuts/
   Node  Left     Objective  IInf  Best Integer    Best Bound    ItCnt     Gap         Variable B NodeID Parent  Depth

*     0+    0                            0.0000                    388     --- 
*     0+    0                           14.0000                    388     --- 
      0     0       30.7659   154       14.0000       30.7659      388  119.76%
      0     0       30.2915   150       14.0000       User: 4      485  116.37%
*     0+    0                           15.0000       30.2915      485  101.94%
      0     0       30.1704   154       15.0000       User: 4      541  101.14%
      0     0       29.8178   150       15.0000       User: 4      675   98.79%
      0     0       29.4861   150       15.0000       User: 4      760   96.57%
      0     0       29.3879   150       15.0000       User: 4      808   95.92%
      0     0       29.2986   144       15.0000       User: 4      852   95.32%
      0     0       29.0500   144       15.0000       User: 4      963   93.67%
      0     0       28.9776   154       15.0000       User: 4     1044   93.18%
      0     0       28.7441   152       15.0000       User: 4     1121   91.63%
      0     0       28.6285   150       15.0000       User: 4     1188   90.86%
      0     0       28.5916   148       15.0000       User: 4     1232   90.61%
      0     0       28.5428   150       15.0000       User: 4     1270   90.29%
      0     0       28.4397   144       15.0000       User: 4     1307   89.60%
      0     0       28.3787   152       15.0000       User: 4     1347   89.19%
      0     0       28.3695   154       15.0000       User: 4     1370   89.13%
      0     0       28.3119   152       15.0000       User: 4     1423   88.75%
      0     0       28.2056   154       15.0000       User: 4     1495   88.04%
      0     0       28.0071   148       15.0000       User: 4     1573   86.71%
      0     0       27.8496   150       15.0000       User: 4     1650   85.66%
      0     0       27.6421   154       15.0000       User: 4     1718   84.28%
      0     0       27.6103   154       15.0000       User: 4     1759   84.07%
      0     0       27.5244   150       15.0000       User: 4     1804   83.50%
      0     0       27.4789   152       15.0000       User: 4     1853   83.19%
      0     0       27.3617   148       15.0000       User: 4     1925   82.41%
      0     0       27.2769   146       15.0000       User: 4     1972   81.85%
      0     0       27.2430   146       15.0000       User: 4     2013   81.62%
      0     0       27.1168   142       15.0000       User: 4     2080   80.78%
      0     0       27.0816   146       15.0000       User: 4     2099   80.54%
      0     0       27.0177   150       15.0000       User: 4     2149   80.12%
      0     0       26.9604   150       15.0000       User: 4     2194   79.74%
      0     0       26.9299   152       15.0000       User: 4     2246   79.53%
      0     0       26.8635   154       15.0000       User: 4     2313   79.09%
      0     0       26.8470   150       15.0000       User: 4     2332   78.98%
      0     0       26.8222   154       15.0000       User: 4     2366   78.81%
      0     0       26.7724   154       15.0000       User: 4     2406   78.48%
      0     0       26.7529   152       15.0000       User: 4     2432   78.35%
      0     0       26.7274   152       15.0000       User: 4     2452   78.18%
      0     0       26.6156   158       15.0000       User: 4     2486   77.44%
      0     0       26.4548   150       15.0000       User: 4     2561   76.37%
      0     0       26.4446   152       15.0000       User: 4     2589   76.30%
      0     0       26.4189   156       15.0000       User: 4     2610   76.13%
      0     0       26.3697   152       15.0000       User: 4     2683   75.80%
      0     0       26.3331   152       15.0000       User: 4     2733   75.55%
      0     0       26.2976   150       15.0000       User: 4     2773   75.32%
      0     0       26.2854   152       15.0000       User: 4     2788   75.24%
      0     0       26.2729   150       15.0000       User: 4     2807   75.15%
      0     0       26.2121   150       15.0000       User: 4     2846   74.75%
      0     0       26.2058   148       15.0000       User: 4     2863   74.71%
      0     0       26.2051   152       15.0000       User: 4     2867   74.70%
      0     0       26.1779   150       15.0000       User: 4     2896   74.52%
      0     0       26.1653   148       15.0000       User: 4     2919   74.44%
      0     0       26.1514   152       15.0000       User: 4     2939   74.34%
      0     0       26.1340   152       15.0000       User: 4     2961   74.23%
      0     0       26.0393   150       15.0000       User: 4     3015   73.60%
      0     0       25.9959   150       15.0000       User: 4     3033   73.31%
      0     0       25.9802   148       15.0000       User: 4     3054   73.20%
      0     0       25.9361   146       15.0000       User: 4     3100   72.91%
      0     0       25.9040   150       15.0000       User: 4     3126   72.69%
      0     0       25.8867   152       15.0000       User: 4     3151   72.58%
      0     0       25.8724   152       15.0000       User: 4     3174   72.48%
      0     0       25.8643   152       15.0000       User: 4     3194   72.43%
      0     0       25.8542   152       15.0000       User: 4     3221   72.36%
      0     0       25.8481   152       15.0000       User: 4     3236   72.32%
      0     0       25.8448   152       15.0000       User: 4     3249   72.30%
      0     0       25.7436   144       15.0000       User: 4     3298   71.62%
      0     0       25.7358   144       15.0000       User: 4     3318   71.57%
      0     0       25.7230   146       15.0000       User: 4     3352   71.49%
      0     0       25.7189   148       15.0000       User: 4     3369   71.46%
      0     0       25.7123   146       15.0000       User: 4     3385   71.42%
      0     0       25.7045   150       15.0000       User: 4     3422   71.36%
      0     0       25.6911   144       15.0000       User: 4     3453   71.27%
      0     0       25.6862   146       15.0000       User: 4     3466   71.24%
      0     0       25.6224   152       15.0000       User: 4     3522   70.82%
      0     0       25.6156   152       15.0000       User: 4     3542   70.77%
      0     0       25.6109   156       15.0000       User: 4     3558   70.74%
      0     0       25.5979   154       15.0000       User: 4     3588   70.65%
      0     0       25.5883   152       15.0000       User: 4     3603   70.59%
      0     0       25.5568   154       15.0000       User: 4     3648   70.38%
      0     0       25.5486   154       15.0000       User: 4     3673   70.32%
      0     0       25.5382   154       15.0000       User: 4     3700   70.25%
      0     0       25.5371   156       15.0000       User: 4     3708   70.25%
      0     0       25.5013   156       15.0000       User: 4     3745   70.01%
      0     0       25.4937   156       15.0000       User: 4     3761   69.96%
      0     0       25.4647   152       15.0000       User: 4     3812   69.76%
      0     0       25.3765   154       15.0000       User: 4     3869   69.18%
      0     0       25.3638   148       15.0000       User: 4     3898   69.09%
      0     0       25.3037   156       15.0000       User: 4     3941   68.69%
      0     0       25.2245   152       15.0000       User: 4     3990   68.16%
      0     0       25.1961   152       15.0000       User: 4     4034   67.97%
      0     0       25.1777   148       15.0000       User: 4     4066   67.85%
      0     0       25.1498   146       15.0000       User: 4     4116   67.67%
      0     0       25.1444   154       15.0000       User: 4     4138   67.63%
      0     0       25.1444   152       15.0000       User: 4     4142   67.63%
      0     0       25.1436   152       15.0000       User: 4     4153   67.62%
      0     0       25.1262   152       15.0000       User: 4     4198   67.51%
      0     2       25.1262   152       15.0000       25.1262     4198   67.51%                        0             0
Elapsed real time =   2.23 sec. (tree size =  0.00 MB, solutions = 3)
      3     5       24.4435   152       15.0000       25.0222     6031   66.81%            id27 D      3      1      2
     15    17       23.0726   147       15.0000       24.4371     8730   62.91%            id26 D     15     14     12
     30    32       21.6041   132       15.0000       24.4371    11535   62.91%            id62 D     30     28     24
     49    51       19.2688   115       15.0000       24.4371    13855   62.91%            id97 D     49     47     42
     82    76       20.0423   110       15.0000       24.2149    16751   61.43%            id63 U     82      3      3
    100    94       17.1242    76       15.0000       24.2149    19205   61.43%           id155 D    100     99     17
    120   107       18.7540    99       15.0000       24.1530    21756   61.02%            id67 D    120    119     13
    141   128       16.1212    66       15.0000       24.1530    23949   61.02%            id52 U    141    140     34
    160   143       18.7610    99       15.0000       23.9703    26245   59.80%           id113 D    160    159     21
    240   215       19.2229   104       15.0000       23.7145    33666   58.10%             id1 D    240    239     20
Elapsed real time =   7.38 sec. (tree size =  1.18 MB, solutions = 3)
    338   305       17.1881    82       15.0000       23.2183    42029   54.79%            id78 D    338    337     36
    413   369       19.4946   105       15.0000       22.9490    49288   52.99%            id77 D    413    412     19
    482   426       17.7025    97       15.0000       22.5760    56411   50.51%            id30 D    482    481     28
    561   493       19.0333   103       15.0000       21.9812    63979   46.54%            id18 U    561     24     20
    644   563       20.0314   110       15.0000       21.7505    71652   45.00%            id98 D    644    643      7
    715   624       16.9763    74       15.0000       21.7279    78588   44.85%             id8 D    715    714     29
    788   682       19.1081   103       15.0000       21.4964    85793   43.31%           id144 U    788     30     25
    870   749       18.1009    82       15.0000       21.2106    92481   41.40%             id8 D    870    869     18
    935   798       17.7170    74       15.0000       21.1026    99547   40.68%            id18 D    935    934     11
   1008   854       18.5334    88       15.0000       20.9044   105992   39.36%            id64 D   1008   1007     15
Elapsed real time =  22.51 sec. (tree size =  3.55 MB, solutions = 3)
   1078   904       18.8195    97       15.0000       20.8128   112740   38.75%            id44 U   1078     37     32
*  1120+  660                           16.0000       20.7596   116791   29.75%
   1140   673       18.9832    92       16.0000       20.7371   118800   29.61%            id56 D   1140   1139      9
   1190   711       18.3393    78       16.0000       20.6666   124119   29.17%           id154 U   1190    147      9
   1234   735        cutoff             16.0000       20.6086   129020   28.80%           id127 U   1234   1232     16
   1296   781       17.9493    95       16.0000       20.5275   135188   28.30%            id15 D   1296   1295     28
   1361   814       17.9632    85       16.0000       20.3887   141322   27.43%            id77 D   1361   1360     19
   1414   843       17.6469    78       16.0000       20.3320   147253   27.08%            id15 D   1414   1413     22
   1467   870       18.5075    92       16.0000       20.2273   153425   26.42%            id65 D   1467   1466     14
   1524   903       18.5022    93       16.0000       20.1426   159329   25.89%            id98 D   1524   1523     16
   1580   938       17.3409    83       16.0000       20.0288   165613   25.18%           id147 D   1580   1579     15
Elapsed real time =  38.31 sec. (tree size =  3.98 MB, solutions = 4)
   1628   964       18.7996    82       16.0000       19.9868   171052   24.92%            id65 D   1628   1627     18
   1697  1003       17.3836    74       16.0000       19.8930   177577   24.33%           id154 U   1697     83      5
   1738  1015       17.1285    75       16.0000       19.8261   183288   23.91%            id90 U   1738    153     15
   1796  1032       17.0016    67       16.0000       19.6735   189371   22.96%           id154 U   1796    114      8
   1848  1060       18.2561    80       16.0000       19.5922   195399   22.45%           id160 U   1848    236     17
   1895  1077       17.5739    83       16.0000       19.4894   201587   21.81%            id18 U   1895    534     21
   1945  1094       17.4287    78       16.0000       19.4346   207175   21.47%            id62 D   1945   1944     24
   1998  1109       17.2639    55       16.0000       19.3719   212799   21.07%           id127 D   1998   1997     11
   2040  1113        cutoff             16.0000       19.2857   218376   20.54%            id94 U   2040    586     23
   2079  1125       17.0548    81       16.0000       19.2582   223936   20.36%            id98 D   2079   2078     19
Elapsed real time =  54.96 sec. (tree size =  5.09 MB, solutions = 4)
   2128  1139        cutoff             16.0000       19.2037   229676   20.02%            id42 U   2128     50     44
   2169  1136       17.5922    80       16.0000       19.1115   235238   19.45%            id74 U   2169    862     11
   2219  1144        cutoff             16.0000       19.0790   240988   19.24%            id18 U   2219   1156     11
   2256  1153       17.2424    85       16.0000       19.0305   246591   18.94%           id144 D   2256   2255     23
   2300  1154       17.8250    84       16.0000       18.9477   252332   18.42%           id124 U   2300   1290     23
   2347  1165       18.2080    84       16.0000       18.8946   257665   18.09%            id74 U   2347   1387     13
   2404  1186       17.8851    75       16.0000       18.8671   263248   17.92%           id101 D   2404   2403     23
   2450  1200        cutoff             16.0000       18.8229   268963   17.64%             id8 U   2450   2448     26
   2489  1191        cutoff             16.0000       18.7660   274350   17.29%            id64 U   2489   1239     19
   2539  1205       17.9364    77       16.0000       18.7286   280192   17.05%            id10 U   2539   1798     21
Elapsed real time =  71.45 sec. (tree size =  5.16 MB, solutions = 4)
   2585  1221       17.2520    69       16.0000       18.6988   285578   16.87%           id158 D   2585   2584     25
   2641  1241        cutoff             16.0000       18.6673   289893   16.67%            id94 U   2641    866     15
   2685  1245       17.1154    81       16.0000       18.6163   295180   16.35%            id94 D   2685   2684     25
   2726  1230        cutoff             16.0000       18.5375   300607   15.86%            id10 D   2726   2725     13
   2770  1226       17.0260    67       16.0000       18.4891   306122   15.56%           id158 D   2770   2769     24
   2820  1220        cutoff             16.0000       18.4583   311306   15.36%            id74 U   2820   2263     17
   2866  1205        cutoff             16.0000       18.3901   316759   14.94%            id74 U   2866   1128      9
   2919  1204       17.3191    58       16.0000       18.3328   322349   14.58%            id67 U   2919   1190     10
   2974  1186       17.1556    73       16.0000       18.2687   327808   14.18%           id101 D   2974   2973     30
   3022  1175        cutoff             16.0000       18.2177   333288   13.86%           id134 U   3022    593     30
Elapsed real time =  88.05 sec. (tree size =  6.03 MB, solutions = 4)
   3077  1168        cutoff             16.0000       18.1792   338996   13.62%            id21 U   3077     61     55
   3132  1141        cutoff             16.0000       18.1200   344664   13.25%           id144 U   3132   2567     26
   3185  1108       17.5076    79       16.0000       18.0519   350143   12.82%           id147 D   3185   3184     12
   3244  1063       17.5892    70       16.0000       17.9797   355827   12.37%            id54 U   3244     94     13
   3311  1049        cutoff             16.0000       17.9450   361310   12.16%           id160 U   3311   1431     21
   3377  1013        cutoff             16.0000       17.8907   366595   11.82%            id56 U   3377    254     31
   3440   986       17.2973    74       16.0000       17.8427   371908   11.52%           id101 D   3440   3439     28
   3520   931        cutoff             16.0000       17.7833   377453   11.15%           id114 U   3520    971     36
   3596   900       17.0494    75       16.0000       17.7296   383022   10.81%           id101 D   3596   3595     15
   3671   861       17.3072    78       16.0000       17.6926   388232   10.58%            id47 D   3671   3670     26
Elapsed real time = 104.83 sec. (tree size =  3.83 MB, solutions = 4)
   3747   809        cutoff             16.0000       17.6222   393261   10.14%            id52 U   3747    902     38
   3846   743        cutoff             16.0000       17.5644   398169    9.78%            id29 U   3846    620     32
   3964   629        cutoff             16.0000       17.4823   403133    9.26%           id134 U   3964    129     23
   4091   511        cutoff             16.0000       17.3956   407729    8.72%           id158 U   4091   3014     23
   4224   390       17.1786    80       16.0000       17.3101   412080    8.19%            id65 D   4224   2442     21
   4367   278        cutoff             16.0000       17.2301   416363    7.69%            id94 U   4367   1745     25
   4569    84        cutoff             16.0000       17.1179   419592    6.99%            id52 U   4569   3840     30

User cuts applied:  6102

Root node processing (before b&c):
  Real time             =    1.90
Sequential b&c:
  Real time             =  114.44
                          -------
Total (root+branch&cut) =  116.34 sec.
Solution status = Optimal
Solution value  = 16
GAP             = 0%
Heuristica 1 : 1999
Heuristica 2 : 592
A = [ 1 1 0 0 0 0 1 0 0 0 0 0 0 0 0 0 0 0 0 0 0 0 0 0 0 0 0 0 0 0 0 0 0 0 0 0 0 0 0 0 0 0 0 0 0 1 0 0 0 0 1 0 0 0 0 0 1 0 0 0 0 0 0 0 0 1 1 0 0 0 0 0 0 0 0 0 0 0 0 0 ]
B = [ 0 0 0 0 0 0 0 0 0 0 0 0 0 1 0 0 0 0 0 0 0 0 0 0 0 0 0 0 0 0 0 0 0 0 0 0 0 0 0 0 1 0 0 1 0 0 0 0 0 0 0 0 0 0 0 0 0 0 1 0 1 0 0 0 0 0 0 0 0 0 1 0 0 0 0 0 1 0 0 1 ]
