LINE 15
DIMENSOES 80 2844
N cortes 1
Found feasible solution after 0.00 sec.  Objective = 0.0000
Clique table members: 446.
MIP emphasis: balance optimality and feasibility.
MIP search method: traditional branch-and-cut.
Parallel mode: none, using 1 thread.
Root relaxation solution time =    0.01 sec.

        Nodes                                         Cuts/
   Node  Left     Objective  IInf  Best Integer    Best Bound    ItCnt     Gap         Variable B NodeID Parent  Depth

*     0+    0                            0.0000                    226     --- 
*     0+    0                            5.0000                    226     --- 
*     0+    0                            6.0000                    226     --- 
      0     0       12.2011    82        6.0000       12.2011      226  103.35%
      0     0       11.8847    89        6.0000       User: 4      333   98.08%
      0     0       11.4631    79        6.0000       User: 4      454   91.05%
      0     0       11.3129    84        6.0000       User: 4      533   88.55%
      0     0       11.0952    84        6.0000       User: 4      622   84.92%
*     0+    0                            7.0000       11.0952      622   58.50%
      0     0       10.9648    87        7.0000       User: 4      688   56.64%
      0     0       10.9027    88        7.0000       User: 4      742   55.75%
      0     0       10.8147    92        7.0000       User: 4      812   54.50%
      0     0       10.6648    88        7.0000       User: 4      901   52.35%
      0     0       10.5902    91        7.0000       User: 4      983   51.29%
      0     0       10.5361    83        7.0000       User: 4     1053   50.52%
      0     0       10.4893    88        7.0000       User: 4     1100   49.85%
      0     0       10.4583    89        7.0000       User: 4     1146   49.40%
      0     0       10.4109    92        7.0000       User: 4     1202   48.73%
      0     0       10.3726    90        7.0000       User: 4     1251   48.18%
      0     0       10.3448    95        7.0000       User: 4     1299   47.78%
      0     0       10.3245   101        7.0000       User: 4     1354   47.49%
      0     0       10.3066    98        7.0000       User: 4     1409   47.24%
      0     0       10.2847    99        7.0000       User: 4     1456   46.92%
      0     0       10.2652    99        7.0000       User: 4     1507   46.65%
      0     0       10.2291    98        7.0000       User: 4     1573   46.13%
      0     0       10.2149   104        7.0000       User: 4     1608   45.93%
      0     0       10.2006    99        7.0000       User: 4     1653   45.72%
      0     0       10.1904   105        7.0000       User: 4     1687   45.58%
      0     0       10.1788   100        7.0000       User: 4     1724   45.41%
      0     0       10.1583   104        7.0000       User: 4     1776   45.12%
      0     0       10.1368   106        7.0000       User: 4     1820   44.81%
      0     0       10.1163   103        7.0000       User: 4     1862   44.52%
      0     0       10.1017   103        7.0000       User: 4     1906   44.31%
      0     0       10.0974   107        7.0000       User: 4     1936   44.25%
      0     0       10.0751   112        7.0000       User: 4     1993   43.93%
      0     0       10.0460   110        7.0000       User: 4     2044   43.51%
      0     0       10.0248   111        7.0000       User: 4     2084   43.21%
      0     0       10.0132   113        7.0000       User: 4     2111   43.05%
      0     0        9.9978   112        7.0000       User: 4     2161   42.83%
      0     0        9.9769   111        7.0000       User: 4     2216   42.53%
      0     0        9.9612   107        7.0000       User: 4     2245   42.30%
      0     0        9.9460   109        7.0000       User: 4     2291   42.09%
      0     0        9.9374   111        7.0000       User: 4     2325   41.96%
      0     0        9.9213   111        7.0000       User: 4     2360   41.73%
*     0+    0                            8.0000        9.9213     2360   24.02%
      0     0        9.9080   111        8.0000       User: 4     2395   23.85%
      0     0        9.8813   105        8.0000       User: 4     2461   23.52%
      0     0        9.8421   113        8.0000       User: 4     2514   23.03%
      0     0        9.8299   114        8.0000       User: 4     2559   22.87%
      0     0        9.7953   113        8.0000       User: 4     2637   22.44%
      0     0        9.7692   114        8.0000       User: 4     2690   22.12%
      0     0        9.7462   117        8.0000       User: 4     2733   21.83%
      0     0        9.7157   110        8.0000       User: 4     2798   21.45%
      0     0        9.6817   112        8.0000       User: 4     2852   21.02%
      0     0        9.6122   108        8.0000       User: 4     2949   20.15%
      0     0        9.5938   111        8.0000       User: 4     2991   19.92%
      0     0        9.5704   108        8.0000       User: 4     3034   19.63%
      0     0        9.5500   113        8.0000       User: 4     3091   19.37%
      0     0        9.5402   115        8.0000       User: 4     3136   19.25%
      0     0        9.5300   115        8.0000       User: 4     3177   19.13%
      0     0        9.5127   113        8.0000       User: 4     3240   18.91%
      0     0        9.5000   118        8.0000       User: 4     3284   18.75%
      0     0        9.4908   117        8.0000       User: 4     3323   18.64%
      0     0        9.4705   120        8.0000       User: 4     3374   18.38%
      0     0        9.4618   114        8.0000       User: 4     3416   18.27%
      0     0        9.4491   115        8.0000       User: 4     3469   18.11%
      0     0        9.4396   115        8.0000       User: 4     3514   18.00%
      0     0        9.4213   115        8.0000       User: 4     3568   17.77%
      0     0        9.4139   113        8.0000       User: 4     3612   17.67%
      0     0        9.4041   112        8.0000       User: 4     3654   17.55%
      0     0        9.3889   116        8.0000       User: 4     3706   17.36%
      0     0        9.3688   121        8.0000       User: 4     3760   17.11%
      0     0        9.3582   112        8.0000       User: 4     3811   16.98%
      0     0        9.3459   121        8.0000       User: 4     3860   16.82%
      0     0        9.3394   117        8.0000       User: 4     3902   16.74%
      0     0        9.3286   120        8.0000       User: 4     3937   16.61%
      0     0        9.3228   119        8.0000       User: 4     3971   16.53%
      0     0        9.3121   123        8.0000       User: 4     4001   16.40%
      0     0        9.3068   120        8.0000       User: 4     4043   16.34%
      0     0        9.2933   121        8.0000       User: 4     4103   16.17%
      0     0        9.2803   119        8.0000       User: 4     4154   16.00%
      0     0        9.2712   118        8.0000       User: 4     4189   15.89%
      0     0        9.2468   122        8.0000       User: 4     4258   15.59%
      0     0        9.2376   119        8.0000       User: 4     4308   15.47%
      0     0        9.2216   123        8.0000       User: 4     4363   15.27%
      0     0        9.2037   123        8.0000       User: 4     4436   15.05%
      0     0        9.1890   118        8.0000       User: 4     4491   14.86%
      0     0        9.1826   117        8.0000       User: 4     4527   14.78%
      0     0        9.1785   121        8.0000       User: 4     4559   14.73%
      0     0        9.1681   121        8.0000       User: 4     4596   14.60%
      0     0        9.1630   120        8.0000       User: 4     4629   14.54%
      0     0        9.1543   124        8.0000       User: 4     4657   14.43%
      0     0        9.1493   119        8.0000       User: 4     4689   14.37%
      0     0        9.1374   123        8.0000       User: 4     4722   14.22%
      0     0        9.1268   121        8.0000       User: 4     4768   14.09%
      0     0        9.1191   124        8.0000       User: 4     4799   13.99%
      0     0        9.1137   126        8.0000       User: 4     4825   13.92%
      0     0        9.1014   124        8.0000       User: 4     4876   13.77%
      0     0        9.0838   123        8.0000       User: 4     4932   13.55%
      0     0        9.0715   122        8.0000       User: 4     4966   13.39%
      0     0        9.0652   123        8.0000       User: 4     4991   13.31%
      0     0        9.0547   123        8.0000       User: 4     5026   13.18%
      0     0        cutoff              8.0000        8.0000     5050    0.00%                        0             0
Elapsed real time =   1.39 sec. (tree size =  0.00 MB, solutions = 5)

User cuts applied:  388

Root node processing (before b&c):
  Real time             =    1.39
Sequential b&c:
  Real time             =    0.00
                          -------
Total (root+branch&cut) =    1.39 sec.
Solution status = Optimal
Solution value  = 8
GAP             = 0%
Heuristica 1 : 34
Heuristica 2 : 63
A = [ 0 0 0 0 0 0 0 0 0 0 1 0 0 0 0 0 0 0 0 0 0 1 0 0 0 0 0 0 0 0 0 0 0 0 0 0 0 0 0 0 0 0 0 0 0 0 0 0 0 1 0 0 1 0 0 0 0 0 0 0 0 0 0 0 0 0 0 0 0 0 0 0 0 0 0 0 0 0 0 0 ]
B = [ 0 0 0 0 0 0 0 0 0 0 0 0 0 0 0 0 0 0 0 0 0 0 0 0 0 0 0 0 0 0 0 0 0 0 0 0 1 1 0 0 0 0 0 0 0 0 0 0 1 0 0 0 0 0 0 0 0 0 0 0 0 0 0 0 0 0 0 0 0 0 0 0 0 0 0 0 0 0 1 0 ]
