LINE 15
DIMENSOES 80 1580
N cortes 1
Found feasible solution after 0.00 sec.  Objective = 0.0000
Clique table members: 744.
MIP emphasis: balance optimality and feasibility.
MIP search method: traditional branch-and-cut.
Parallel mode: none, using 1 thread.
Root relaxation solution time =    0.03 sec.

        Nodes                                         Cuts/
   Node  Left     Objective  IInf  Best Integer    Best Bound    ItCnt     Gap         Variable B NodeID Parent  Depth

*     0+    0                            0.0000                    400     --- 
*     0+    0                           13.0000                    400     --- 
      0     0       30.0524   151       13.0000       30.0524      400  131.17%
*     0+    0                           15.0000       30.0524      400  100.35%
      0     0       30.0134   149       15.0000       User: 4      434  100.09%
      0     0       29.8060   153       15.0000       User: 4      509   98.71%
      0     0       29.5082   145       15.0000       User: 4      613   96.72%
      0     0       29.1988   145       15.0000       User: 4      708   94.66%
      0     0       28.9836   145       15.0000       User: 4      779   93.22%
      0     0       28.9484   147       15.0000       User: 4      806   92.99%
      0     0       28.8754   149       15.0000       User: 4      836   92.50%
      0     0       28.7255   149       15.0000       User: 4      892   91.50%
      0     0       28.6370   151       15.0000       User: 4      933   90.91%
      0     0       28.5368   149       15.0000       User: 4     1016   90.25%
      0     0       28.1459   145       15.0000       User: 4     1121   87.64%
      0     0       28.0020   145       15.0000       User: 4     1181   86.68%
      0     0       27.9462   151       15.0000       User: 4     1228   86.31%
*     0+    0                           16.0000       27.9462     1228   74.66%
      0     0       27.7283   145       16.0000       User: 4     1296   73.30%
      0     0       27.6791   147       16.0000       User: 4     1331   72.99%
      0     0       27.6684   147       16.0000       User: 4     1342   72.93%
      0     0       27.6449   141       16.0000       User: 4     1365   72.78%
      0     0       27.6015   141       16.0000       User: 4     1401   72.51%
      0     0       27.5591   145       16.0000       User: 4     1440   72.24%
      0     0       27.4499   139       16.0000       User: 4     1487   71.56%
      0     0       27.4427   139       16.0000       User: 4     1495   71.52%
      0     0       27.3806   147       16.0000       User: 4     1527   71.13%
      0     0       27.3428   145       16.0000       User: 4     1555   70.89%
      0     0       27.2641   149       16.0000       User: 4     1613   70.40%
      0     0       27.1414   151       16.0000       User: 4     1676   69.63%
      0     0       27.0551   149       16.0000       User: 4     1747   69.09%
      0     0       27.0438   149       16.0000       User: 4     1770   69.02%
      0     0       27.0226   149       16.0000       User: 4     1794   68.89%
      0     0       27.0195   153       16.0000       User: 4     1807   68.87%
      0     0       26.9823   151       16.0000       User: 4     1845   68.64%
      0     0       26.9471   149       16.0000       User: 4     1874   68.42%
      0     0       26.8632   149       16.0000       User: 4     1927   67.89%
      0     0       26.8097   145       16.0000       User: 4     1988   67.56%
      0     0       26.7096   151       16.0000       User: 4     2038   66.94%
      0     0       26.6433   149       16.0000       User: 4     2084   66.52%
      0     0       26.5920   149       16.0000       User: 4     2133   66.20%
      0     0       26.5820   149       16.0000       User: 4     2154   66.14%
      0     0       26.5613   149       16.0000       User: 4     2186   66.01%
      0     0       26.5123   147       16.0000       User: 4     2248   65.70%
      0     0       26.4308   148       16.0000       User: 4     2303   65.19%
      0     0       26.3672   146       16.0000       User: 4     2347   64.80%
      0     0       26.3193   146       16.0000       User: 4     2392   64.50%
      0     0       26.2627   146       16.0000       User: 4     2462   64.14%
      0     0       26.2209   146       16.0000       User: 4     2510   63.88%
      0     0       26.1522   148       16.0000       User: 4     2564   63.45%
      0     0       26.1195   151       16.0000       User: 4     2615   63.25%
      0     0       26.1160   149       16.0000       User: 4     2646   63.22%
      0     0       26.1135   147       16.0000       User: 4     2668   63.21%
      0     0       26.1134   149       16.0000       User: 4     2674   63.21%
      0     0       26.1133   147       16.0000       User: 4     2680   63.21%
      0     0       26.0868   149       16.0000       User: 4     2731   63.04%
      0     0       26.0845   150       16.0000       User: 4     2744   63.03%
      0     0       26.0723   152       16.0000       User: 4     2776   62.95%
      0     0       26.0615   152       16.0000       User: 4     2811   62.88%
      0     0       26.0535   154       16.0000       User: 4     2840   62.83%
      0     0       26.0481   152       16.0000       User: 4     2853   62.80%
      0     0       26.0449   152       16.0000       User: 4     2859   62.78%
      0     0       26.0410   152       16.0000       User: 4     2866   62.76%
      0     0       26.0388   156       16.0000       User: 4     2878   62.74%
      0     0       26.0231   154       16.0000       User: 4     2897   62.64%
      0     0       25.9682   150       16.0000       User: 4     2959   62.30%
      0     0       25.9613   154       16.0000       User: 4     2974   62.26%
      0     0       25.9474   152       16.0000       User: 4     2998   62.17%
      0     0       25.9447   150       16.0000       User: 4     3008   62.15%
      0     0       25.9409   152       16.0000       User: 4     3019   62.13%
      0     0       25.8744   152       16.0000       User: 4     3057   61.72%
      0     0       25.8600   159       16.0000       User: 4     3083   61.63%
      0     0       25.8153   153       16.0000       User: 4     3136   61.35%
      0     0       25.8142   153       16.0000       User: 4     3148   61.34%
      0     0       25.8097   151       16.0000       User: 4     3157   61.31%
      0     0       25.7948   149       16.0000       User: 4     3200   61.22%
      0     0       25.7849   153       16.0000       User: 4     3220   61.16%
      0     0       25.7785   153       16.0000       User: 4     3231   61.12%
      0     0       25.7583   155       16.0000       User: 4     3254   60.99%
      0     0       25.7483   153       16.0000       User: 4     3269   60.93%
      0     0       25.7433   155       16.0000       User: 4     3289   60.90%
      0     0       25.7240   155       16.0000       User: 4     3317   60.78%
      0     0       25.6966   153       16.0000       User: 4     3351   60.60%
      0     0       25.6776   157       16.0000       User: 4     3382   60.48%
      0     0       25.6741   155       16.0000       User: 4     3401   60.46%
      0     0       25.6581   159       16.0000       User: 4     3434   60.36%
      0     0       25.6569   155       16.0000       User: 4     3444   60.36%
      0     0       25.6561   157       16.0000       User: 4     3452   60.35%
      0     0       25.6548   159       16.0000       User: 4     3461   60.34%
      0     0       25.6534   155       16.0000       User: 4     3470   60.33%
      0     0       25.6532   155       16.0000       User: 4     3473   60.33%
      0     0       25.6472   155       16.0000       User: 4     3481   60.30%
      0     0       25.6263   153       16.0000       User: 4     3503   60.16%
*     0+    0                           17.0000       25.6263     3503   50.74%
      0     0       25.5940   155       17.0000       User: 4     3543   50.55%
      0     0       25.5756   155       17.0000       User: 4     3567   50.44%
      0     0       25.4731   155       17.0000       User: 4     3622   49.84%
      0     0       25.4696   153       17.0000       User: 4     3639   49.82%
      0     2       25.4696   153       17.0000       25.4696     3639   49.82%                        0             0
Elapsed real time =   2.23 sec. (tree size =  0.00 MB, solutions = 5)
      3     5       24.6964   151       17.0000       25.4696     4516   49.82%            id23 D      3      2      3
      6     8       21.8353   121       17.0000       25.4696     6842   49.82%            id76 U      6      3      4
     24    26       22.3418   135       17.0000       25.4696     9696   49.82%            id41 D     24     22     20
     42    38       21.3786   118       17.0000       25.2354    12597   48.44%            id76 D     42     41      2
     66    58       18.4212    95       17.0000       25.2354    15578   48.44%            id57 D     66     64     21
     87    76       19.0036   101       17.0000       24.1623    18189   42.13%           id136 D     87     86     19
    102    87       20.8891   112       17.0000       24.0400    20348   41.41%           id116 D    102    101     10
    131   112       20.8064   119       17.0000       23.8022    23129   40.01%           id103 D    131    130      9
    155   136       18.0434    92       17.0000       23.8022    25062   40.01%           id146 D    155    154     33
    240   200       19.8800   108       17.0000       23.0279    35204   35.46%            id38 U    240     14     12
Elapsed real time =   7.41 sec. (tree size =  0.53 MB, solutions = 5)
    307   247       19.3217    82       17.0000       22.7046    42855   33.56%            id20 U    307    306     24
    375   285       19.7271    96       17.0000       21.8728    49971   28.66%           id116 U    375     27     24
    463   351        cutoff             17.0000       21.7417    58350   27.89%           id146 U    463     28     25
    534   389       19.7375   101       17.0000       21.4480    65447   26.16%           id143 U    534    129      8
    618   435        cutoff             17.0000       21.0899    71644   24.06%           id160 U    618    100      9
    687   472       19.4889    95       17.0000       20.9798    78745   23.41%            id80 U    687    420      7
    758   508        cutoff             17.0000       20.8460    85581   22.62%            id58 U    758    184     11
    820   542       18.5025    94       17.0000       20.6161    92310   21.27%            id34 D    820    819      7
    878   567       18.7217    94       17.0000       20.4753    98955   20.44%           id143 U    878     76      9
    936   591       18.1369    78       17.0000       20.2977   105437   19.40%           id136 D    936    935     19
Elapsed real time =  24.59 sec. (tree size =  5.73 MB, solutions = 5)
    988   600       18.2693    75       17.0000       20.1253   112163   18.38%            id58 D    988    987     16
   1058   616        cutoff             17.0000       19.9228   118205   17.19%           id113 U   1058    733     36
   1107   620       18.2299    81       17.0000       19.7658   124455   16.27%           id109 D   1107   1106     17
   1169   623        cutoff             17.0000       19.6238   130973   15.43%            id37 U   1169    737     40
   1229   624        cutoff             17.0000       19.4862   137501   14.62%           id103 U   1229    687      8
   1290   643        cutoff             17.0000       19.4474   143105   14.40%           id116 U   1290   1288     16
   1357   636        cutoff             17.0000       19.2952   149251   13.50%            id41 U   1357    979      8
   1430   585       18.4584    82       17.0000       19.0669   155967   12.16%           id160 D   1430   1429     10
   1520   527       18.6831    85       17.0000       18.8937   163038   11.14%           id160 D   1520    982     11
   1634   444       18.3424    70       17.0000       18.6710   170258    9.83%             id2 U   1634   1184     10
Elapsed real time =  42.94 sec. (tree size =  6.11 MB, solutions = 5)
   1781   325       18.2987    73       17.0000       18.4793   177302    8.70%            id61 U   1781   1097     19
   1960   167        cutoff             17.0000       18.2895   183564    7.59%            id38 U   1960    681     30

User cuts applied:  4254

Root node processing (before b&c):
  Real time             =    2.05
Sequential b&c:
  Real time             =   44.93
                          -------
Total (root+branch&cut) =   46.98 sec.
Solution status = Optimal
Solution value  = 17
GAP             = 0%
Heuristica 1 : 921
Heuristica 2 : 253
A = [ 0 0 0 0 0 0 0 0 1 0 1 0 1 0 0 0 1 0 0 0 0 0 0 0 0 0 0 0 1 1 0 0 0 0 0 0 0 0 0 0 0 0 0 0 0 0 1 0 0 0 0 0 0 0 0 0 0 0 0 0 0 0 0 0 0 0 0 0 0 1 0 0 0 0 0 0 0 0 0 0 ]
B = [ 0 0 0 0 0 1 0 0 0 0 0 0 0 0 0 0 0 0 0 1 0 0 0 0 0 0 1 0 0 0 0 0 0 0 0 1 1 0 0 0 0 1 0 1 0 1 0 0 0 0 0 0 0 0 0 0 0 0 0 0 0 0 0 0 0 0 0 0 0 0 0 0 0 0 0 0 0 1 0 0 ]
