LINE 15
DIMENSOES 80 2212
N cortes 1
Found feasible solution after 0.00 sec.  Objective = 0.0000
Clique table members: 578.
MIP emphasis: balance optimality and feasibility.
MIP search method: traditional branch-and-cut.
Parallel mode: none, using 1 thread.
Root relaxation solution time =    0.03 sec.

        Nodes                                         Cuts/
   Node  Left     Objective  IInf  Best Integer    Best Bound    ItCnt     Gap         Variable B NodeID Parent  Depth

*     0+    0                            0.0000                    367     --- 
*     0+    0                           10.0000                    367     --- 
      0     0       21.2164   140       10.0000       21.2164      367  112.16%
      0     0       20.9294   145       10.0000       User: 4      441  109.29%
      0     0       20.6572   139       10.0000       User: 4      503  106.57%
      0     0       20.4979   139       10.0000       User: 4      575  104.98%
      0     0       20.3875   139       10.0000       User: 4      630  103.88%
      0     0       20.3096   137       10.0000       User: 4      695  103.10%
      0     0       20.1723   139       10.0000       User: 4      758  101.72%
      0     0       20.0531   135       10.0000       User: 4      836  100.53%
      0     0       19.9851   140       10.0000       User: 4      881   99.85%
      0     0       19.8929   142       10.0000       User: 4      963   98.93%
      0     0       19.8592   144       10.0000       User: 4     1002   98.59%
      0     0       19.8072   138       10.0000       User: 4     1061   98.07%
      0     0       19.7630   141       10.0000       User: 4     1098   97.63%
      0     0       19.4743   138       10.0000       User: 4     1226   94.74%
      0     0       19.3844   130       10.0000       User: 4     1271   93.84%
      0     0       19.3383   136       10.0000       User: 4     1316   93.38%
      0     0       19.2082   132       10.0000       User: 4     1379   92.08%
      0     0       19.1358   136       10.0000       User: 4     1421   91.36%
      0     0       19.0675   132       10.0000       User: 4     1465   90.67%
      0     0       19.0188   132       10.0000       User: 4     1517   90.19%
      0     0       18.7470   135       10.0000       User: 4     1630   87.47%
      0     0       18.7147   143       10.0000       User: 4     1679   87.15%
      0     0       18.6974   135       10.0000       User: 4     1713   86.97%
      0     0       18.5952   135       10.0000       User: 4     1787   85.95%
      0     0       18.4959   137       10.0000       User: 4     1837   84.96%
      0     0       18.4459   133       10.0000       User: 4     1892   84.46%
      0     0       18.4174   133       10.0000       User: 4     1932   84.17%
      0     0       18.3703   131       10.0000       User: 4     1966   83.70%
      0     0       18.3144   136       10.0000       User: 4     2030   83.14%
      0     0       18.2530   131       10.0000       User: 4     2095   82.53%
      0     0       18.2261   127       10.0000       User: 4     2127   82.26%
      0     0       18.1775   128       10.0000       User: 4     2172   81.78%
      0     0       18.1524   132       10.0000       User: 4     2217   81.52%
      0     0       18.0513   126       10.0000       User: 4     2268   80.51%
      0     0       18.0482   130       10.0000       User: 4     2296   80.48%
      0     0       18.0089   132       10.0000       User: 4     2350   80.09%
      0     0       17.9542   133       10.0000       User: 4     2420   79.54%
      0     0       17.9193   133       10.0000       User: 4     2453   79.19%
      0     0       17.8934   133       10.0000       User: 4     2512   78.93%
      0     0       17.8836   133       10.0000       User: 4     2556   78.84%
      0     0       17.8627   127       10.0000       User: 4     2608   78.63%
      0     0       17.8487   134       10.0000       User: 4     2680   78.49%
      0     0       17.8361   137       10.0000       User: 4     2721   78.36%
      0     0       17.8288   131       10.0000       User: 4     2764   78.29%
      0     0       17.7988   133       10.0000       User: 4     2808   77.99%
      0     0       17.7895   139       10.0000       User: 4     2835   77.90%
      0     0       17.7765   137       10.0000       User: 4     2885   77.77%
      0     0       17.7698   139       10.0000       User: 4     2916   77.70%
      0     0       17.7367   129       10.0000       User: 4     2967   77.37%
      0     0       17.6879   134       10.0000       User: 4     3067   76.88%
      0     0       17.6826   134       10.0000       User: 4     3093   76.83%
      0     0       17.6443   135       10.0000       User: 4     3151   76.44%
      0     0       17.6248   142       10.0000       User: 4     3213   76.25%
      0     0       17.6101   142       10.0000       User: 4     3248   76.10%
      0     0       17.6056   144       10.0000       User: 4     3264   76.06%
      0     0       17.5673   140       10.0000       User: 4     3323   75.67%
      0     0       17.5182   138       10.0000       User: 4     3388   75.18%
      0     0       17.4705   130       10.0000       User: 4     3450   74.70%
*     0+    0                           11.0000       17.4705     3450   58.82%
      0     0       17.4099   133       11.0000       User: 4     3520   58.27%
      0     0       17.3932   135       11.0000       User: 4     3560   58.12%
      0     0       17.3889   143       11.0000       User: 4     3586   58.08%
      0     0       17.3765   139       11.0000       User: 4     3620   57.97%
      0     0       17.3749   139       11.0000       User: 4     3629   57.95%
      0     0       17.3582   137       11.0000       User: 4     3666   57.80%
      0     0       17.3287   137       11.0000       User: 4     3700   57.53%
      0     0       17.2992   129       11.0000       User: 4     3750   57.27%
      0     0       17.2718   131       11.0000       User: 4     3807   57.02%
      0     0       17.2547   129       11.0000       User: 4     3881   56.86%
      0     0       17.2467   127       11.0000       User: 4     3923   56.79%
      0     0       17.2424   131       11.0000       User: 4     3938   56.75%
      0     0       17.2285   135       11.0000       User: 4     3988   56.62%
      0     0       17.1831   139       11.0000       User: 4     4073   56.21%
      0     0       17.1753   141       11.0000       User: 4     4096   56.14%
      0     0       17.1674   139       11.0000       User: 4     4115   56.07%
      0     0       17.1498   141       11.0000       User: 4     4181   55.91%
      0     0       17.1475   142       11.0000       User: 4     4194   55.89%
      0     0       17.1321   135       11.0000       User: 4     4227   55.75%
      0     0       17.1257   137       11.0000       User: 4     4260   55.69%
      0     0       17.1146   139       11.0000       User: 4     4293   55.59%
      0     0       17.0573   141       11.0000       User: 4     4355   55.07%
      0     0       17.0169   147       11.0000       User: 4     4391   54.70%
      0     0       16.9555   139       11.0000       User: 4     4454   54.14%
      0     0       16.9031   145       11.0000       User: 4     4516   53.66%
      0     0       16.8492   143       11.0000       User: 4     4587   53.17%
      0     0       16.7969   131       11.0000       User: 4     4652   52.70%
      0     0       16.7675   135       11.0000       User: 4     4727   52.43%
      0     0       16.7456   137       11.0000       User: 4     4761   52.23%
      0     0       16.7237   141       11.0000       User: 4     4832   52.03%
      0     0       16.7095   141       11.0000       User: 4     4891   51.90%
      0     0       16.7042   139       11.0000       User: 4     4910   51.86%
      0     0       16.7032   141       11.0000       User: 4     4928   51.85%
      0     0       16.6987   145       11.0000       User: 4     4968   51.81%
      0     0       16.6877   147       11.0000       User: 4     4989   51.71%
      0     0       16.6743   141       11.0000       User: 4     5026   51.58%
      0     0       16.6705   141       11.0000       User: 4     5045   51.55%
      0     0       16.6495   135       11.0000       User: 4     5103   51.36%
      0     0       16.6483   139       11.0000       User: 4     5112   51.35%
      0     0       16.6444   137       11.0000       User: 4     5135   51.31%
      0     0       16.6310   143       11.0000       User: 4     5190   51.19%
      0     0       16.6285   147       11.0000       User: 4     5218   51.17%
      0     0       16.6171   143       11.0000       User: 4     5264   51.06%
      0     0       16.6008   141       11.0000       User: 4     5314   50.92%
      0     0       16.5952   147       11.0000       User: 4     5342   50.87%
      0     0       16.5927   147       11.0000       User: 4     5357   50.84%
      0     0       16.5714   145       11.0000       User: 4     5418   50.65%
      0     0       16.5605   143       11.0000       User: 4     5459   50.55%
      0     0       16.5478   139       11.0000       User: 4     5485   50.43%
      0     0       16.5385   143       11.0000       User: 4     5518   50.35%
      0     0       16.5186   149       11.0000       User: 4     5563   50.17%
      0     0       16.5085   147       11.0000       User: 4     5611   50.08%
      0     0       16.5030   149       11.0000       User: 4     5630   50.03%
      0     0       16.4827   149       11.0000       User: 4     5663   49.84%
      0     0       16.4374   143       11.0000       User: 4     5731   49.43%
      0     0       16.4238   143       11.0000       User: 4     5775   49.31%
      0     0       16.4119   141       11.0000       User: 4     5828   49.20%
      0     0       16.4030   143       11.0000       User: 4     5865   49.12%
      0     0       16.3877   145       11.0000       User: 4     5924   48.98%
      0     0       16.3853   145       11.0000       User: 4     5953   48.96%
      0     0       16.3778   145       11.0000       User: 4     5986   48.89%
      0     0       16.3730   147       11.0000       User: 4     6020   48.85%
      0     0       16.3642   147       11.0000       User: 4     6048   48.77%
      0     0       16.3471   149       11.0000       User: 4     6081   48.61%
      0     0       16.3304   145       11.0000       User: 4     6145   48.46%
      0     0       16.3208   153       11.0000       User: 4     6180   48.37%
      0     0       16.3087   153       11.0000       User: 4     6219   48.26%
      0     0       16.3010   147       11.0000       User: 4     6259   48.19%
      0     0       16.3001   149       11.0000       User: 4     6269   48.18%
      0     0       16.2975   149       11.0000       User: 4     6295   48.16%
      0     0       16.2950   151       11.0000       User: 4     6316   48.14%
      0     0       16.2911   153       11.0000       User: 4     6350   48.10%
      0     0       16.2845   155       11.0000       User: 4     6382   48.04%
      0     0       16.2705   151       11.0000       User: 4     6421   47.91%
      0     0       16.2606   151       11.0000       User: 4     6472   47.82%
      0     0       16.2533   149       11.0000       User: 4     6510   47.76%
      0     0       16.2522   151       11.0000       User: 4     6525   47.75%
      0     0       16.2516   151       11.0000       User: 4     6547   47.74%
      0     0       16.2508   153       11.0000       User: 4     6566   47.73%
      0     0       16.2454   153       11.0000       User: 4     6603   47.69%
      0     0       16.2428   151       11.0000       User: 4     6626   47.66%
      0     0       16.2419   151       11.0000       User: 4     6637   47.65%
      0     0       16.2408   155       11.0000       User: 4     6650   47.64%
      0     0       16.2400   153       11.0000       User: 4     6669   47.64%
      0     0       16.2306   155       11.0000       User: 4     6708   47.55%
      0     0       16.2287   153       11.0000       User: 4     6722   47.53%
      0     0       16.2275   155       11.0000       User: 4     6737   47.52%
      0     0       16.2264   153       11.0000       User: 4     6746   47.51%
      0     0       16.2262   153       11.0000       User: 4     6752   47.51%
      0     0       16.2240   155       11.0000       User: 4     6777   47.49%
      0     0       16.2235   157       11.0000       User: 4     6789   47.49%
      0     0       16.2191   153       11.0000       User: 4     6813   47.45%
      0     0       16.2185   155       11.0000       User: 4     6828   47.44%
      0     0       16.2134   153       11.0000       User: 4     6847   47.39%
      0     0       16.2081   151       11.0000       User: 4     6869   47.35%
      0     0       16.1908   157       11.0000       User: 4     6916   47.19%
      0     0       16.1889   149       11.0000       User: 4     6933   47.17%
      0     0       16.1883   155       11.0000       User: 4     6944   47.17%
      0     0       16.1878   159       11.0000       User: 4     6956   47.16%
      0     0       16.1804   151       11.0000       User: 4     6988   47.09%
      0     0       16.1800   151       11.0000       User: 4     7006   47.09%
      0     0       16.1640   149       11.0000       User: 4     7052   46.95%
      0     0       16.1622   152       11.0000       User: 4     7076   46.93%
      0     0       16.1494   152       11.0000       User: 4     7117   46.81%
      0     0       16.1409   151       11.0000       User: 4     7159   46.74%
      0     0       16.1108   148       11.0000       User: 4     7216   46.46%
      0     0       16.1078   150       11.0000       User: 4     7240   46.43%
      0     0       16.1003   148       11.0000       User: 4     7266   46.37%
      0     0       16.0918   149       11.0000       User: 4     7298   46.29%
      0     0       16.0812   151       11.0000       User: 4     7343   46.19%
      0     0       16.0741   155       11.0000       User: 4     7377   46.13%
      0     0       16.0736   155       11.0000       User: 4     7381   46.12%
      0     0       16.0709   155       11.0000       User: 4     7394   46.10%
      0     0       16.0687   155       11.0000       User: 4     7400   46.08%
      0     0       16.0603   155       11.0000       User: 4     7417   46.00%
      0     0       16.0597   155       11.0000       User: 4     7423   46.00%
      0     0       16.0572   155       11.0000       User: 4     7434   45.97%
      0     0       16.0532   155       11.0000       User: 4     7448   45.94%
      0     0       16.0521   153       11.0000       User: 4     7458   45.93%
      0     0       16.0518   153       11.0000       User: 4     7467   45.93%
      0     0       16.0518   153       11.0000       User: 4     7469   45.93%
      0     0       16.0070   155       11.0000       User: 4     7535   45.52%
      0     0       15.9866   155       11.0000       User: 4     7578   45.33%
      0     0       15.9806   157       11.0000       User: 4     7595   45.28%
      0     0       15.9676   153       11.0000       User: 4     7624   45.16%
      0     0       15.9667   153       11.0000       User: 4     7638   45.15%
      0     0       15.9664   153       11.0000       User: 4     7652   45.15%
      0     0       15.9568   151       11.0000       User: 4     7678   45.06%
      0     0       15.9331   153       11.0000       User: 4     7743   44.85%
      0     0       15.9281   153       11.0000       User: 4     7763   44.80%
      0     0       15.8987   151       11.0000       User: 4     7827   44.53%
      0     0       15.8982   151       11.0000       User: 4     7845   44.53%
      0     0       15.8945   153       11.0000       User: 4     7881   44.50%
      0     0       15.8891   155       11.0000       User: 4     7925   44.45%
      0     0       15.8860   153       11.0000       User: 4     7955   44.42%
      0     0       15.8649   155       11.0000       User: 4     7990   44.23%
      0     0       15.8500   151       11.0000       User: 4     8021   44.09%
      0     0       15.8390   147       11.0000       User: 4     8057   43.99%
      0     0       15.8381   149       11.0000       User: 4     8070   43.98%
      0     0       15.8359   147       11.0000       User: 4     8081   43.96%
      0     0       15.8347   151       11.0000       User: 4     8104   43.95%
      0     0       15.8298   155       11.0000       User: 4     8133   43.91%
      0     0       15.8201   151       11.0000       User: 4     8166   43.82%
      0     0       15.8154   157       11.0000       User: 4     8203   43.78%
      0     0       15.8086   153       11.0000       User: 4     8234   43.71%
      0     0       15.7646   157       11.0000       User: 4     8316   43.31%
      0     0       15.7442   157       11.0000       User: 4     8345   43.13%
      0     0       15.7411   157       11.0000       User: 4     8370   43.10%
      0     0       15.7380   159       11.0000       User: 4     8390   43.07%
      0     0       15.7375   157       11.0000       User: 4     8394   43.07%
      0     0       15.7368   157       11.0000       User: 4     8403   43.06%
      0     0       15.7291   155       11.0000       User: 4     8427   42.99%
      0     0       15.7274   151       11.0000       User: 4     8452   42.98%
      0     0       15.7263   153       11.0000       User: 4     8467   42.97%
      0     0       15.7261   153       11.0000       User: 4     8469   42.96%
      0     0       15.7189   157       11.0000       User: 4     8493   42.90%
      0     0       15.7108   153       11.0000       User: 4     8520   42.83%
      0     0       15.7016   157       11.0000       User: 4     8561   42.74%
      0     0       15.6888   157       11.0000       User: 4     8596   42.63%
      0     0       15.6825   159       11.0000       User: 4     8620   42.57%
      0     0       15.6634   157       11.0000       User: 4     8645   42.39%
      0     0       15.6626   159       11.0000       User: 4     8653   42.39%
      0     0       15.6598   157       11.0000       User: 4     8671   42.36%
      0     0       15.6592   157       11.0000       User: 4     8682   42.36%
      0     0       15.6553   155       11.0000       User: 4     8703   42.32%
      0     0       15.6521   159       11.0000       User: 4     8723   42.29%
      0     0       15.6478   157       11.0000       User: 4     8746   42.25%
      0     0       15.6406   157       11.0000       User: 4     8779   42.19%
      0     0       15.6391   159       11.0000       User: 4     8805   42.17%
      0     2       15.6391   159       11.0000       15.6391     8805   42.17%                        0             0
Elapsed real time =   7.24 sec. (tree size =  0.00 MB, solutions = 3)
      2     4       15.5182   155       11.0000       15.6391     9249   42.17%           id148 D      2      1      2
      6     8       15.2842   142       11.0000       15.6391     9948   42.17%            id67 D      6      5      6
     14    16       14.7111   141       11.0000       15.6391    12073   42.17%           id142 D     14     13     14
     22    24       12.7250    81       11.0000       15.6391    14642   42.17%           id145 U     22     20     20
     31    33       13.6747   128       11.0000       15.6391    16467   42.17%           id128 D     31     30     27
     43    43       12.8518   120       11.0000       15.6391    18744   42.17%            id65 D     43     42     38
     65    55       13.4569    98       11.0000       15.5839    21105   41.67%            id62 U     65      0      1
     80    64       12.1039    82       11.0000       15.5839    22555   41.67%           id148 D     80     78     13
     87    67       12.3753    90       11.0000       15.4991    24517   40.90%            id61 D     87     86      5
    118    82       13.3985   100       11.0000       15.2819    30672   38.93%           id117 D    118    117      8
Elapsed real time =  12.42 sec. (tree size =  0.49 MB, solutions = 3)
    162   114       12.5026    75       11.0000       15.1714    36563   37.92%            id11 D    162    161     16
    193   126       12.0403    91       11.0000       14.8796    41924   35.27%           id117 D    193    192     13
    225   146       12.1205    84       11.0000       14.6510    46507   33.19%           id140 D    225    223     17
    263   150        cutoff             11.0000       13.7240    51909   24.76%           id128 U    263     30     27
    306   153        cutoff             11.0000       13.2790    57707   20.72%           id140 U    306    120     11
    348   155       12.0165    89       11.0000       12.9377    63128   17.62%           id120 D    348    347     20
    403   138        cutoff             11.0000       12.6595    69151   15.09%            id61 U    403    142     10
    488    78        cutoff             11.0000       12.3113    75551   11.92%           id128 U    488    146     14

User cuts applied:  4188

Root node processing (before b&c):
  Real time             =    7.02
Sequential b&c:
  Real time             =   18.38
                          -------
Total (root+branch&cut) =   25.40 sec.
Solution status = Optimal
Solution value  = 11
GAP             = 0%
Heuristica 1 : 128
Heuristica 2 : 385
A = [ 0 0 0 0 0 0 0 0 0 0 0 0 0 0 0 0 0 0 0 0 0 1 0 1 0 0 0 0 0 0 0 0 0 0 0 0 0 0 1 0 0 0 0 0 0 0 0 0 0 0 0 0 0 0 0 0 0 0 0 0 0 0 0 1 1 0 1 0 0 0 0 0 0 0 0 0 0 0 0 0 ]
B = [ 0 0 0 0 0 0 0 0 0 0 0 1 0 0 0 0 0 0 0 0 0 0 0 0 0 0 0 0 0 0 0 0 0 0 0 0 0 0 0 0 0 0 0 0 0 0 0 1 0 0 0 0 0 0 0 0 0 1 0 0 0 1 0 0 0 0 0 0 0 0 0 0 0 0 0 0 0 0 0 1 ]
