LINE 15
DIMENSOES 80 2212
N cortes 1
Found feasible solution after 0.00 sec.  Objective = 0.0000
Clique table members: 618.
MIP emphasis: balance optimality and feasibility.
MIP search method: traditional branch-and-cut.
Parallel mode: none, using 1 thread.
Root relaxation solution time =    0.03 sec.

        Nodes                                         Cuts/
   Node  Left     Objective  IInf  Best Integer    Best Bound    ItCnt     Gap         Variable B NodeID Parent  Depth

*     0+    0                            0.0000                    465     --- 
*     0+    0                            8.0000                    465     --- 
      0     0       21.4560   132        8.0000       21.4560      465  168.20%
*     0+    0                            9.0000       21.4560      465  138.40%
*     0+    0                           10.0000       21.4560      465  114.56%
      0     0       20.9392   134       10.0000       User: 4      585  109.39%
      0     0       20.6821   134       10.0000       User: 4      665  106.82%
      0     0       20.5217   136       10.0000       User: 4      757  105.22%
      0     0       20.3106   128       10.0000       User: 4      835  103.11%
      0     0       20.0821   130       10.0000       User: 4      909  100.82%
      0     0       19.9909   128       10.0000       User: 4      970   99.91%
      0     0       19.9116   132       10.0000       User: 4     1044   99.12%
      0     0       19.8528   138       10.0000       User: 4     1097   98.53%
      0     0       19.6782   130       10.0000       User: 4     1181   96.78%
      0     0       19.5659   134       10.0000       User: 4     1250   95.66%
      0     0       19.4649   132       10.0000       User: 4     1316   94.65%
      0     0       19.2973   134       10.0000       User: 4     1403   92.97%
*     0+    0                           11.0000       19.2973     1403   75.43%
      0     0       19.0442   130       11.0000       User: 4     1491   73.13%
      0     0       19.0191   130       11.0000       User: 4     1539   72.90%
      0     0       18.8152   138       11.0000       User: 4     1629   71.05%
      0     0       18.7389   126       11.0000       User: 4     1681   70.35%
      0     0       18.7066   128       11.0000       User: 4     1711   70.06%
      0     0       18.6246   124       11.0000       User: 4     1772   69.31%
      0     0       18.5061   128       11.0000       User: 4     1850   68.24%
      0     0       18.4473   136       11.0000       User: 4     1897   67.70%
      0     0       18.3843   134       11.0000       User: 4     1956   67.13%
      0     0       18.3314   130       11.0000       User: 4     1992   66.65%
      0     0       18.2864   126       11.0000       User: 4     2037   66.24%
      0     0       18.2260   124       11.0000       User: 4     2080   65.69%
      0     0       18.2017   128       11.0000       User: 4     2123   65.47%
      0     0       18.1603   132       11.0000       User: 4     2175   65.09%
      0     0       18.1262   130       11.0000       User: 4     2220   64.78%
      0     0       18.0792   132       11.0000       User: 4     2269   64.36%
      0     0       18.0507   132       11.0000       User: 4     2304   64.10%
      0     0       18.0399   134       11.0000       User: 4     2336   64.00%
      0     0       17.9630   128       11.0000       User: 4     2397   63.30%
      0     0       17.8950   128       11.0000       User: 4     2476   62.68%
      0     0       17.8622   126       11.0000       User: 4     2531   62.38%
      0     0       17.8140   126       11.0000       User: 4     2600   61.95%
      0     0       17.7884   130       11.0000       User: 4     2674   61.71%
      0     0       17.7752   124       11.0000       User: 4     2714   61.59%
      0     0       17.7354   132       11.0000       User: 4     2773   61.23%
      0     0       17.7212   134       11.0000       User: 4     2803   61.10%
      0     0       17.7171   132       11.0000       User: 4     2827   61.06%
      0     0       17.7129   128       11.0000       User: 4     2854   61.03%
      0     0       17.6984   132       11.0000       User: 4     2881   60.89%
      0     0       17.6269   134       11.0000       User: 4     2941   60.24%
      0     0       17.5799   132       11.0000       User: 4     2986   59.82%
      0     0       17.5646   140       11.0000       User: 4     3020   59.68%
      0     0       17.5365   136       11.0000       User: 4     3071   59.42%
      0     0       17.5287   140       11.0000       User: 4     3108   59.35%
      0     0       17.5076   134       11.0000       User: 4     3160   59.16%
      0     0       17.4915   140       11.0000       User: 4     3197   59.01%
      0     0       17.4495   142       11.0000       User: 4     3264   58.63%
      0     0       17.4370   144       11.0000       User: 4     3314   58.52%
      0     0       17.4247   142       11.0000       User: 4     3335   58.41%
      0     0       17.4123   144       11.0000       User: 4     3369   58.29%
      0     0       17.4007   144       11.0000       User: 4     3408   58.19%
      0     0       17.3869   138       11.0000       User: 4     3453   58.06%
      0     0       17.3817   140       11.0000       User: 4     3486   58.02%
      0     0       17.3792   140       11.0000       User: 4     3522   57.99%
      0     0       17.3601   146       11.0000       User: 4     3568   57.82%
      0     0       17.3503   142       11.0000       User: 4     3605   57.73%
      0     0       17.3362   142       11.0000       User: 4     3647   57.60%
      0     0       17.3322   146       11.0000       User: 4     3672   57.57%
      0     0       17.3283   144       11.0000       User: 4     3683   57.53%
      0     0       17.3152   148       11.0000       User: 4     3717   57.41%
      0     0       17.3138   150       11.0000       User: 4     3729   57.40%
      0     0       17.2969   142       11.0000       User: 4     3752   57.24%
      0     0       17.2964   146       11.0000       User: 4     3765   57.24%
      0     0       17.2948   152       11.0000       User: 4     3778   57.23%
      0     0       17.2917   152       11.0000       User: 4     3789   57.20%
      0     0       17.2894   152       11.0000       User: 4     3798   57.18%
      0     0       17.2847   156       11.0000       User: 4     3810   57.13%
      0     0       17.2762   156       11.0000       User: 4     3821   57.06%
      0     0       17.2518   154       11.0000       User: 4     3849   56.83%
      0     0       17.2489   152       11.0000       User: 4     3860   56.81%
      0     0       17.2414   148       11.0000       User: 4     3879   56.74%
      0     0       17.2342   150       11.0000       User: 4     3902   56.67%
      0     0       17.2313   152       11.0000       User: 4     3922   56.65%
      0     0       17.2050   146       11.0000       User: 4     3961   56.41%
      0     0       17.1914   146       11.0000       User: 4     3989   56.29%
      0     0       17.1813   146       11.0000       User: 4     4025   56.19%
      0     0       17.1783   148       11.0000       User: 4     4050   56.17%
      0     0       17.1763   150       11.0000       User: 4     4061   56.15%
      0     0       17.1576   146       11.0000       User: 4     4102   55.98%
      0     0       17.1575   148       11.0000       User: 4     4105   55.98%
      0     0       17.1574   150       11.0000       User: 4     4110   55.98%
      0     0       17.1569   150       11.0000       User: 4     4125   55.97%
      0     0       17.1546   148       11.0000       User: 4     4142   55.95%
      0     0       17.1497   154       11.0000       User: 4     4164   55.91%
      0     0       17.1490   154       11.0000       User: 4     4170   55.90%
      0     0       17.1482   154       11.0000       User: 4     4175   55.89%
      0     2       17.1482   154       11.0000       17.1482     4175   55.89%                        0             0
Elapsed real time =   1.98 sec. (tree size =  0.00 MB, solutions = 5)
      2     4       16.4128   149       11.0000       17.1482     6069   55.89%            id72 D      2      1      2
      5     7       15.9328   151       11.0000       17.1482     7412   55.89%            id71 D      5      4      5
     11    13       15.2626   142       11.0000       17.1482     9247   55.89%           id110 D     11     10     11
     24    26       14.4051   129       11.0000       17.1482    11586   55.89%            id15 D     24     23     23
     32    34       13.7620   118       11.0000       17.1482    13824   55.89%            id59 D     32     31     30
     45    45       12.9486   116       11.0000       17.1482    15775   55.89%             id9 D     45     44     41
     60    53       13.9916   103       11.0000       16.7756    18072   52.51%           id152 U     60      0      1
     72    61       12.7684    90       11.0000       16.7756    20600   52.51%            id15 D     72     71     11
     85    64       14.0212   105       11.0000       16.4003    22706   49.09%            id72 U     85      1      2
    126    97       13.2384    99       11.0000       16.2333    30217   47.58%            id37 D    126    125      9
Elapsed real time =   7.19 sec. (tree size =  0.39 MB, solutions = 5)
    156   117       13.1076   100       11.0000       15.7137    37501   42.85%            id30 U    156      5      6
    191   140       13.1293    70       11.0000       15.4926    43722   40.84%            id89 U    191    190     10
    223   164       12.4549    93       11.0000       15.2379    49760   38.53%           id110 U    223     10     11
    258   187       12.8804    89       11.0000       14.9303    55991   35.73%            id55 U    258     13     14
    287   191        cutoff             11.0000       14.5284    61910   32.08%            id56 U    287     21     21
    307   199       12.3952    85       11.0000       14.1429    67529   28.57%           id139 D    307    306     30
*   330+   52                           12.0000       13.8475    72264   15.40%
    341    41        cutoff             12.0000       13.4558    72847   12.13%           id113 U    341     36     34

User cuts applied:  4182

Root node processing (before b&c):
  Real time             =    1.77
Sequential b&c:
  Real time             =   16.55
                          -------
Total (root+branch&cut) =   18.32 sec.
Solution status = Optimal
Solution value  = 12
GAP             = 0%
Heuristica 1 : 285
Heuristica 2 : 73
A = [ 0 0 0 0 0 1 0 0 0 0 0 0 0 0 0 0 0 0 0 0 0 0 0 0 1 0 0 0 0 0 0 0 0 0 0 1 1 0 0 0 0 0 0 0 0 0 0 0 0 1 0 0 0 0 0 0 0 0 0 0 0 0 0 0 0 0 0 0 0 1 0 0 0 0 0 0 0 0 0 0 ]
B = [ 0 0 0 0 1 0 0 0 1 0 0 0 0 0 0 0 0 0 0 1 0 0 0 0 0 0 0 0 0 0 0 0 0 0 0 0 0 0 0 0 0 0 0 0 0 0 0 0 0 0 0 0 0 1 1 0 0 0 0 0 0 0 0 0 0 0 0 0 0 0 0 0 0 1 0 0 0 0 0 0 ]
