LINE 15
DIMENSOES 80 2844
N cortes 1
Found feasible solution after 0.00 sec.  Objective = 0.0000
Clique table members: 438.
MIP emphasis: balance optimality and feasibility.
MIP search method: traditional branch-and-cut.
Parallel mode: none, using 1 thread.
Root relaxation solution time =    0.02 sec.

        Nodes                                         Cuts/
   Node  Left     Objective  IInf  Best Integer    Best Bound    ItCnt     Gap         Variable B NodeID Parent  Depth

*     0+    0                            0.0000                    344     --- 
*     0+    0                            7.0000                    344     --- 
      0     0       11.8458    88        7.0000       11.8458      344   69.23%
      0     0       11.7345    84        7.0000       User: 4      424   67.64%
      0     0       11.5342    92        7.0000       User: 4      513   64.77%
      0     0       11.3764    87        7.0000       User: 4      585   62.52%
      0     0       11.2364    90        7.0000       User: 4      663   60.52%
      0     0       11.1246    91        7.0000       User: 4      722   58.92%
      0     0       10.9337    80        7.0000       User: 4      814   56.20%
      0     0       10.7570    79        7.0000       User: 4      900   53.67%
      0     0       10.6506    84        7.0000       User: 4      981   52.15%
      0     0       10.5559    84        7.0000       User: 4     1049   50.80%
      0     0       10.4998    91        7.0000       User: 4     1107   50.00%
      0     0       10.4588    86        7.0000       User: 4     1159   49.41%
      0     0       10.4308    83        7.0000       User: 4     1201   49.01%
      0     0       10.4061    86        7.0000       User: 4     1232   48.66%
      0     0       10.3766    91        7.0000       User: 4     1264   48.24%
      0     0       10.3468    91        7.0000       User: 4     1312   47.81%
      0     0       10.3262    92        7.0000       User: 4     1366   47.52%
      0     0       10.3075    95        7.0000       User: 4     1423   47.25%
      0     0       10.2821    93        7.0000       User: 4     1473   46.89%
      0     0       10.2680    98        7.0000       User: 4     1511   46.69%
      0     0       10.2572    98        7.0000       User: 4     1551   46.53%
      0     0       10.2458   106        7.0000       User: 4     1601   46.37%
      0     0       10.2335    98        7.0000       User: 4     1648   46.19%
      0     0       10.2209   102        7.0000       User: 4     1694   46.01%
      0     0       10.2058   100        7.0000       User: 4     1749   45.80%
      0     0       10.1953   103        7.0000       User: 4     1792   45.65%
      0     0       10.1708   107        7.0000       User: 4     1852   45.30%
      0     0       10.1200   100        7.0000       User: 4     1924   44.57%
      0     0       10.0911    97        7.0000       User: 4     1994   44.16%
      0     0       10.0595   101        7.0000       User: 4     2052   43.71%
      0     0       10.0315   104        7.0000       User: 4     2100   43.31%
      0     0       10.0064   106        7.0000       User: 4     2156   42.95%
      0     0        9.9841   107        7.0000       User: 4     2207   42.63%
      0     0        9.9676   106        7.0000       User: 4     2252   42.39%
      0     0        9.9367   106        7.0000       User: 4     2303   41.95%
      0     0        9.9298   109        7.0000       User: 4     2327   41.85%
      0     0        9.9216   113        7.0000       User: 4     2361   41.74%
      0     0        9.9019   110        7.0000       User: 4     2411   41.46%
      0     0        9.8919   111        7.0000       User: 4     2447   41.31%
      0     0        9.8825   111        7.0000       User: 4     2484   41.18%
      0     0        9.8722   111        7.0000       User: 4     2521   41.03%
      0     0        9.8556   108        7.0000       User: 4     2570   40.79%
      0     0        9.8399   111        7.0000       User: 4     2610   40.57%
      0     0        9.8277   113        7.0000       User: 4     2648   40.40%
      0     0        9.8062   118        7.0000       User: 4     2710   40.09%
      0     0        9.7814   115        7.0000       User: 4     2759   39.73%
      0     0        9.7452   106        7.0000       User: 4     2827   39.22%
      0     0        9.7110   110        7.0000       User: 4     2885   38.73%
      0     0        9.6910   110        7.0000       User: 4     2934   38.44%
      0     0        9.6839   112        7.0000       User: 4     2966   38.34%
      0     0        9.6691   115        7.0000       User: 4     3015   38.13%
      0     0        9.6455   120        7.0000       User: 4     3079   37.79%
      0     0        9.6300   119        7.0000       User: 4     3127   37.57%
      0     0        9.6217   118        7.0000       User: 4     3155   37.45%
      0     0        9.5933   118        7.0000       User: 4     3203   37.05%
      0     0        9.5699   117        7.0000       User: 4     3255   36.71%
      0     0        9.5557   119        7.0000       User: 4     3308   36.51%
      0     0        9.5374   114        7.0000       User: 4     3367   36.25%
      0     0        9.5288   116        7.0000       User: 4     3408   36.13%
      0     0        9.5204   114        7.0000       User: 4     3447   36.01%
      0     0        9.5068   118        7.0000       User: 4     3481   35.81%
      0     0        9.4960   117        7.0000       User: 4     3519   35.66%
      0     0        9.4911   121        7.0000       User: 4     3557   35.59%
      0     0        9.4812   119        7.0000       User: 4     3604   35.45%
      0     0        9.4719   123        7.0000       User: 4     3645   35.31%
      0     0        9.4554   117        7.0000       User: 4     3686   35.08%
      0     0        9.4361   122        7.0000       User: 4     3750   34.80%
      0     0        9.4177   117        7.0000       User: 4     3797   34.54%
      0     0        9.4079   117        7.0000       User: 4     3844   34.40%
      0     0        9.3946   114        7.0000       User: 4     3883   34.21%
      0     0        9.3775   114        7.0000       User: 4     3937   33.96%
      0     0        9.3663   112        7.0000       User: 4     3979   33.80%
      0     0        9.3564   119        7.0000       User: 4     4020   33.66%
      0     0        9.3417   121        7.0000       User: 4     4062   33.45%
      0     0        9.3293   119        7.0000       User: 4     4111   33.28%
      0     0        9.3115   115        7.0000       User: 4     4156   33.02%
      0     0        9.3018   124        7.0000       User: 4     4196   32.88%
      0     0        9.2942   118        7.0000       User: 4     4237   32.77%
      0     0        9.2815   123        7.0000       User: 4     4288   32.59%
      0     0        9.2685   124        7.0000       User: 4     4325   32.41%
      0     0        9.2570   123        7.0000       User: 4     4374   32.24%
      0     0        9.2447   121        7.0000       User: 4     4426   32.07%
      0     0        9.2313   128        7.0000       User: 4     4475   31.88%
      0     0        9.2233   124        7.0000       User: 4     4522   31.76%
      0     0        9.2106   131        7.0000       User: 4     4586   31.58%
      0     0        9.2014   124        7.0000       User: 4     4630   31.45%
      0     0        9.1914   121        7.0000       User: 4     4673   31.31%
      0     0        9.1815   121        7.0000       User: 4     4719   31.16%
      0     0        9.1714   123        7.0000       User: 4     4772   31.02%
      0     0        9.1621   123        7.0000       User: 4     4834   30.89%
      0     0        9.1569   123        7.0000       User: 4     4873   30.81%
      0     0        9.1508   131        7.0000       User: 4     4923   30.73%
      0     0        9.1448   128        7.0000       User: 4     4959   30.64%
      0     0        9.1387   132        7.0000       User: 4     4993   30.55%
      0     0        9.1327   130        7.0000       User: 4     5033   30.47%
      0     0        9.1188   126        7.0000       User: 4     5092   30.27%
      0     0        9.1108   129        7.0000       User: 4     5134   30.15%
      0     0        9.1025   132        7.0000       User: 4     5172   30.04%
      0     0        9.0875   131        7.0000       User: 4     5226   29.82%
      0     0        9.0764   132        7.0000       User: 4     5266   29.66%
      0     0        9.0671   130        7.0000       User: 4     5308   29.53%
      0     0        9.0591   130        7.0000       User: 4     5349   29.42%
      0     0        9.0472   126        7.0000       User: 4     5398   29.25%
      0     0        9.0434   126        7.0000       User: 4     5419   29.19%
      0     0        9.0274   127        7.0000       User: 4     5464   28.96%
      0     0        9.0115   127        7.0000       User: 4     5506   28.74%
      0     0        9.0047   123        7.0000       User: 4     5556   28.64%
      0     0        8.9942   128        7.0000       User: 4     5605   28.49%
      0     0        8.9886   128        7.0000       User: 4     5634   28.41%
      0     0        8.9766   128        7.0000       User: 4     5687   28.24%
      0     0        8.9690   130        7.0000       User: 4     5727   28.13%
      0     0        8.9491   122        7.0000       User: 4     5791   27.84%
      0     0        8.9374   122        7.0000       User: 4     5844   27.68%
      0     0        8.9284   124        7.0000       User: 4     5882   27.55%
      0     0        8.9241   123        7.0000       User: 4     5924   27.49%
      0     0        8.9194   131        7.0000       User: 4     5961   27.42%
      0     0        8.9137   123        7.0000       User: 4     6019   27.34%
      0     0        8.9034   126        7.0000       User: 4     6074   27.19%
      0     0        8.8927   124        7.0000       User: 4     6141   27.04%
      0     0        8.8851   122        7.0000       User: 4     6184   26.93%
      0     0        8.8754   122        7.0000       User: 4     6222   26.79%
      0     0        8.8700   127        7.0000       User: 4     6249   26.71%
      0     0        8.8624   130        7.0000       User: 4     6289   26.61%
      0     0        8.8576   128        7.0000       User: 4     6327   26.54%
      0     0        8.8488   133        7.0000       User: 4     6365   26.41%
      0     0        8.8398   128        7.0000       User: 4     6412   26.28%
      0     0        8.8348   133        7.0000       User: 4     6436   26.21%
      0     0        8.8240   132        7.0000       User: 4     6499   26.06%
      0     0        8.8109   128        7.0000       User: 4     6548   25.87%
      0     0        8.8015   127        7.0000       User: 4     6593   25.74%
      0     0        8.7987   129        7.0000       User: 4     6620   25.70%
      0     0        8.7939   131        7.0000       User: 4     6643   25.63%
      0     0        8.7881   130        7.0000       User: 4     6679   25.54%
      0     0        8.7769   134        7.0000       User: 4     6724   25.38%
      0     0        8.7734   135        7.0000       User: 4     6757   25.33%
      0     0        8.7689   132        7.0000       User: 4     6791   25.27%
      0     0        8.7637   134        7.0000       User: 4     6822   25.20%
      0     0        8.7599   136        7.0000       User: 4     6854   25.14%
      0     0        8.7539   134        7.0000       User: 4     6898   25.06%
      0     0        8.7516   131        7.0000       User: 4     6927   25.02%
      0     0        8.7427   139        7.0000       User: 4     6985   24.90%
      0     0        cutoff              7.0000        7.0000     7019    0.00%                        0             0
Elapsed real time =   2.53 sec. (tree size =  0.00 MB, solutions = 2)

User cuts applied:  564

Root node processing (before b&c):
  Real time             =    2.53
Sequential b&c:
  Real time             =    0.00
                          -------
Total (root+branch&cut) =    2.53 sec.
Solution status = Optimal
Solution value  = 7
GAP             = 0%
Heuristica 1 : 33
Heuristica 2 : 108
A = [ 1 1 0 0 1 0 0 0 0 0 0 0 0 0 0 0 0 0 0 0 0 0 0 0 0 0 0 0 0 0 0 0 0 0 0 0 0 0 0 0 0 0 0 0 0 0 0 0 0 0 0 0 0 0 0 0 0 0 0 0 0 0 0 0 0 0 0 0 0 0 0 0 0 0 0 0 0 0 0 0 ]
B = [ 0 0 1 0 0 0 0 0 1 0 0 0 0 0 0 0 0 0 0 0 0 0 0 0 0 0 0 0 0 0 1 0 0 0 0 0 0 0 0 0 0 0 0 0 1 0 0 0 0 0 0 0 0 0 0 0 0 0 0 0 0 0 0 0 0 0 0 0 0 0 0 0 0 0 0 0 0 0 0 0 ]
