LINE 15
DIMENSOES 80 2212
N cortes 1
Found feasible solution after 0.00 sec.  Objective = 0.0000
Clique table members: 616.
MIP emphasis: balance optimality and feasibility.
MIP search method: traditional branch-and-cut.
Parallel mode: none, using 1 thread.
Root relaxation solution time =    0.03 sec.

        Nodes                                         Cuts/
   Node  Left     Objective  IInf  Best Integer    Best Bound    ItCnt     Gap         Variable B NodeID Parent  Depth

*     0+    0                            0.0000                    395     --- 
*     0+    0                            9.0000                    395     --- 
      0     0       21.5057   144        9.0000       21.5057      395  138.95%
      0     0       21.0398   136        9.0000       User: 4      518  133.78%
      0     0       20.6472   124        9.0000       User: 4      645  129.41%
      0     0       20.4517   126        9.0000       User: 4      707  127.24%
      0     0       20.2823   134        9.0000       User: 4      765  125.36%
      0     0       20.0692   132        9.0000       User: 4      824  122.99%
      0     0       19.9253   138        9.0000       User: 4      901  121.39%
*     0+    0                           10.0000       19.9253      901   99.25%
      0     0       19.3907   126       10.0000       User: 4     1032   93.91%
      0     0       19.3193   126       10.0000       User: 4     1086   93.19%
      0     0       19.2969   126       10.0000       User: 4     1125   92.97%
      0     0       19.2873   134       10.0000       User: 4     1137   92.87%
      0     0       19.2551   142       10.0000       User: 4     1190   92.55%
      0     0       19.1418   128       10.0000       User: 4     1292   91.42%
      0     0       19.0913   130       10.0000       User: 4     1370   90.91%
      0     0       18.9864   134       10.0000       User: 4     1460   89.86%
      0     0       18.8729   118       10.0000       User: 4     1542   88.73%
      0     0       18.8261   130       10.0000       User: 4     1605   88.26%
      0     0       18.7978   128       10.0000       User: 4     1638   87.98%
      0     0       18.7150   132       10.0000       User: 4     1694   87.15%
      0     0       18.6708   126       10.0000       User: 4     1745   86.71%
      0     0       18.6371   130       10.0000       User: 4     1788   86.37%
      0     0       18.6247   126       10.0000       User: 4     1826   86.25%
*     0+    0                           11.0000       18.6247     1826   69.32%
      0     0       18.6088   130       11.0000       User: 4     1869   69.17%
      0     0       18.5966   128       11.0000       User: 4     1899   69.06%
      0     0       18.5513   126       11.0000       User: 4     1938   68.65%
      0     0       18.5362   134       11.0000       User: 4     1976   68.51%
      0     0       18.5139   132       11.0000       User: 4     2023   68.31%
      0     0       18.4960   132       11.0000       User: 4     2075   68.15%
      0     0       18.4801   136       11.0000       User: 4     2103   68.00%
      0     0       18.4703   136       11.0000       User: 4     2137   67.91%
      0     0       18.4597   140       11.0000       User: 4     2170   67.82%
      0     0       18.4221   136       11.0000       User: 4     2223   67.47%
      0     0       18.3737   132       11.0000       User: 4     2272   67.03%
      0     0       18.3500   128       11.0000       User: 4     2321   66.82%
      0     0       18.3125   134       11.0000       User: 4     2384   66.48%
      0     0       18.2908   132       11.0000       User: 4     2425   66.28%
      0     0       18.2821   126       11.0000       User: 4     2459   66.20%
      0     0       18.2670   128       11.0000       User: 4     2497   66.06%
      0     0       18.2176   132       11.0000       User: 4     2575   65.61%
      0     0       18.1018   132       11.0000       User: 4     2655   64.56%
      0     0       18.0730   138       11.0000       User: 4     2717   64.30%
      0     0       18.0344   134       11.0000       User: 4     2767   63.95%
      0     0       18.0151   140       11.0000       User: 4     2818   63.77%
      0     0       17.9610   138       11.0000       User: 4     2884   63.28%
      0     0       17.8696   132       11.0000       User: 4     2977   62.45%
*     0+    0                           11.0000       17.8696     2977   62.45%
      0     0       17.8358   142       11.0000       User: 4     3027   62.14%
      0     0       17.7885   136       11.0000       User: 4     3071   61.71%
      0     0       17.7238   132       11.0000       User: 4     3138   61.13%
      0     0       17.6779   128       11.0000       User: 4     3217   60.71%
      0     0       17.5465   130       11.0000       User: 4     3335   59.51%
      0     0       17.5333   128       11.0000       User: 4     3378   59.39%
      0     0       17.5220   130       11.0000       User: 4     3416   59.29%
      0     0       17.5049   136       11.0000       User: 4     3448   59.14%
      0     0       17.4865   136       11.0000       User: 4     3490   58.97%
      0     0       17.4582   134       11.0000       User: 4     3533   58.71%
      0     0       17.4486   136       11.0000       User: 4     3559   58.62%
      0     0       17.4119   130       11.0000       User: 4     3658   58.29%
      0     0       17.3983   132       11.0000       User: 4     3718   58.17%
      0     0       17.3943   132       11.0000       User: 4     3743   58.13%
      0     0       17.3844   128       11.0000       User: 4     3785   58.04%
      0     0       17.3765   138       11.0000       User: 4     3816   57.97%
      0     0       17.3742   136       11.0000       User: 4     3841   57.95%
      0     0       17.3604   140       11.0000       User: 4     3886   57.82%
      0     0       17.3502   144       11.0000       User: 4     3915   57.73%
      0     0       17.3444   136       11.0000       User: 4     3952   57.68%
      0     0       17.3376   144       11.0000       User: 4     3984   57.61%
      0     0       17.3334   144       11.0000       User: 4     4009   57.58%
      0     0       17.3298   144       11.0000       User: 4     4031   57.54%
      0     0       17.3157   138       11.0000       User: 4     4073   57.42%
      0     0       17.3023   142       11.0000       User: 4     4124   57.29%
      0     0       17.2865   142       11.0000       User: 4     4172   57.15%
      0     0       17.2769   140       11.0000       User: 4     4221   57.06%
      0     0       17.2742   142       11.0000       User: 4     4249   57.04%
      0     0       17.2659   146       11.0000       User: 4     4285   56.96%
      0     0       17.2543   146       11.0000       User: 4     4320   56.86%
      0     0       17.2423   142       11.0000       User: 4     4353   56.75%
      0     0       17.2207   144       11.0000       User: 4     4415   56.55%
      0     0       17.2102   146       11.0000       User: 4     4452   56.46%
      0     0       17.2025   140       11.0000       User: 4     4498   56.39%
      0     0       17.1893   142       11.0000       User: 4     4553   56.27%
      0     0       17.1757   148       11.0000       User: 4     4599   56.14%
      0     0       17.1724   150       11.0000       User: 4     4630   56.11%
      0     0       17.1720   154       11.0000       User: 4     4639   56.11%
      0     0       17.1704   150       11.0000       User: 4     4651   56.09%
      0     0       17.1613   146       11.0000       User: 4     4677   56.01%
      0     0       17.1495   148       11.0000       User: 4     4715   55.90%
      0     0       17.1449   148       11.0000       User: 4     4733   55.86%
      0     0       17.1443   150       11.0000       User: 4     4746   55.86%
      0     0       17.1362   148       11.0000       User: 4     4773   55.78%
      0     0       17.1302   150       11.0000       User: 4     4800   55.73%
      0     0       17.1263   150       11.0000       User: 4     4820   55.69%
      0     0       17.1096   150       11.0000       User: 4     4861   55.54%
      0     0       17.0909   144       11.0000       User: 4     4897   55.37%
      0     0       17.0861   148       11.0000       User: 4     4935   55.33%
      0     0       17.0661   150       11.0000       User: 4     4964   55.15%
      0     0       17.0311   154       11.0000       User: 4     5031   54.83%
      0     0       17.0207   154       11.0000       User: 4     5078   54.73%
      0     0       16.9961   156       11.0000       User: 4     5117   54.51%
      0     0       16.9935   152       11.0000       User: 4     5132   54.49%
      0     0       16.9865   152       11.0000       User: 4     5164   54.42%
      0     0       16.9858   156       11.0000       User: 4     5177   54.42%
      0     0       16.9742   158       11.0000       User: 4     5215   54.31%
      0     0       16.9703   156       11.0000       User: 4     5237   54.28%
      0     0       16.9670   154       11.0000       User: 4     5254   54.25%
      0     0       16.9654   154       11.0000       User: 4     5262   54.23%
      0     0       16.9649   154       11.0000       User: 4     5268   54.23%
      0     0       16.9618   148       11.0000       User: 4     5300   54.20%
      0     0       16.9589   156       11.0000       User: 4     5322   54.17%
      0     0       16.9510   150       11.0000       User: 4     5353   54.10%
      0     0       16.9507   148       11.0000       User: 4     5362   54.10%
      0     0       16.9456   152       11.0000       User: 4     5385   54.05%
      0     0       16.9454   154       11.0000       User: 4     5402   54.05%
      0     0       16.9312   156       11.0000       User: 4     5435   53.92%
      0     0       16.9041   158       11.0000       User: 4     5494   53.67%
      0     0       16.8370   150       11.0000       User: 4     5591   53.06%
      0     0       16.8157   156       11.0000       User: 4     5648   52.87%
      0     0       16.7979   152       11.0000       User: 4     5690   52.71%
      0     0       16.7827   156       11.0000       User: 4     5746   52.57%
      0     0       16.7706   154       11.0000       User: 4     5795   52.46%
      0     0       16.7585   156       11.0000       User: 4     5826   52.35%
      0     0       16.7535   156       11.0000       User: 4     5849   52.30%
      0     0       16.7525   154       11.0000       User: 4     5859   52.30%
      0     0       16.7482   156       11.0000       User: 4     5877   52.26%
      0     0       16.7239   156       11.0000       User: 4     5907   52.04%
      0     0       16.7176   154       11.0000       User: 4     5928   51.98%
      0     0       16.7140   156       11.0000       User: 4     5951   51.95%
      0     0       16.6899   158       11.0000       User: 4     5992   51.73%
      0     0       16.6842   160       11.0000       User: 4     6006   51.67%
      0     0       16.6817   152       11.0000       User: 4     6024   51.65%
      0     0       16.6781   154       11.0000       User: 4     6043   51.62%
      0     0       16.6749   158       11.0000       User: 4     6069   51.59%
      0     0       16.6602   156       11.0000       User: 4     6106   51.46%
      0     0       16.6533   152       11.0000       User: 4     6126   51.39%
      0     0       16.6456   153       11.0000       User: 4     6146   51.32%
      0     0       16.6375   154       11.0000       User: 4     6169   51.25%
      0     0       16.6362   154       11.0000       User: 4     6179   51.24%
      0     0       16.6339   154       11.0000       User: 4     6196   51.22%
      0     0       16.6321   154       11.0000       User: 4     6216   51.20%
      0     0       16.6241   152       11.0000       User: 4     6248   51.13%
      0     0       16.6116   154       11.0000       User: 4     6284   51.01%
      0     0       16.5988   153       11.0000       User: 4     6328   50.90%
      0     0       16.5777   152       11.0000       User: 4     6385   50.71%
      0     0       16.5623   154       11.0000       User: 4     6425   50.57%
      0     0       16.5582   152       11.0000       User: 4     6453   50.53%
      0     0       16.5558   150       11.0000       User: 4     6478   50.51%
      0     0       16.5535   151       11.0000       User: 4     6503   50.49%
      0     0       16.5520   152       11.0000       User: 4     6525   50.47%
      0     0       16.5500   153       11.0000       User: 4     6542   50.45%
      0     0       16.5466   155       11.0000       User: 4     6564   50.42%
      0     0       16.5396   156       11.0000       User: 4     6597   50.36%
      0     0       16.5210   154       11.0000       User: 4     6641   50.19%
      0     0       16.5018   152       11.0000       User: 4     6677   50.02%
      0     0       16.4829   153       11.0000       User: 4     6720   49.84%
      0     0       16.4635   154       11.0000       User: 4     6759   49.67%
      0     0       16.4565   155       11.0000       User: 4     6786   49.60%
      0     0       16.4459   155       11.0000       User: 4     6811   49.51%
      0     0       16.4291   153       11.0000       User: 4     6841   49.36%
      0     0       16.4108   153       11.0000       User: 4     6873   49.19%
      0     0       16.3950   154       11.0000       User: 4     6908   49.05%
      0     0       16.3886   155       11.0000       User: 4     6945   48.99%
      0     0       16.3809   153       11.0000       User: 4     6987   48.92%
      0     0       16.3691   152       11.0000       User: 4     7035   48.81%
      0     0       16.3606   154       11.0000       User: 4     7075   48.73%
      0     0       16.3550   154       11.0000       User: 4     7104   48.68%
      0     0       16.3500   156       11.0000       User: 4     7134   48.64%
      0     0       16.3458   158       11.0000       User: 4     7163   48.60%
      0     0       16.3412   160       11.0000       User: 4     7195   48.56%
      0     0       16.3371   161       11.0000       User: 4     7219   48.52%
      0     0       16.3343   161       11.0000       User: 4     7239   48.49%
      0     0       16.3329   161       11.0000       User: 4     7253   48.48%
      0     0       16.3306   161       11.0000       User: 4     7263   48.46%
      0     0       16.3246   160       11.0000       User: 4     7279   48.41%
      0     0       16.3141   160       11.0000       User: 4     7301   48.31%
      0     0       16.3074   161       11.0000       User: 4     7317   48.25%
      0     0       16.2997   160       11.0000       User: 4     7338   48.18%
      0     0       16.2915   159       11.0000       User: 4     7365   48.10%
      0     0       16.2906   159       11.0000       User: 4     7380   48.10%
      0     0       16.2892   159       11.0000       User: 4     7394   48.08%
      0     0       16.2802   160       11.0000       User: 4     7418   48.00%
      0     0       16.2657   161       11.0000       User: 4     7449   47.87%
      0     0       16.2572   161       11.0000       User: 4     7474   47.79%
      0     0       16.2284   159       11.0000       User: 4     7510   47.53%
      0     0       16.1889   157       11.0000       User: 4     7551   47.17%
      0     0       16.1752   156       11.0000       User: 4     7581   47.05%
      0     0       16.1732   154       11.0000       User: 4     7598   47.03%
      0     0       16.1606   155       11.0000       User: 4     7631   46.91%
      0     0       16.1275   159       11.0000       User: 4     7677   46.61%
      0     0       16.1017   158       11.0000       User: 4     7714   46.38%
      0     0       16.0911   154       11.0000       User: 4     7746   46.28%
      0     0       16.0827   153       11.0000       User: 4     7775   46.21%
      0     0       16.0724   153       11.0000       User: 4     7810   46.11%
      0     0       16.0587   155       11.0000       User: 4     7844   45.99%
      0     0       16.0466   157       11.0000       User: 4     7873   45.88%
      0     0       16.0444   156       11.0000       User: 4     7889   45.86%
      0     0       16.0410   156       11.0000       User: 4     7908   45.83%
      0     0       16.0139   158       11.0000       User: 4     7959   45.58%
      0     0       15.9905   156       11.0000       User: 4     8001   45.37%
      0     0       15.9658   156       11.0000       User: 4     8047   45.14%
      0     0       15.9634   155       11.0000       User: 4     8065   45.12%
      0     0       15.9529   152       11.0000       User: 4     8091   45.03%
      0     0       15.9420   151       11.0000       User: 4     8121   44.93%
      0     0       15.9293   153       11.0000       User: 4     8161   44.81%
      0     0       15.9245   155       11.0000       User: 4     8185   44.77%
      0     0       15.9182   154       11.0000       User: 4     8212   44.71%
      0     0       15.9140   156       11.0000       User: 4     8237   44.67%
      0     0       15.9094   152       11.0000       User: 4     8265   44.63%
      0     0       15.8619   153       11.0000       User: 4     8328   44.20%
      0     0       15.8596   155       11.0000       User: 4     8338   44.18%
      0     0       15.8551   155       11.0000       User: 4     8362   44.14%
      0     0       15.8513   157       11.0000       User: 4     8375   44.10%
      0     0       15.8458   154       11.0000       User: 4     8396   44.05%
      0     0       15.8443   154       11.0000       User: 4     8406   44.04%
      0     0       15.8420   155       11.0000       User: 4     8427   44.02%
      0     0       15.8410   157       11.0000       User: 4     8441   44.01%
      0     0       15.8375   156       11.0000       User: 4     8460   43.98%
      0     0       15.8358   155       11.0000       User: 4     8474   43.96%
      0     0       15.8314   157       11.0000       User: 4     8495   43.92%
      0     0       15.8229   156       11.0000       User: 4     8524   43.84%
      0     0       15.8191   156       11.0000       User: 4     8541   43.81%
      0     0       15.8182   155       11.0000       User: 4     8546   43.80%
      0     0       15.8178   155       11.0000       User: 2     8552   43.80%
      0     0       15.8156   157       11.0000       User: 2     8561   43.78%
      0     0       15.8137   157       11.0000       User: 2     8574   43.76%
      0     0       15.8134   157       11.0000       User: 2     8578   43.76%
      0     0       15.8134   157       11.0000       User: 2     8580   43.76%
      0     0       15.8132   157       11.0000       User: 2     8582   43.76%
      0     0       15.8130   157       11.0000       User: 2     8587   43.75%
      0     0       15.8088   157       11.0000       User: 2     8605   43.72%
      0     0       15.8081   157       11.0000       User: 2     8614   43.71%
      0     0       15.8081   157       11.0000       User: 2     8618   43.71%
      0     0       15.8080   157       11.0000       User: 2     8621   43.71%
      0     2       15.8080   157       11.0000       15.8059     8621   43.69%                        0             0
Elapsed real time =   8.17 sec. (tree size =  0.00 MB, solutions = 5)
      2     4       15.6901   151       11.0000       15.7987     8968   43.62%            id32 D      2      1      2
      5     7       15.3693   152       11.0000       15.7987     9971   43.62%            id96 D      5      4      5
     12    14       14.7138   143       11.0000       15.7987    11678   43.62%            id18 D     12     11     12
     24    26       13.0837    82       11.0000       15.7987    13977   43.62%            id37 U     24     22     23
     33    35       13.3219   125       11.0000       15.7987    16122   43.62%            id51 D     33     31     31
     45    43       12.2840   118       11.0000       15.7987    18751   43.62%           id112 D     45     44     41
     55    50       13.5934   100       11.0000       15.7387    20958   43.08%            id32 D     55     54      3
     61    54       13.0496    93       11.0000       15.7387    22821   43.08%            id18 D     61     59      8
     67    58       12.5858    89       11.0000       15.7387    25045   43.08%            id43 D     67     66     13
*    70+   39                           12.0000       15.7387    25671   31.16%
     93    45        cutoff             12.0000       15.2431    32488   27.03%            id78 U     93      6      7
Elapsed real time =  13.47 sec. (tree size =  0.27 MB, solutions = 6)
    131    23        cutoff             12.0000       13.5550    39834   12.96%           id144 U    131     72      4

User cuts applied:  2838

Root node processing (before b&c):
  Real time             =    7.78
Sequential b&c:
  Real time             =    7.35
                          -------
Total (root+branch&cut) =   15.13 sec.
Solution status = Optimal
Solution value  = 12
GAP             = 0%
Heuristica 1 : 210
Heuristica 2 : 110
A = [ 0 1 0 0 0 0 0 0 0 0 0 0 0 1 0 0 0 0 0 1 0 0 0 0 0 0 1 0 0 1 0 0 0 0 0 0 0 0 0 0 0 0 0 1 0 0 0 0 0 0 0 0 0 0 0 0 0 0 0 0 0 0 0 0 0 0 0 0 0 0 0 0 0 0 0 0 0 0 0 0 ]
B = [ 0 0 0 0 0 0 0 0 1 0 0 0 0 0 0 0 0 0 0 0 0 0 0 0 0 0 0 0 0 0 0 0 0 0 1 0 1 0 0 0 0 1 0 0 0 0 0 0 0 0 0 1 0 0 0 0 0 0 0 0 0 1 0 0 0 0 0 0 0 0 0 0 0 0 0 0 0 0 0 0 ]
