LINE 15
DIMENSOES 100 1485
N cortes 3
Found feasible solution after 0.00 sec.  Objective = 0.0000
Clique table members: 1108.
MIP emphasis: balance optimality and feasibility.
MIP search method: traditional branch-and-cut.
Parallel mode: none, using 1 thread.
Root relaxation solution time =    0.07 sec.

        Nodes                                         Cuts/
   Node  Left     Objective  IInf  Best Integer    Best Bound    ItCnt     Gap         Variable B NodeID Parent  Depth

*     0+    0                            0.0000                    703     --- 
*     0+    0                           20.0000                    703     --- 
*     0+    0                           21.0000                    703     --- 
      0     0       50.1629   195       21.0000       50.1629      703  138.87%
*     0+    0                           23.0000       50.1629      703  118.10%
*     0+    0                           24.0000       50.1629      703  109.01%
      0     0       49.4398   194       24.0000      User: 12      818  106.00%
      0     0       48.9072   194       24.0000      User: 12      911  103.78%
      0     0       48.5163   194       24.0000      User: 12     1013  102.15%
      0     0       48.1830   196       24.0000      User: 12     1116  100.76%
      0     0       47.8447   192       24.0000      User: 12     1223   99.35%
      0     0       47.6773   196       24.0000      User: 12     1309   98.66%
      0     0       47.4318   196       24.0000      User: 12     1374   97.63%
*     0+    0                           25.0000       47.4318     1374   89.73%
      0     0       47.3104   194       25.0000      User: 12     1420   89.24%
      0     0       47.1497   196       25.0000      User: 12     1465   88.60%
      0     0       47.0053   197       25.0000      User: 12     1519   88.02%
      0     0       46.8340   197       25.0000      User: 12     1584   87.34%
      0     0       46.7366   195       25.0000      User: 12     1630   86.95%
      0     0       46.5954   196       25.0000      User: 12     1700   86.38%
      0     0       46.4981   198       25.0000      User: 12     1744   85.99%
      0     0       46.4117   198       25.0000      User: 12     1796   85.65%
      0     0       46.2421   198       25.0000      User: 12     1848   84.97%
      0     0       46.0964   198       25.0000      User: 12     1899   84.39%
      0     0       46.0172   199       25.0000      User: 12     1943   84.07%
      0     0       45.9436   200       25.0000      User: 12     1985   83.77%
      0     0       45.8416   201       25.0000      User: 10     2027   83.37%
      0     0       45.7966   199       25.0000      User: 10     2066   83.19%
      0     0       45.7004   200       25.0000      User: 12     2114   82.80%
      0     0       45.4806   201       25.0000      User: 12     2188   81.92%
      0     0       45.2721   198       25.0000      User: 10     2268   81.09%
      0     0       45.1789   200       25.0000      User: 10     2316   80.72%
      0     0       45.0854   198       25.0000      User: 10     2371   80.34%
      0     0       44.9664   197       25.0000      User: 10     2428   79.87%
      0     0       44.8992   199       25.0000      User: 10     2479   79.60%
      0     0       44.8015   199       25.0000      User: 10     2527   79.21%
      0     0       44.7067   200       25.0000      User: 10     2598   78.83%
      0     0       44.5675   200       25.0000      User: 12     2666   78.27%
      0     0       44.3429   198       25.0000      User: 12     2741   77.37%
      0     0       44.2881   198       25.0000      User: 10     2773   77.15%
      0     0       44.2068   198       25.0000      User: 10     2815   76.83%
      0     0       44.1198   199       25.0000      User: 12     2875   76.48%
      0     0       44.0426   200       25.0000      User: 10     2923   76.17%
      0     0       43.9014   200       25.0000      User: 12     2985   75.61%
      0     0       43.8699   201       25.0000      User: 12     3020   75.48%
      0     0       43.7985   199       25.0000      User: 12     3072   75.19%
      0     0       43.6960   197       25.0000       User: 6     3133   74.78%
      0     0       43.6825   196       25.0000       User: 8     3165   74.73%
      0     0       43.6085   199       25.0000       User: 8     3208   74.43%
      0     0       43.4767   197       25.0000      User: 10     3271   73.91%
      0     0       43.4358   198       25.0000      User: 10     3299   73.74%
      0     0       43.4277   200       25.0000      User: 10     3324   73.71%
      0     0       43.3842   201       25.0000      User: 10     3359   73.54%
      0     0       43.3203   199       25.0000       User: 6     3384   73.28%
      0     0       43.3120   200       25.0000       User: 4     3397   73.25%
      0     0       43.3057   200       25.0000       User: 4     3416   73.22%
      0     0       43.2682   201       25.0000       User: 6     3450   73.07%
      0     0       43.2485   199       25.0000       User: 6     3476   72.99%
      0     0       43.2234   199       25.0000       User: 6     3493   72.89%
      0     0       43.2133   199       25.0000       User: 6     3506   72.85%
      0     0       43.2094   200       25.0000       User: 4     3517   72.84%
      0     0       43.2071   199       25.0000       User: 6     3527   72.83%
      0     0       43.1535   200       25.0000       User: 6     3557   72.61%
      0     0       43.1065   198       25.0000       User: 4     3578   72.43%
      0     0       43.0838   200       25.0000       User: 6     3608   72.34%
      0     0       43.0784   199       25.0000       User: 4     3622   72.31%
      0     0       43.0360   200       25.0000       User: 6     3658   72.14%
      0     0       43.0319   200       25.0000       User: 2     3672   72.13%
      0     0       43.0310   199       25.0000       User: 4     3679   72.12%
      0     0       43.0299   200       25.0000       User: 4     3686   72.12%
      0     0       43.0284   200       25.0000       User: 2     3696   72.11%
*     0+    0                           27.0000       43.0284     3696   59.36%
      0     2       43.0284   200       27.0000       43.0260     3696   59.36%                        0             0
Elapsed real time =   2.23 sec. (tree size =  0.00 MB, solutions = 7)
      2     4       42.3595   197       27.0000       43.0083     4257   59.29%           id109 D      2      1      2
      4     6       42.0984   196       27.0000       43.0083     4975   59.29%             id3 D      4      2      3
     14    16       36.7122   154       27.0000       43.0083     8502   59.29%            id23 U     14     12     10
     30    32       31.8080   102       27.0000       43.0083    11240   59.29%           id157 D     30     29     21
     45    39       38.0227   164       27.0000       42.3582    14217   56.88%           id109 D     45     44      3
     60    54       35.0478   151       27.0000       42.3582    15745   56.88%            id87 D     60     59     17
     73    67       30.2642    98       27.0000       42.3582    18194   56.88%           id159 U     73     71     26
     97    87       38.2804   167       27.0000       41.9469    21127   55.36%             id3 U     97      2      3
    105    95       36.3284   159       27.0000       41.9469    22142   55.36%           id159 D    105    104     11
    200   186       28.7631   105       27.0000       41.7924    30662   54.79%            id74 D    200    199     47
Elapsed real time =   8.17 sec. (tree size =  0.76 MB, solutions = 7)
    280   256       34.0951   145       27.0000       41.2233    38466   52.68%           id141 D    280    279     19
    345   315       30.6989   129       27.0000       40.7525    46823   50.94%            id98 D    345    344     42
    440   402       35.3080   170       27.0000       39.7515    55940   47.23%           id176 D    440    439     31
    549   504       35.3479   140       27.0000       39.6754    65360   46.95%             id3 U    549      3      3
    633   578       37.0484   161       27.0000       39.2222    73618   45.27%            id63 D    633    632     14
    725   662       36.7261   159       27.0000       38.8845    82433   44.02%            id63 U    725    423     15
    817   742       36.6034   163       27.0000       38.6393    91828   43.11%            id93 U    817    424     16
    896   817       29.3621   118       27.0000       38.6012    98654   42.97%            id14 D    896    895     32
    970   877       34.3122   151       27.0000       38.3716   107419   42.12%            id79 D    970    969     28
   1052   951       28.0193    96       27.0000       38.2795   116242   41.78%           id142 D   1052   1051     39
Elapsed real time =  26.71 sec. (tree size =  2.36 MB, solutions = 7)
   1155  1044       28.4255   121       27.0000       38.2159   125572   41.54%           id200 D   1155   1154     47
   1221  1102       28.6398   110       27.0000       38.2022   132925   41.49%           id120 D   1221   1220     30
   1309  1178       34.2225   134       27.0000       38.0011   141018   40.74%            id38 U   1309    496      7
   1396  1258       28.4207   105       27.0000       37.9485   149169   40.55%           id126 D   1396   1395     32
   1475  1327       29.0502   110       27.0000       37.7981   156825   39.99%            id79 D   1475   1474     26
   1522  1368       28.5473    79       27.0000       37.7465   163081   39.80%            id67 D   1522   1521     42
   1607  1441       29.6200   108       27.0000       37.6406   170775   39.41%            id27 D   1607   1606     27
   1701  1521       30.1896   113       27.0000       37.5545   178836   39.09%            id79 D   1701   1700     27
   1801  1609       33.6846   149       27.0000       37.4224   187449   38.60%            id58 D   1801   1800     25
   1884  1685       31.2781   129       27.0000       37.3780   195737   38.44%            id60 D   1884   1883     21
Elapsed real time =  45.53 sec. (tree size =  3.47 MB, solutions = 7)
   1972  1761       33.8073   134       27.0000       37.2634   203740   38.01%             id1 D   1972   1971      9
   2057  1834       34.2738   136       27.0000       37.2483   211855   37.96%           id129 D   2057   2056     17
   2144  1913       31.5637   122       27.0000       37.1736   219203   37.68%            id60 D   2144   2143     24
   2230  1986       31.7866   111       27.0000       37.0970   226841   37.40%             id8 U   2230   2229     11
   2309  2052       33.4158   136       27.0000       37.0366   234574   37.17%           id112 D   2309   2308     18
   2378  2111       32.4989   132       27.0000       36.9786   241934   36.96%           id108 D   2378   2377     14
   2483  2204       33.1692   128       27.0000       36.9266   250392   36.77%             id1 U   2483   1115      8
   2563  2276       31.3167   127       27.0000       36.8955   258038   36.65%           id155 D   2563   2562     22
   2650  2355       28.4051   118       27.0000       36.8460   265544   36.47%           id142 D   2650   2649     61
   2709  2407       28.7432    89       27.0000       36.7799   272895   36.22%           id159 U   2709   2707     28
Elapsed real time =  64.62 sec. (tree size =  4.66 MB, solutions = 7)
   2785  2468       32.8947   132       27.0000       36.7404   280179   36.08%           id157 U   2785    906     10
   2846  2521       32.9767   109       27.0000       36.7250   286681   36.02%           id128 D   2846   2844     23
   2910  2567       33.6906   136       27.0000       36.6878   293610   35.88%            id87 D   2910   2909     20
   2992  2640       30.9220   124       27.0000       36.6780   301019   35.84%           id200 D   2992   2991     30
   3058  2697       31.4445   128       27.0000       36.6435   308032   35.72%           id200 D   3058   3057     26
   3141  2768       28.2540   109       27.0000       36.6062   315428   35.58%            id19 D   3141   3140     37
   3200  2819       28.1591    98       27.0000       36.5694   322352   35.44%            id22 U   3200   3198     34
   3276  2879       32.8674   146       27.0000       36.4972   329468   35.17%           id143 U   3276    434     26
   3350  2945       29.8520    99       27.0000       36.4676   336433   35.07%            id58 D   3350   3349     24
   3425  3006       32.4637   130       27.0000       36.4195   343424   34.89%            id91 D   3425   3424     21
Elapsed real time =  84.09 sec. (tree size =  5.66 MB, solutions = 7)
   3494  3063       29.1401   112       27.0000       36.3955   350456   34.80%            id79 D   3494   3493     34
   3604  3159       33.7340   136       27.0000       36.3441   358684   34.61%            id93 U   3604    217     13
   3670  3221       29.3053   112       27.0000       36.3231   365601   34.53%            id22 D   3670   3669     37
   3732  3271       33.2721   136       27.0000       36.3018   372222   34.45%            id60 D   3732   3731     23
   3806  3337       33.5882   136       27.0000       36.2733   379412   34.35%           id112 U   3806   3803     16
   3877  3398       34.1554   135       27.0000       36.2418   386966   34.23%           id191 U   3877    593     13
   3960  3474       31.1383   121       27.0000       36.2278   394231   34.18%           id110 D   3960   3959     29
   4049  3547       30.4975   125       27.0000       36.1890   401095   34.03%           id134 D   4049   4048     27
*  4068  1754      integral     0       30.0000       36.1717   403730   20.57%            id63 U   4068   4067     17
   4132  1799       31.9269   116       30.0000       36.0685   411087   20.23%           id155 U   4132     17     13
Elapsed real time = 102.30 sec. (tree size =  4.02 MB, solutions = 8)
   4197  1843       31.9734   126       30.0000       36.0301   418629   20.10%           id155 D   4197   4196     20
   4262  1886       33.0032   130       30.0000       35.9618   425627   19.87%           id108 D   4262   4261     17
   4326  1928       34.4323   146       30.0000       35.9229   432703   19.74%             id8 U   4326   3800     13
   4393  1979       31.3162   114       30.0000       35.9142   439682   19.71%             id4 D   4393   4392     31
   4450  2011       32.8875   132       30.0000       35.8206   446661   19.40%           id126 D   4450   4449     28
   4510  2055       31.6842   126       30.0000       35.7752   453486   19.25%           id128 D   4510   4509     27
   4568  2091       31.5724   106       30.0000       35.6919   459978   18.97%            id93 D   4568   4567      9
   4646  2139        cutoff             30.0000       35.6276   466987   18.76%           id128 D   4646   4645     33
   4702  2173       33.0872   130       30.0000       35.5745   474126   18.58%            id31 U   4702    506     17
   4753  2206       31.1594   124       30.0000       35.5368   480595   18.46%           id134 D   4753   4752     29
Elapsed real time = 121.69 sec. (tree size =  4.48 MB, solutions = 8)
   4818  2245       32.7151   128       30.0000       35.4892   486630   18.30%           id129 U   4818    729     20
   4875  2277       31.7418   114       30.0000       35.4401   493494   18.13%            id31 D   4875   4874     18
   4938  2316       32.2040   125       30.0000       35.3846   500117   17.95%            id31 U   4938    322     20
   5005  2353       32.1953   130       30.0000       35.3324   507076   17.77%           id159 D   5005   5004     25
   5081  2401       31.8504   128       30.0000       35.2778   514522   17.59%            id60 D   5081   5080     26
   5140  2432       32.7065   131       30.0000       35.1761   521277   17.25%             id8 U   5140    508     19
   5189  2458       31.0000    34       30.0000       35.1462   527744   17.15%           id126 U   5189   5188     21
   5229  2477       32.5338   134       30.0000       35.1000   533542   17.00%            id31 D   5229   5228     25
   5290  2516       32.4144   121       30.0000       35.0583   540558   16.86%            id87 U   5290    277     17
   5350  2555       31.7389   126       30.0000       35.0082   547506   16.69%           id120 U   5350     60     18
Elapsed real time = 141.40 sec. (tree size =  6.08 MB, solutions = 8)
   5403  2572       31.8877   120       30.0000       34.9590   553670   16.53%           id126 U   5403    732     23
   5457  2603       32.1749   141       30.0000       34.9141   560254   16.38%            id99 D   5457   5456     35
   5506  2630       32.4314   129       30.0000       34.8893   566882   16.30%            id87 U   5506    376     21
   5574  2671       31.6296   128       30.0000       34.8594   573878   16.20%           id188 D   5574   5573     26
   5636  2705       31.8801   120       30.0000       34.8251   580440   16.08%           id110 D   5636   5635     29
   5699  2745       31.5872   127       30.0000       34.7610   587416   15.87%             id5 D   5699   5698     27
   5750  2766       31.8787   114       30.0000       34.7350   593836   15.78%           id128 D   5750   5749     28
   5799  2793       31.7205   127       30.0000       34.7023   599949   15.67%            id58 D   5799   5798     26
   5864  2828       31.1636   114       30.0000       34.6884   606864   15.63%            id60 D   5864   5863     22
   5911  2851       32.5531   116       30.0000       34.6460   612957   15.49%            id87 U   5911    958     19
Elapsed real time = 161.10 sec. (tree size =  7.08 MB, solutions = 8)
   5970  2888       31.4363   125       30.0000       34.6339   619460   15.45%           id120 U   5970    378     23
   6020  2908       32.7198   129       30.0000       34.5862   625315   15.29%           id155 D   6020   6019     27
   6069  2934       31.5635   107       30.0000       34.5725   631379   15.24%           id112 D   6069   6068     16
   6115  2952       32.7067   123       30.0000       34.5386   637533   15.13%           id159 D   6115   6114     21
   6177  2993       33.4012   132       30.0000       34.5238   643751   15.08%             id1 D   6177   6176     11
   6229  3009       31.4390   124       30.0000       34.4914   650369   14.97%            id99 U   6229   2615     27
   6286  3035       32.7764   122       30.0000       34.4666   657021   14.89%           id129 U   6286   4516     14
   6345  3066       32.1377   117       30.0000       34.4172   663455   14.72%           id112 U   6345   3675     18
   6393  3091       32.1259   139       30.0000       34.3966   669736   14.66%            id58 U   6393    446     38
   6601  3186       32.4071   118       30.0000       34.3268   693025   14.42%             id8 U   6601   3909     14
Elapsed real time = 187.25 sec. (tree size =  8.53 MB, solutions = 8)
   6809  3288       33.3487   128       30.0000       34.2343   717217   14.11%           id112 U   6809   3645     14
   7026  3404       33.1139   140       30.0000       34.1627   740365   13.88%            id79 U   7026   2008     27
   7268  3531       31.0164   126       30.0000       34.0914   761573   13.64%           id134 D   7268   7267     30
   7478  3601       31.0592   124       30.0000       33.9743   785346   13.25%           id120 U   7478    173     21
   7674  3671       32.5949   137       30.0000       33.8744   808685   12.91%           id128 U   7674    602     22
   7883  3763       32.9426   119       30.0000       33.8097   832956   12.70%           id112 U   7883   1723     18
   8096  3829       32.1004   124       30.0000       33.7284   852311   12.43%           id129 U   8096   6887     24
   8292  3884        cutoff             30.0000       33.6525   874296   12.17%            id31 U   8292   8291     18
   8532  3972       31.4731   115       30.0000       33.5908   897249   11.97%           id129 D   8532   8531     25
   8739  4023        cutoff             30.0000       33.5227   920926   11.74%            id73 U   8739   7623     14
Elapsed real time = 271.17 sec. (tree size = 25.74 MB, solutions = 8)
   8922  4063       31.0692   128       30.0000       33.4586   942210   11.53%            id22 D   8922   8921     37
   9109  4093       31.4428   103       30.0000       33.3924   964712   11.31%           id112 D   9109   9108     17
   9324  4141       32.1256   123       30.0000       33.3131   983177   11.04%           id128 U   9324    880     17
   9535  4181        cutoff             30.0000       33.2381  1006958   10.79%            id91 U   9535   9533     19
   9700  4174        cutoff             30.0000       33.1829  1029319   10.61%            id93 U   9700   8568     18
   9886  4184       31.2955   100       30.0000       33.1243  1051713   10.41%            id31 D   9886   9885     20
  10080  4194       32.1744   109       30.0000       33.0550  1073576   10.18%            id87 U  10080   1593     14
  10281  4196        cutoff             30.0000       32.9736  1096836    9.91%            id23 U  10281   6590     12
  10459  4196       31.0024   105       30.0000       32.9123  1119883    9.71%           id159 D  10459  10458     20
  10633  4177        cutoff             30.0000       32.8577  1142359    9.53%            id23 U  10633   4070     13
Elapsed real time = 356.03 sec. (tree size = 32.84 MB, solutions = 8)
  10819  4157       32.5470   122       30.0000       32.7967  1164630    9.32%           id191 D  10819   3644     13
  11046  4173       31.0523   113       30.0000       32.7442  1188019    9.15%           id112 U  11046    560     15
  11250  4129        cutoff             30.0000       32.6693  1210819    8.90%           id155 U  11250   3916     21
  11460  4088        cutoff             30.0000       32.5945  1233408    8.65%            id91 U  11460   7586     22
  11655  4034       31.0282   101       30.0000       32.5338  1256597    8.45%             id8 U  11655   5355     12
  11859  3961       31.2238    88       30.0000       32.4621  1279712    8.21%            id22 D  11859  11857     23
  12073  3907        cutoff             30.0000       32.4007  1301469    8.00%            id60 U  12073   6355     25
  12287  3803        cutoff             30.0000       32.3303  1324412    7.77%             id8 U  12287   6682     10
  12497  3700        cutoff             30.0000       32.2582  1344984    7.53%            id38 U  12497   4219      8
  12734  3594       31.2488   109       30.0000       32.1940  1368505    7.31%            id23 D  12734  12733     19
Elapsed real time = 441.67 sec. (tree size = 30.38 MB, solutions = 8)
  12993  3494       31.0228   114       30.0000       32.1229  1392792    7.08%            id31 D  12993  12992     19
  13277  3303        cutoff             30.0000       32.0365  1417793    6.79%            id58 U  13277  11602     27
  13559  3125        cutoff             30.0000       31.9576  1442690    6.53%            id87 U  13559   7742     20
  13878  2862        cutoff             30.0000       31.8721  1467990    6.24%            id60 U  13878  13165     28
  14228  2592        cutoff             30.0000       31.7764  1492852    5.92%           id112 U  14228   8786     12
  14626  2262        cutoff             30.0000       31.6699  1518263    5.57%            id31 U  14626  12699     23
  15087  1849       31.1426   108       30.0000       31.5599  1543330    5.20%             id8 U  15087   7426     11
  15665  1307        cutoff             30.0000       31.4289  1566894    4.76%           id128 U  15665   2957     23
  16409   571        cutoff             30.0000       31.2601  1587082    4.20%            id22 U  16409   7857     37

User cuts applied:  6038

Root node processing (before b&c):
  Real time             =    1.98
Sequential b&c:
  Real time             =  511.95
                          -------
Total (root+branch&cut) =  513.93 sec.
Solution status = Optimal
Solution value  = 30
GAP             = 0%
Heuristica 1 : 8726
Heuristica 2 : 841
A = [ 0 0 0 0 0 0 0 1 0 0 0 1 0 0 0 0 1 0 1 0 0 0 0 0 0 0 1 0 0 0 1 0 0 0 0 0 0 0 1 0 1 0 0 1 0 0 0 0 1 0 0 0 0 0 0 0 0 0 1 1 0 1 1 0 0 0 0 0 1 0 0 0 0 0 0 0 0 0 0 0 0 0 0 0 0 1 0 0 0 0 0 0 0 0 0 0 0 0 0 0 ]
B = [ 0 0 0 0 0 1 0 0 0 0 0 0 0 1 1 0 0 0 0 1 0 0 0 0 0 1 0 0 0 0 0 0 0 0 0 0 0 0 0 0 0 1 0 0 0 0 0 1 0 0 0 0 0 0 0 0 0 0 0 0 0 0 0 0 0 0 0 1 0 0 0 0 0 1 0 0 0 0 1 0 0 0 0 0 0 0 0 1 0 1 0 0 1 0 0 0 0 0 0 1 ]
